x,y,z
0,0,0
0,0,0
0,0,0
0,0,0
0,0,0
0,0,0
0,0,0
0,0,0
0,0,0
0,0,0
0,0,0
0,0,0
0,0,0
0,0,0
0,0,0
0,0,0
0,0,0
0,0,0
0,0,0
0,0,0
0,0,0
0,0,0
0,0,0
0,0,0
0,0,0
0,0,0
0,0,0
0,0,0
0,0,0
0,0,0
0,0,0
0,0,0
0,0,0
0,0,0
0,0,0
0,0,0
0,0,0
0,0,0
0,0,0
0,0,0
0,0,0
0,0,0
0,0,0
0,0,0
0,0,0
0,0,0
0,0,0
0,0,0
0,0,0
0,0,0
0,0,0
0,0,0
0,0,0
0,0,0
0,0,0
0,0,0
0,0,0
0,0,0
0,0,0
0,0,0
0,0,0
0,0,0
0,0,0
0,0,0
0,0,0
0,0,0
0,0,0
0,0,0
0,0,0
0,0,0
0,0,0
0,0,0
0,0,0
0,0,0
0,0,0
0,0,0
0,0,0
0,0,0
0,0,0
0,0,0
0,0,0
0,0,0
0,0,0
0,0,0
0,0,0
0,0,0
0,0,0
0,0,0
0,0,0
0,0,0
0,0,0
0,0,0
0,0,0
0,0,0
0,0,0
0,0,0
0,0,0
0,0,0
0,0,0
0,0,0
0,0,0
0,0,0
0,0,0
0,0,0
0,0,0
0,0,0
0,0,0
0,0,0
0,0,0
0,0,0
0,0,0
0,0,0
0,0,0
0,0,0
0,0,0
0,0,0
0,0,0
0,0,0
0,0,0
0,0,0
0,0,0
0,0,0
0,0,0
0,0,0
0,0,0
0,0,0
0,0,0
0,0,0
0,0,0
0,0,0
0,0,0
0,0,0
0,0,0
0,0,0
0,0,0
0,0,0
0,0,0
0,0,0
0,0,0
0,0,0
0,0,0
0,0,0
0,0,0
0,0,0
0,0,0
0,0,0
0,0,0
0,0,0
0,0,0
0,0,0
0,0,0
0,0,0
0,0,0
0,0,0
0,0,0
0,0,0
0,0,0
0,0,0
0,0,0
0,0,0
0,0,0
0,0,0
0,0,0
0,0,0
0,0,0
0,0,0
0,0,0
0,0,0
0,0,0
0,0,0
0,0,0
0,0,0
0,0,0
0,0,0
0,0,0
0,0,0
0,0,0
0,0,0
0,0,0
0,0,0
0,0,0
0,0,0
0,0,0
0,0,0
0,0,0
0,0,0
0,0,0
0,0,0
0,0,0
0,0,0
0,0,0
0,0,0
0,0,0
0,0,0
0,0,0
0,0,0
0,0,0
0,0,0
0,0,0
0,0,0
0,0,0
0,0,0
0,0,0
0,0,0
0,0,0
0,0,0
0,0,0
0,0,0
0,0,0
0,0,0
0,0,0
0,0,0
0,0,0
0,0,0
0,0,0
0,0,0
0,0,0
0,0,0
0,0,0
0,0,0
0,0,0
0,0,0
0,0,0
0,0,0
0,0,0
0,0,0
0,0,0
0,0,0
0,0,0
0,0,0
0,0,0
0,0,0
0,0,0
0,0,0
0,0,0
0,0,0
0,0,0
0,0,0
0,0,0
0,0,0
0,0,0
0,0,0
0,0,0
0,0,0
0,0,0
0,0,0
0,0,0
0,0,0
0,0,0
0,0,0
0,0,0
0,0,0
0,0,0
0,0,0
0,0,0
0,0,0
0,0,0
0,0,0
0,0,0
0,0,0
0,0,0
0,0,0
0,0,0
0,0,0
0,0,0
0,0,0
0,0,0
0,0,0
0,0,0
0,0,0
0,0,0
0,0,0
0,0,0
0,0,0
0,0,0
0,0,0
0,0,0
0,0,0
0,0,0
0,0,0
0,0,0
0,0,0
0,0,0
0,0,0
0,0,0
0,0,0
0,0,0
0,0,0
0,0,0
0,0,0
0,0,0
0,0,0
0,0,0
0,0,0
0,0,0
0,0,0
0,0,0
0,0,0
0,0,0
0,0,0
0,0,0
0,0,0
0,0,0
0,0,0
0,0,0
0,0,0
0,0,0
0,0,0
0,0,0
0,0,0
0,0,0
0,0,0
0,0,0
0,0,0
0,0,0
0,0,0
0,0,0
0,0,0
0,0,0
0,0,0
0,0,0
0,0,0
0,0,0
0,0,0
0,0,0
0,0,0
0,0,0
0,0,0
0,0,0
0,0,0
0,0,0
0,0,0
0,0,0
0,0,0
0,0,0
0,0,0
0,0,0
0,0,0
0,0,0
0,0,0
0,0,0
0,0,0
0,0,0
0,0,0
0,0,0
0,0,0
0,0,0
0,0,0
0,0,0
0,0,0
0,0,0
0,0,0
0,0,0
0,0,0
0,0,0
0,0,0
0,0,0
0,0,0
0,0,0
0,0,0
0,0,0
0,0,0
0,0,0
0,0,0
0,0,0
0,0,0
0,0,0
0,0,0
0,0,0
0,0,0
0,0,0
0,0,0
0,0,0
0,0,0
0,0,0
0,0,0
0,0,0
0,0,0
0,0,0
0,0,0
0,0,0
0,0,0
0,0,0
0,0,0
0,0,0
0,0,0
0,0,0
0,0,0
0,0,0
0,0,0
0,0,0
0,0,0
0,0,0
0,0,0
0,0,0
0,0,0
0,0,0
0,0,0
0,0,0
0,0,0
0,0,0
0,0,0
0,0,0
0,0,0
0,0,0
0,0,0
0,0,0
0,0,0
0,0,0
0,0,0
0,0,0
0,0,0
0,0,0
0,0,0
0,0,0
0,0,0
0,0,0
0,0,0
0,0,0
0,0,0
0,0,0
0,0,0
0,0,0
0,0,0
0,0,0
0,0,0
0,0,0
0,0,0
0,0,0
0,0,0
0,0,0
0,0,0
0,0,0
0,0,0
0,0,0
0,0,0
0,0,0
0,0,0
0,0,0
0,0,0
0,0,0
0,0,0
0,0,0
0,0,0
0,0,0
0,0,0
0,0,0
0,0,0
0,0,0
0,0,0
0,0,0
0,0,0
0,0,0
0,0,0
0,0,0
0,0,0
0,0,0
0,0,0
0,0,0
0,0,0
0,0,0
0,0,0
0,0,0
0,0,0
0,0,0
0,0,0
0,0,0
0,0,0
0,0,0
0,0,0
0,0,0
0,0,0
0,0,0
0,0,0
0,0,0
0,0,0
0,0,0
0,0,0
0,0,0
0,0,0
0,0,0
0,0,0
0,0,0
0,0,0
0,0,0
0,0,0
0,0,0
0,0,0
0,0,0
0,0,0
0,0,0
0,0,0
0,0,0
0,0,0
0,0,0
0,0,0
0,0,0
0,0,0
0,0,0
0,0,0
0,0,0
0,0,0
0,0,0
0,0,0
0,0,0
0,0,0
0,0,0
0,0,0
0,0,0
0,0,0
0,0,0
0,0,0
0,0,0
0,0,0
0,0,0
0,0,0
0,0,0
0,0,0
0,0,0
0,0,0
0,0,0
0,0,0
0,0,0
0,0,0
0,0,0
0,0,0
0,0,0
0,0,0
0,0,0
0,0,0
0,0,0
0,0,0
0,0,0
0,0,0
0,0,0
0,0,0
0,0,0
0,0,0
0,0,0
0,0,0
0,0,0
0,0,0
0,0,0
0,0,0
0,0,0
0,0,0
0,0,0
0,0,0
0,0,0
0,0,0
0,0,0
0,0,0
0,0,0
0,0,0
0,0,0
0,0,0
0,0,0
0,0,0
0,0,0
0,0,0
0,0,0
0,0,0
0,0,0
0,0,0
0,0,0
0,0,0
0,0,0
0,0,0
0,0,0
0,0,0
0,0,0
0,0,0
0,0,0
0,0,0
0,0,0
0,0,0
0,0,0
0,0,0
0,0,0
0,0,0
0,0,0
0,0,0
0,0,0
0,0,0
0,0,0
0,0,0
0,0,0
0,0,0
0,0,0
0,0,0
0,0,0
0,0,0
0,0,0
0,0,0
0,0,0
0,0,0
0,0,0
0,0,0
0,0,0
0,0,0
0,0,0
0,0,0
0,0,0
0,0,0
0,0,0
0,0,0
0,0,0
0,0,0
0,0,0
0,0,0
0,0,0
0,0,0
0,0,0
0,0,0
0,0,0
0,0,0
0,0,0
0,0,0
0,0,0
0,0,0
0,0,0
0,0,0
0,0,0
0,0,0
0,0,0
0,0,0
0,0,0
0,0,0
0,0,0
0,0,0
0,0,0
0,0,0
0,0,0
0,0,0
0,0,0
0,0,0
0,0,0
0,0,0
0,0,0
0,0,0
0,0,0
0,0,0
0,0,0
0,0,0
0,0,0
0,0,0
0,0,0
0,0,0
0,0,0
0,0,0
0,0,0
0,0,0
0,0,0
0,0,0
0,0,0
0,0,0
0,0,0
0,0,0
0,0,0
0,0,0
0,0,0
0,0,0
0,0,0
0,0,0
0,0,0
0,0,0
0,0,0
0,0,0
0,0,0
0,0,0
0,0,0
0,0,0
0,0,0
0,0,0
0,0,0
0,0,0
0,0,0
0,0,0
0,0,0
0,0,0
0,0,0
0,0,0
0,0,0
0,0,0
0,0,0
0,0,0
0,0,0
0,0,0
0,0,0
0,0,0
0,0,0
0,0,0
0,0,0
0,0,0
0,0,0
0,0,0
0,0,0
0,0,0
0,0,0
0,0,0
0,0,0
0,0,0
0,0,0
0,0,0
0,0,0
0,0,0
0,0,0
0,0,0
0,0,0
0,0,0
0,0,0
0,0,0
0,0,0
0,0,0
0,0,0
0,0,0
0,0,0
0,0,0
0,0,0
0,0,0
0,0,0
0,0,0
0,0,0
0,0,0
0,0,0
0,0,0
0,0,0
0,0,0
0,0,0
0,0,0
0,0,0
0,0,0
0,0,0
0,0,0
0,0,0
0,0,0
0,0,0
0,0,0
0,0,0
0,0,0
0,0,0
0,0,0
0,0,0
0,0,0
0,0,0
0,0,0
0,0,0
0,0,0
0,0,0
0,0,0
0,0,0
0,0,0
0,0,0
0,0,0
0,0,0
0,0,0
0,0,0
0,0,0
0,0,0
0,0,0
0,0,0
0,0,0
0,0,0
0,0,0
0,0,0
0,0,0
0,0,0
0,0,0
0,0,0
0,0,0
0,0,0
0,0,0
0,0,0
0,0,0
0,0,0
0,0,0
0,0,0
0,0,0
0,0,0
0,0,0
0,0,0
0,0,0
0,0,0
0,0,0
0,0,0
0,0,0
0,0,0
0,0,0
0,0,0
0,0,0
0,0,0
0,0,0
0,0,0
0,0,0
0,0,0
0,0,0
0,0,0
0,0,0
0,0,0
0,0,0
0,0,0
0,0,0
0,0,0
0,0,0
0,0,0
0,0,0
0,0,0
0,0,0
0,0,0
0,0,0
0,0,0
0,0,0
0,0,0
0,0,0
0,0,0
0,0,0
0,0,0
0,0,0
0,0,0
0,0,0
0,0,0
0,0,0
0,0,0
0,0,0
0,0,0
0,0,0
0,0,0
0,0,0
0,0,0
0,0,0
0,0,0
0,0,0
0,0,0
0,0,0
0,0,0
0,0,0
0,0,0
0,0,0
0,0,0
0,0,0
0,0,0
0,0,0
0,0,0
0,0,0
0,0,0
0,0,0
0,0,0
0,0,0
0,0,0
0,0,0
0,0,0
0,0,0
0,0,0
0,0,0
0,0,0
0,0,0
0,0,0
0,0,0
0,0,0
0,0,0
0,0,0
0,0,0
0,0,0
0,0,0
0,0,0
0,0,0
0,0,0
0,0,0
0,0,0
0,0,0
0,0,0
0,0,0
0,0,0
0,0,0
0,0,0
0,0,0
0,0,0
0,0,0
0,0,0
0,0,0
0,0,0
0,0,0
0,0,0
0,0,0
0,0,0
0,0,0
0,0,0
0,0,0
0,0,0
0,0,0
0,0,0
0,0,0
0,0,0
0,0,0
0,0,0
0,0,0
0,0,0
0,0,0
0,0,0
0,0,0
0,0,0
0,0,0
0,0,0
0,0,0
0,0,0
0,0,0
0,0,0
0,0,0
0,0,0
0,0,0
0,0,0
0,0,0
0,0,0
0,0,0
0,0,0
0,0,0
0,0,0
0,0,0
0,0,0
0,0,0
0,0,0
0,0,0
0,0,0
0,0,0
0,0,0
0,0,0
0,0,0
0,0,0
0,0,0
0,0,0
0,0,0
0,0,0
0,0,0
0,0,0
0,0,0
0,0,0
0,0,0
0,0,0
0,0,0
0,0,0
0,0,0
0,0,0
0,0,0
0,0,0
0,0,0
0,0,0
0,0,0
0,0,0
0,0,0
0,0,0
0,0,0
0,0,0
0,0,0
0,0,0
0,0,0
0,0,0
0,0,0
0,0,0
0,0,0
0,0,0
0,0,0
0,0,0
0,0,0
0,0,0
0,0,0
0,0,0
0,0,0
0,0,0
0,0,0
0,0,0
0,0,0
0,0,0
0,0,0
0,0,0
0,0,0
0,0,0
0,0,0
0,0,0
0,0,0
0,0,0
0,0,0
0,0,0
0,0,0
0,0,0
0,0,0
0,0,0
0,0,0
0,0,0
0,0,0
0,0,0
0,0,0
0,0,0
0,0,0
0,0,0
0,0,0
0,0,0
0,0,0
0,0,0
0,0,0
0,0,0
0,0,0
0,0,0
0,0,0
0,0,0
0,0,0
0,0,0
0,0,0
0,0,0
0,0,0
0,0,0
0,0,0
0,0,0
0,0,0
0,0,0
0,0,0
0,0,0
0,0,0
0,0,0
0,0,0
0,0,0
0,0,0
0,0,0
0,0,0
0,0,0
0,0,0
0,0,0
0,0,0
0,0,0
0,0,0
0,0,0
0,0,0
0,0,0
0,0,0
0,0,0
0,0,0
0,0,0
0,0,0
0,0,0
0,0,0
0,0,0
0,0,0
0,0,0
0,0,0
0,0,0
0,0,0
0,0,0
0,0,0
0,0,0
0,0,0
0,0,0
0,0,0
0,0,0
0,0,0
0,0,0
0,0,0
0,0,0
0,0,0
0,0,0
0,0,0
0,0,0
0,0,0
0,0,0
0,0,0
0,0,0
0,0,0
0,0,0
0,0,0
0,0,0
0,0,0
0,0,0
0,0,0
0,0,0
0,0,0
0,0,0
0,0,0
0,0,0
0,0,0
0,0,0
0,0,0
0,0,0
0,0,0
0,0,0
0,0,0
0,0,0
0,0,0
0,0,0
0,0,0
0,0,0
0,0,0
0,0,0
0,0,0
0,0,0
0,0,0
0,0,0
0,0,0
0,0,0
0,0,0
0,0,0
0,0,0
0,0,0
0,0,0
0,0,0
0,0,0
0,0,0
0,0,0
0,0,0
0,0,0
0,0,0
0,0,0
0,0,0
0,0,0
0,0,0
0,0,0
0,0,0
0,0,0
0,0,0
0,0,0
0,0,0
0,0,0
0,0,0
0,0,0
0,0,0
0,0,0
0,0,0
0,0,0
0,0,0
0,0,0
0,0,0
0,0,0
0,0,0
0,0,0
0,0,0
0,0,0
0,0,0
0,0,0
0,0,0
0,0,0
0,0,0
0,0,0
0,0,0
0,0,0
0,0,0
0,0,0
0,0,0
0,0,0
0,0,0
0,0,0
0,0,0
0,0,0
0,0,0
0,0,0
0,0,0
0,0,0
0,0,0
0,0,0
0,0,0
0,0,0
0,0,0
0,0,0
0,0,0
0,0,0
0,0,0
0,0,0
0,0,0
0,0,0
0,0,0
0,0,0
0,0,0
0,0,0
0,0,0
0,0,0
0,0,0
0,0,0
0,0,0
0,0,0
0,0,0
0,0,0
0,0,0
0,0,0
0,0,0
0,0,0
0,0,0
0,0,0
0,0,0
0,0,0
0,0,0
0,0,0
0,0,0
0,0,0
0,0,0
0,0,0
0,0,0
0,0,0
0,0,0
0,0,0
0,0,0
0,0,0
0,0,0
0,0,0
0,0,0
0,0,0
0,0,0
0,0,0
0,0,0
0,0,0
0,0,0
0,0,0
0,0,0
0,0,0
0,0,0
0,0,0
0,0,0
0,0,0
0,0,0
0,0,0
0,0,0
0,0,0
0,0,0
0,0,0
0,0,0
0,0,0
0,0,0
0,0,0
0,0,0
0,0,0
0,0,0
0,0,0
0,0,0
0,0,0
0,0,0
0,0,0
0,0,0
0,0,0
0,0,0
0,0,0
0,0,0
0,0,0
0,0,0
0,0,0
0,0,0
0,0,0
0,0,0
0,0,0
0,0,0
0,0,0
0,0,0
0,0,0
0,0,0
0,0,0
0,0,0
0,0,0
0,0,0
0,0,0
0,0,0
0,0,0
0,0,0
0,0,0
0,0,0
0,0,0
0,0,0
0,0,0
0,0,0
0,0,0
0,0,0
0,0,0
0,0,0
0,0,0
0,0,0
0,0,0
0,0,0
0,0,0
0,0,0
0,0,0
0,0,0
0,0,0
0,0,0
0,0,0
0,0,0
0,0,0
0,0,0
0,0,0
0,0,0
0,0,0
0,0,0
0,0,0
0,0,0
0,0,0
0,0,0
0,0,0
0,0,0
0,0,0
0,0,0
0,0,0
0,0,0
0,0,0
0,0,0
0,0,0
0,0,0
0,0,0
0,0,0
0,0,0
0,0,0
0,0,0
0,0,0
0,0,0
0,0,0
0,0,0
0,0,0
0,0,0
0,0,0
0,0,0
0,0,0
0,0,0
0,0,0
0,0,0
0,0,0
0,0,0
0,0,0
0,0,0
0,0,0
0,0,0
0,0,0
0,0,0
0,0,0
0,0,0
0,0,0
0,0,0
0,0,0
0,0,0
0,0,0
0,0,0
0,0,0
0,0,0
0,0,0
0,0,0
0,0,0
0,0,0
0,0,0
0,0,0
0,0,0
0,0,0
0,0,0
0,0,0
0,0,0
0,0,0
0,0,0
0,0,0
0,0,0
0,0,0
0,0,0
0,0,0
0,0,0
0,0,0
0,0,0
0,0,0
0,0,0
0,0,0
0,0,0
0,0,0
0,0,0
0,0,0
0,0,0
0,0,0
0,0,0
0,0,0
0,0,0
0,0,0
0,0,0
0,0,0
0,0,0
0,0,0
0,0,0
0,0,0
0,0,0
0,0,0
0,0,0
0,0,0
0,0,0
0,0,0
0,0,0
0,0,0
0,0,0
0,0,0
0,0,0
0,0,0
0,0,0
0,0,0
0,0,0
0,0,0
0,0,0
0,0,0
0,0,0
0,0,0
0,0,0
0,0,0
0,0,0
0,0,0
0,0,0
0,0,0
0,0,0
0,0,0
0,0,0
0,0,0
0,0,0
0,0,0
0,0,0
0,0,0
0,0,0
0,0,0
0,0,0
0,0,0
0,0,0
0,0,0
0,0,0
0,0,0
0,0,0
0,0,0
0,0,0
0,0,0
0,0,0
0,0,0
0,0,0
0,0,0
0,0,0
0,0,0
0,0,0
0,0,0
0,0,0
0,0,0
0,0,0
0,0,0
0,0,0
0,0,0
0,0,0
0,0,0
0,0,0
0,0,0
0,0,0
0,0,0
0,0,0
0,0,0
0,0,0
0,0,0
0,0,0
0,0,0
0,0,0
0,0,0
0,0,0
0,0,0
0,0,0
0,0,0
0,0,0
0,0,0
0,0,0
0,0,0
0,0,0
0,0,0
0,0,0
0,0,0
0,0,0
0,0,0
0,0,0
0,0,0
0,0,0
0,0,0
0,0,0
0,0,0
0,0,0
0,0,0
0,0,0
0,0,0
0,0,0
0,0,0
0,0,0
0,0,0
0,0,0
0,0,0
0,0,0
0,0,0
0,0,0
0,0,0
0,0,0
0,0,0
0,0,0
0,0,0
0,0,0
0,0,0
0,0,0
0,0,0
0,0,0
0,0,0
0,0,0
0,0,0
0,0,0
0,0,0
0,0,0
0,0,0
0,0,0
0,0,0
0,0,0
0,0,0
0,0,0
0,0,0
0,0,0
0,0,0
0,0,0
0,0,0
0,0,0
0,0,0
0,0,0
0,0,0
0,0,0
0,0,0
0,0,0
0,0,0
0,0,0
0,0,0
0,0,0
0,0,0
0,0,0
0,0,0
0,0,0
0,0,0
0,0,0
0,0,0
0,0,0
0,0,0
0,0,0
0,0,0
0,0,0
0,0,0
0,0,0
0,0,0
0,0,0
0,0,0
0,0,0
0,0,0
0,0,0
0,0,0
0,0,0
0,0,0
0,0,0
0,0,0
0,0,0
0,0,0
0,0,0
0,0,0
0,0,0
0,0,0
0,0,0
0,0,0
0,0,0
0,0,0
0,0,0
0,0,0
0,0,0
0,0,0
0,0,0
0,0,0
0,0,0
0,0,0
0,0,0
0,0,0
0,0,0
0,0,0
0,0,0
0,0,0
0,0,0
0,0,0
0,0,0
0,0,0
0,0,0
0,0,0
0,0,0
0,0,0
0,0,0
0,0,0
0,0,0
0,0,0
0,0,0
0,0,0
0,0,0
0,0,0
0,0,0
0,0,0
0,0,0
0,0,0
0,0,0
0,0,0
0,0,0
0,0,0
0,0,0
0,0,0
0,0,0
0,0,0
0,0,0
0,0,0
0,0,0
0,0,0
0,0,0
0,0,0
0,0,0
0,0,0
0,0,0
0,0,0
0,0,0
0,0,0
0,0,0
0,0,0
0,0,0
0,0,0
0,0,0
0,0,0
0,0,0
0,0,0
0,0,0
0,0,0
0,0,0
0,0,0
0,0,0
0,0,0
0,0,0
0,0,0
0,0,0
0,0,0
0,0,0
0,0,0
0,0,0
0,0,0
0,0,0
0,0,0
0,0,0
0,0,0
0,0,0
0,0,0
0,0,0
0,0,0
0,0,0
0,0,0
0,0,0
0,0,0
0,0,0
0,0,0
0,0,0
0,0,0
0,0,0
0,0,0
0,0,0
0,0,0
0,0,0
0,0,0
0,0,0
0,0,0
0,0,0
0,0,0
0,0,0
0,0,0
0,0,0
0,0,0
0,0,0
0,0,0
0,0,0
0,0,0
0,0,0
0,0,0
0,0,0
0,0,0
0,0,0
0,0,0
0,0,0
0,0,0
0,0,0
0,0,0
0,0,0
0,0,0
0,0,0
0,0,0
0,0,0
0,0,0
0,0,0
0,0,0
0,0,0
0,0,0
0,0,0
0,0,0
0,0,0
0,0,0
0,0,0
0,0,0
0,0,0
0,0,0
0,0,0
0,0,0
0,0,0
0,0,0
0,0,0
0,0,0
0,0,0
0,0,0
0,0,0
0,0,0
0,0,0
0,0,0
0,0,0
0,0,0
0,0,0
0,0,0
0,0,0
0,0,0
0,0,0
0,0,0
0,0,0
0,0,0
0,0,0
0,0,0
0,0,0
0,0,0
0,0,0
0,0,0
0,0,0
0,0,0
0,0,0
0,0,0
0,0,0
0,0,0
0,0,0
0,0,0
0,0,0
0,0,0
0,0,0
0,0,0
0,0,0
0,0,0
0,0,0
0,0,0
0,0,0
0,0,0
0,0,0
0,0,0
0,0,0
0,0,0
0,0,0
0,0,0
0,0,0
0,0,0
0,0,0
0,0,0
0,0,0
0,0,0
0,0,0
0,0,0
0,0,0
0,0,0
0,0,0
0,0,0
0,0,0
0,0,0
0,0,0
0,0,0
0,0,0
0,0,0
0,0,0
0,0,0
0,0,0
0,0,0
0,0,0
0,0,0
0,0,0
0,0,0
0,0,0
0,0,0
0,0,0
0,0,0
0,0,0
0,0,0
0,0,0
0,0,0
0,0,0
0,0,0
0,0,0
0,0,0
0,0,0
0,0,0
0,0,0
0,0,0
0,0,0
0,0,0
0,0,0
0,0,0
0,0,0
0,0,0
0,0,0
0,0,0
0,0,0
0,0,0
0,0,0
0,0,0
0,0,0
0,0,0
0,0,0
0,0,0
0,0,0
0,0,0
0,0,0
0,0,0
0,0,0
0,0,0
0,0,0
0,0,0
0,0,0
0,0,0
0,0,0
0,0,0
0,0,0
0,0,0
0,0,0
0,0,0
0,0,0
0,0,0
0,0,0
0,0,0
0,0,0
0,0,0
0,0,0
0,0,0
0,0,0
0,0,0
0,0,0
0,0,0
0,0,0
0,0,0
0,0,0
0,0,0
0,0,0
0,0,0
0,0,0
0,0,0
0,0,0
0,0,0
0,0,0
0,0,0
0,0,0
0,0,0
0,0,0
0,0,0
0,0,0
0,0,0
0,0,0
0,0,0
0,0,0
0,0,0
0,0,0
0,0,0
0,0,0
0,0,0
0,0,0
0,0,0
0,0,0
0,0,0
0,0,0
0,0,0
0,0,0
0,0,0
0,0,0
0,0,0
0,0,0
0,0,0
0,0,0
0,0,0
0,0,0
0,0,0
0,0,0
0,0,0
0,0,0
0,0,0
0,0,0
0,0,0
0,0,0
0,0,0
0,0,0
0,0,0
0,0,0
0,0,0
0,0,0
0,0,0
0,0,0
0,0,0
0,0,0
0,0,0
0,0,0
0,0,0
0,0,0
0,0,0
0,0,0
0,0,0
0,0,0
0,0,0
0,0,0
0,0,0
0,0,0
0,0,0
0,0,0
0,0,0
0,0,0
0,0,0
0,0,0
0,0,0
0,0,0
0,0,0
0,0,0
0,0,0
0,0,0
0,0,0
0,0,0
0,0,0
0,0,0
0,0,0
0,0,0
0,0,0
0,0,0
0,0,0
0,0,0
0,0,0
0,0,0
0,0,0
0,0,0
0,0,0
0,0,0
0,0,0
0,0,0
0,0,0
0,0,0
0,0,0
0,0,0
0,0,0
0,0,0
0,0,0
0,0,0
0,0,0
0,0,0
0,0,0
0,0,0
0,0,0
0,0,0
0,0,0
0,0,0
0,0,0
0,0,0
0,0,0
0,0,0
0,0,0
0,0,0
0,0,0
0,0,0
0,0,0
0,0,0
0,0,0
0,0,0
0,0,0
0,0,0
0,0,0
0,0,0
0,0,0
0,0,0
0,0,0
0,0,0
0,0,0
0,0,0
0,0,0
0,0,0
0,0,0
0,0,0
0,0,0
0,0,0
0,0,0
0,0,0
0,0,0
0,0,0
0,0,0
0,0,0
0,0,0
0,0,0
0,0,0
0,0,0
0,0,0
0,0,0
0,0,0
0,0,0
0,0,0
0,0,0
0,0,0
0,0,0
0,0,0
0,0,0
0,0,0
0,0,0
0,0,0
0,0,0
0,0,0
0,0,0
0,0,0
0,0,0
0,0,0
0,0,0
0,0,0
0,0,0
0,0,0
0,0,0
0,0,0
0,0,0
0,0,0
0,0,0
0,0,0
0,0,0
0,0,0
0,0,0
0,0,0
0,0,0
0,0,0
0,0,0
0,0,0
0,0,0
0,0,0
0,0,0
0,0,0
0,0,0
0,0,0
0,0,0
0,0,0
0,0,0
0,0,0
0,0,0
0,0,0
0,0,0
0,0,0
0,0,0
0,0,0
0,0,0
0,0,0
0,0,0
0,0,0
0,0,0
0,0,0
0,0,0
0,0,0
0,0,0
0,0,0
0,0,0
0,0,0
0,0,0
0,0,0
0,0,0
0,0,0
0,0,0
0,0,0
0,0,0
0,0,0
0,0,0
0,0,0
0,0,0
0,0,0
0,0,0
0,0,0
0,0,0
0,0,0
0,0,0
0,0,0
0,0,0
0,0,0
0,0,0
0,0,0
0,0,0
0,0,0
0,0,0
0,0,0
0,0,0
0,0,0
0,0,0
0,0,0
0,0,0
0,0,0
0,0,0
0,0,0
0,0,0
0,0,0
0,0,0
0,0,0
0,0,0
0,0,0
0,0,0
0,0,0
0,0,0
0,0,0
0,0,0
0,0,0
0,0,0
0,0,0
0,0,0
0,0,0
0,0,0
0,0,0
0,0,0
0,0,0
0,0,0
0,0,0
0,0,0
0,0,0
0,0,0
0,0,0
0,0,0
0,0,0
0,0,0
0,0,0
0,0,0
0,0,0
0,0,0
0,0,0
0,0,0
0,0,0
0,0,0
0,0,0
0,0,0
0,0,0
0,0,0
0,0,0
0,0,0
0,0,0
0,0,0
0,0,0
0,0,0
0,0,0
0,0,0
0,0,0
0,0,0
0,0,0
0,0,0
0,0,0
0,0,0
0,0,0
0,0,0
0,0,0
0,0,0
0,0,0
0,0,0
0,0,0
0,0,0
0,0,0
0,0,0
0,0,0
0,0,0
0,0,0
0,0,0
0,0,0
0,0,0
0,0,0
0,0,0
0,0,0
0,0,0
0,0,0
0,0,0
0,0,0
0,0,0
0,0,0
0,0,0
0,0,0
0,0,0
0,0,0
0,0,0
0,0,0
0,0,0
0,0,0
0,0,0
0,0,0
0,0,0
0,0,0
0,0,0
0,0,0
0,0,0
0,0,0
0,0,0
0,0,0
0,0,0
0,0,0
0,0,0
0,0,0
0,0,0
0,0,0
0,0,0
0,0,0
0,0,0
0,0,0
0,0,0
0,0,0
0,0,0
0,0,0
0,0,0
0,0,0
0,0,0
0,0,0
0,0,0
0,0,0
0,0,0
0,0,0
0,0,0
0,0,0
0,0,0
0,0,0
0,0,0
0,0,0
0,0,0
0,0,0
0,0,0
0,0,0
0,0,0
0,0,0
0,0,0
0,0,0
0,0,0
0,0,0
0,0,0
0,0,0
0,0,0
0,0,0
0,0,0
0,0,0
0,0,0
0,0,0
0,0,0
0,0,0
0,0,0
0,0,0
0,0,0
0,0,0
0,0,0
0,0,0
0,0,0
0,0,0
0,0,0
0,0,0
0,0,0
0,0,0
0,0,0
0,0,0
0,0,0
0,0,0
0,0,0
0,0,0
0,0,0
0,0,0
0,0,0
0,0,0
0,0,0
0,0,0
0,0,0
0,0,0
0,0,0
0,0,0
0,0,0
0,0,0
0,0,0
0,0,0
0,0,0
0,0,0
0,0,0
0,0,0
0,0,0
0,0,0
0,0,0
0,0,0
0,0,0
0,0,0
0,0,0
0,0,0
0,0,0
0,0,0
0,0,0
0,0,0
0,0,0
0,0,0
0,0,0
0,0,0
0,0,0
0,0,0
0,0,0
0,0,0
0,0,0
0,0,0
0,0,0
0,0,0
0,0,0
0,0,0
0,0,0
0,0,0
0,0,0
0,0,0
0,0,0
0,0,0
0,0,0
0,0,0
0,0,0
0,0,0
0,0,0
0,0,0
0,0,0
0,0,0
0,0,0
0,0,0
0,0,0
0,0,0
0,0,0
0,0,0
0,0,0
0,0,0
0,0,0
0,0,0
0,0,0
0,0,0
0,0,0
0,0,0
0,0,0
0,0,0
0,0,0
0,0,0
0,0,0
0,0,0
0,0,0
0,0,0
0,0,0
0,0,0
0,0,0
0,0,0
0,0,0
0,0,0
0,0,0
0,0,0
0,0,0
0,0,0
0,0,0
0,0,0
0,0,0
0,0,0
0,0,0
0,0,0
0,0,0
0,0,0
0,0,0
0,0,0
0,0,0
0,0,0
0,0,0
0,0,0
0,0,0
0,0,0
0,0,0
0,0,0
0,0,0
0,0,0
0,0,0
0,0,0
0,0,0
0,0,0
0,0,0
0,0,0
0,0,0
0,0,0
0,0,0
0,0,0
0,0,0
0,0,0
0,0,0
0,0,0
0,0,0
0,0,0
0,0,0
0,0,0
0,0,0
0,0,0
0,0,0
0,0,0
0,0,0
0,0,0
0,0,0
0,0,0
0,0,0
0,0,0
0,0,0
0,0,0
0,0,0
0,0,0
0,0,0
0,0,0
0,0,0
0,0,0
0,0,0
0,0,0
0,0,0
0,0,0
0,0,0
0,0,0
0,0,0
0,0,0
0,0,0
0,0,0
0,0,0
0,0,0
0,0,0
0,0,0
0,0,0
0,0,0
0,0,0
0,0,0
0,0,0
0,0,0
0,0,0
0,0,0
0,0,0
0,0,0
0,0,0
0,0,0
0,0,0
0,0,0
0,0,0
0,0,0
0,0,0
0,0,0
0,0,0
0,0,0
0,0,0
0,0,0
0,0,0
0,0,0
0,0,0
0,0,0
0,0,0
0,0,0
0,0,0
0,0,0
0,0,0
0,0,0
0,0,0
0,0,0
0,0,0
0,0,0
0,0,0
0,0,0
0,0,0
0,0,0
0,0,0
0,0,0
0,0,0
0,0,0
0,0,0
0,0,0
0,0,0
0,0,0
0,0,0
0,0,0
0,0,0
0,0,0
0,0,0
0,0,0
0,0,0
0,0,0
0,0,0
0,0,0
0,0,0
0,0,0
0,0,0
0,0,0
0,0,0
0,0,0
0,0,0
0,0,0
0,0,0
0,0,0
0,0,0
0,0,0
0,0,0
0,0,0
0,0,0
0,0,0
0,0,0
0,0,0
0,0,0
0,0,0
0,0,0
0,0,0
0,0,0
0,0,0
0,0,0
0,0,0
0,0,0
0,0,0
0,0,0
0,0,0
0,0,0
0,0,0
0,0,0
0,0,0
0,0,0
0,0,0
0,0,0
0,0,0
0,0,0
0,0,0
0,0,0
0,0,0
0,0,0
0,0,0
0,0,0
0,0,0
0,0,0
0,0,0
0,0,0
0,0,0
0,0,0
0,0,0
0,0,0
0,0,0
0,0,0
0,0,0
0,0,0
0,0,0
0,0,0
0,0,0
0,0,0
0,0,0
0,0,0
0,0,0
0,0,0
0,0,0
0,0,0
0,0,0
0,0,0
0,0,0
0,0,0
0,0,0
0,0,0
0,0,0
0,0,0
0,0,0
0,0,0
0,0,0
0,0,0
0,0,0
0,0,0
0,0,0
0,0,0
0,0,0
0,0,0
0,0,0
0,0,0
0,0,0
0,0,0
0,0,0
0,0,0
0,0,0
0,0,0
0,0,0
0,0,0
0,0,0
0,0,0
0,0,0
0,0,0
0,0,0
0,0,0
0,0,0
0,0,0
0,0,0
0,0,0
0,0,0
0,0,0
0,0,0
0,0,0
0,0,0
0,0,0
0,0,0
0,0,0
0,0,0
0,0,0
0,0,0
0,0,0
0,0,0
0,0,0
0,0,0
0,0,0
0,0,0
0,0,0
0,0,0
0,0,0
0,0,0
0,0,0
0,0,0
0,0,0
0,0,0
0,0,0
0,0,0
0,0,0
0,0,0
0,0,0
0,0,0
0,0,0
0,0,0
0,0,0
0,0,0
0,0,0
0,0,0
0,0,0
0,0,0
0,0,0
0,0,0
0,0,0
0,0,0
0,0,0
0,0,0
0,0,0
0,0,0
0,0,0
0,0,0
0,0,0
0,0,0
0,0,0
0,0,0
0,0,0
0,0,0
0,0,0
0,0,0
0,0,0
0,0,0
0,0,0
0,0,0
0,0,0
0,0,0
0,0,0
0,0,0
0,0,0
0,0,0
0,0,0
0,0,0
0,0,0
0,0,0
0,0,0
0,0,0
0,0,0
0,0,0
0,0,0
0,0,0
0,0,0
0,0,0
0,0,0
0,0,0
0,0,0
0,0,0
0,0,0
0,0,0
0,0,0
0,0,0
0,0,0
0,0,0
0,0,0
0,0,0
0,0,0
0,0,0
0,0,0
0,0,0
0,0,0
0,0,0
0,0,0
0,0,0
0,0,0
0,0,0
0,0,0
0,0,0
0,0,0
0,0,0
0,0,0
0,0,0
0,0,0
0,0,0
0,0,0
0,0,0
0,0,0
0,0,0
0,0,0
0,0,0
0,0,0
0,0,0
0,0,0
0,0,0
0,0,0
0,0,0
0,0,0
0,0,0
0,0,0
0,0,0
0,0,0
0,0,0
0,0,0
0,0,0
0,0,0
0,0,0
0,0,0
0,0,0
0,0,0
0,0,0
0,0,0
0,0,0
0,0,0
0,0,0
0,0,0
0,0,0
0,0,0
0,0,0
0,0,0
0,0,0
0,0,0
0,0,0
0,0,0
0,0,0
0,0,0
0,0,0
0,0,0
0,0,0
0,0,0
0,0,0
0,0,0
0,0,0
0,0,0
0,0,0
0,0,0
0,0,0
0,0,0
0,0,0
0,0,0
0,0,0
0,0,0
0,0,0
0,0,0
0,0,0
0,0,0
0,0,0
0,0,0
0,0,0
0,0,0
0,0,0
0,0,0
0,0,0
0,0,0
0,0,0
0,0,0
0,0,0
0,0,0
0,0,0
0,0,0
0,0,0
0,0,0
0,0,0
0,0,0
0,0,0
0,0,0
0,0,0
0,0,0
0,0,0
0,0,0
0,0,0
0,0,0
0,0,0
0,0,0
0,0,0
0,0,0
0,0,0
0,0,0
0,0,0
0,0,0
0,0,0
0,0,0
0,0,0
0,0,0
0,0,0
0,0,0
0,0,0
0,0,0
0,0,0
0,0,0
0,0,0
0,0,0
0,0,0
0,0,0
0,0,0
0,0,0
0,0,0
0,0,0
0,0,0
0,0,0
0,0,0
0,0,0
0,0,0
0,0,0
0,0,0
0,0,0
0,0,0
0,0,0
0,0,0
0,0,0
0,0,0
0,0,0
0,0,0
0,0,0
0,0,0
0,0,0
0,0,0
0,0,0
0,0,0
0,0,0
0,0,0
0,0,0
0,0,0
0,0,0
0,0,0
0,0,0
0,0,0
0,0,0
0,0,0
0,0,0
0,0,0
0,0,0
0,0,0
0,0,0
0,0,0
0,0,0
0,0,0
0,0,0
0,0,0
0,0,0
0,0,0
0,0,0
0,0,0
0,0,0
0,0,0
0,0,0
0,0,0
0,0,0
0,0,0
0,0,0
0,0,0
0,0,0
0,0,0
0,0,0
0,0,0
0,0,0
0,0,0
0,0,0
0,0,0
0,0,0
0,0,0
0,0,0
0,0,0
0,0,0
0,0,0
0,0,0
0,0,0
0,0,0
0,0,0
0,0,0
0,0,0
0,0,0
0,0,0
0,0,0
0,0,0
0,0,0
0,0,0
0,0,0
0,0,0
0,0,0
0,0,0
0,0,0
0,0,0
0,0,0
0,0,0
0,0,0
0,0,0
0,0,0
0,0,0
0,0,0
0,0,0
0,0,0
0,0,0
0,0,0
0,0,0
0,0,0
0,0,0
0,0,0
0,0,0
0,0,0
0,0,0
0,0,0
0,0,0
0,0,0
0,0,0
0,0,0
0,0,0
0,0,0
0,0,0
0,0,0
0,0,0
0,0,0
0,0,0
0,0,0
0,0,0
0,0,0
0,0,0
0,0,0
0,0,0
0,0,0
0,0,0
0,0,0
0,0,0
0,0,0
0,0,0
0,0,0
0,0,0
0,0,0
0,0,0
0,0,0
0,0,0
0,0,0
0,0,0
0,0,0
0,0,0
0,0,0
0,0,0
0,0,0
0,0,0
0,0,0
0,0,0
0,0,0
0,0,0
0,0,0
0,0,0
0,0,0
0,0,0
0,0,0
0,0,0
0,0,0
0,0,0
0,0,0
0,0,0
0,0,0
0,0,0
0,0,0
0,0,0
0,0,0
0,0,0
0,0,0
0,0,0
0,0,0
0,0,0
0,0,0
0,0,0
0,0,0
0,0,0
0,0,0
0,0,0
0,0,0
0,0,0
0,0,0
0,0,0
0,0,0
0,0,0
0,0,0
0,0,0
0,0,0
0,0,0
0,0,0
0,0,0
0,0,0
0,0,0
0,0,0
0,0,0
0,0,0
0,0,0
0,0,0
0,0,0
0,0,0
0,0,0
0,0,0
0,0,0
0,0,0
0,0,0
0,0,0
0,0,0
0,0,0
0,0,0
0,0,0
0,0,0
0,0,0
0,0,0
0,0,0
0,0,0
0,0,0
0,0,0
0,0,0
0,0,0
0,0,0
0,0,0
0,0,0
0,0,0
0,0,0
0,0,0
0,0,0
0,0,0
0,0,0
0,0,0
0,0,0
0,0,0
0,0,0
0,0,0
0,0,0
0,0,0
0,0,0
0,0,0
0,0,0
0,0,0
0,0,0
0,0,0
0,0,0
0,0,0
0,0,0
0,0,0
0,0,0
0,0,0
0,0,0
0,0,0
0,0,0
0,0,0
0,0,0
0,0,0
0,0,0
0,0,0
0,0,0
0,0,0
0,0,0
0,0,0
0,0,0
0,0,0
0,0,0
0,0,0
0,0,0
0,0,0
0,0,0
0,0,0
0,0,0
0,0,0
0,0,0
0,0,0
0,0,0
0,0,0
0,0,0
0,0,0
0,0,0
0,0,0
0,0,0
0,0,0
0,0,0
0,0,0
0,0,0
0,0,0
0,0,0
0,0,0
0,0,0
0,0,0
0,0,0
0,0,0
0,0,0
0,0,0
0,0,0
0,0,0
0,0,0
0,0,0
0,0,0
0,0,0
0,0,0
0,0,0
0,0,0
0,0,0
0,0,0
0,0,0
0,0,0
0,0,0
0,0,0
0,0,0
0,0,0
0,0,0
0,0,0
0,0,0
0,0,0
0,0,0
0,0,0
0,0,0
0,0,0
0,0,0
0,0,0
0,0,0
0,0,0
0,0,0
0,0,0
0,0,0
0,0,0
0,0,0
0,0,0
0,0,0
0,0,0
0,0,0
0,0,0
0,0,0
0,0,0
0,0,0
0,0,0
0,0,0
0,0,0
0,0,0
0,0,0
0,0,0
0,0,0
0,0,0
0,0,0
0,0,0
0,0,0
0,0,0
0,0,0
0,0,0
0,0,0
0,0,0
0,0,0
0,0,0
0,0,0
0,0,0
0,0,0
0,0,0
0,0,0
0,0,0
0,0,0
0,0,0
0,0,0
0,0,0
0,0,0
0,0,0
0,0,0
0,0,0
0,0,0
0,0,0
0,0,0
0,0,0
0,0,0
0,0,0
0,0,0
0,0,0
0,0,0
0,0,0
0,0,0
0,0,0
0,0,0
0,0,0
0,0,0
0,0,0
0,0,0
0,0,0
0,0,0
0,0,0
0,0,0
0,0,0
0,0,0
0,0,0
0,0,0
0,0,0
0,0,0
0,0,0
0,0,0
0,0,0
0,0,0
0,0,0
0,0,0
0,0,0
0,0,0
0,0,0
0,0,0
0,0,0
0,0,0
0,0,0
0,0,0
0,0,0
0,0,0
0,0,0
0,0,0
0,0,0
0,0,0
0,0,0
0,0,0
0,0,0
0,0,0
0,0,0
0,0,0
0,0,0
0,0,0
0,0,0
0,0,0
0,0,0
0,0,0
0,0,0
0,0,0
0,0,0
0,0,0
0,0,0
0,0,0
0,0,0
0,0,0
0,0,0
0,0,0
0,0,0
0,0,0
0,0,0
0,0,0
0,0,0
0,0,0
0,0,0
0,0,0
0,0,0
0,0,0
0,0,0
0,0,0
0,0,0
0,0,0
0,0,0
0,0,0
0,0,0
0,0,0
0,0,0
0,0,0
0,0,0
0,0,0
0,0,0
0,0,0
0,0,0
0,0,0
0,0,0
0,0,0
0,0,0
0,0,0
0,0,0
0,0,0
0,0,0
0,0,0
0,0,0
0,0,0
0,0,0
0,0,0
0,0,0
0,0,0
0,0,0
0,0,0
0,0,0
0,0,0
0,0,0
0,0,0
0,0,0
0,0,0
0,0,0
0,0,0
0,0,0
0,0,0
0,0,0
0,0,0
0,0,0
0,0,0
0,0,0
0,0,0
0,0,0
0,0,0
0,0,0
0,0,0
0,0,0
0,0,0
0,0,0
0,0,0
0,0,0
0,0,0
0,0,0
0,0,0
0,0,0
0,0,0
0,0,0
0,0,0
0,0,0
0,0,0
0,0,0
0,0,0
0,0,0
0,0,0
0,0,0
0,0,0
0,0,0
0,0,0
0,0,0
0,0,0
0,0,0
0,0,0
0,0,0
0,0,0
0,0,0
0,0,0
0,0,0
0,0,0
0,0,0
0,0,0
0,0,0
0,0,0
0,0,0
0,0,0
0,0,0
0,0,0
0,0,0
0,0,0
0,0,0
0,0,0
0,0,0
0,0,0
0,0,0
0,0,0
0,0,0
0,0,0
0,0,0
0,0,0
0,0,0
0,0,0
0,0,0
0,0,0
0,0,0
0,0,0
0,0,0
0,0,0
0,0,0
0,0,0
0,0,0
0,0,0
0,0,0
0,0,0
0,0,0
0,0,0
0,0,0
0,0,0
0,0,0
0,0,0
0,0,0
0,0,0
0,0,0
0,0,0
0,0,0
0,0,0
0,0,0
0,0,0
0,0,0
0,0,0
0,0,0
0,0,0
0,0,0
0,0,0
0,0,0
0,0,0
0,0,0
0,0,0
0,0,0
0,0,0
0,0,0
0,0,0
0,0,0
0,0,0
0,0,0
0,0,0
0,0,0
0,0,0
0,0,0
0,0,0
0,0,0
0,0,0
0,0,0
0,0,0
0,0,0
0,0,0
0,0,0
0,0,0
0,0,0
0,0,0
0,0,0
0,0,0
0,0,0
0,0,0
0,0,0
0,0,0
0,0,0
0,0,0
0,0,0
0,0,0
0,0,0
0,0,0
0,0,0
0,0,0
0,0,0
0,0,0
0,0,0
0,0,0
0,0,0
0,0,0
0,0,0
0,0,0
0,0,0
0,0,0
0,0,0
0,0,0
0,0,0
0,0,0
0,0,0
0,0,0
0,0,0
0,0,0
0,0,0
0,0,0
0,0,0
0,0,0
0,0,0
0,0,0
0,0,0
0,0,0
0,0,0
0,0,0
0,0,0
0,0,0
0,0,0
0,0,0
0,0,0
0,0,0
0,0,0
0,0,0
0,0,0
0,0,0
0,0,0
0,0,0
0,0,0
0,0,0
0,0,0
0,0,0
0,0,0
0,0,0
0,0,0
0,0,0
0,0,0
0,0,0
0,0,0
0,0,0
0,0,0
0,0,0
0,0,0
0,0,0
0,0,0
0,0,0
0,0,0
0,0,0
0,0,0
0,0,0
0,0,0
0,0,0
0,0,0
0,0,0
0,0,0
0,0,0
0,0,0
0,0,0
0,0,0
0,0,0
0,0,0
0,0,0
0,0,0
0,0,0
0,0,0
0,0,0
0,0,0
0,0,0
0,0,0
0,0,0
0,0,0
0,0,0
0,0,0
0,0,0
0,0,0
0,0,0
0,0,0
0,0,0
0,0,0
0,0,0
0,0,0
0,0,0
0,0,0
0,0,0
0,0,0
0,0,0
0,0,0
0,0,0
0,0,0
0,0,0
0,0,0
0,0,0
0,0,0
0,0,0
0,0,0
0,0,0
0,0,0
0,0,0
0,0,0
0,0,0
0,0,0
0,0,0
0,0,0
0,0,0
0,0,0
0,0,0
0,0,0
0,0,0
0,0,0
0,0,0
0,0,0
0,0,0
0,0,0
0,0,0
0,0,0
0,0,0
0,0,0
0,0,0
0,0,0
0,0,0
0,0,0
0,0,0
0,0,0
0,0,0
0,0,0
0,0,0
0,0,0
0,0,0
0,0,0
0,0,0
0,0,0
0,0,0
0,0,0
0,0,0
0,0,0
0,0,0
0,0,0
0,0,0
0,0,0
0,0,0
0,0,0
0,0,0
0,0,0
0,0,0
0,0,0
0,0,0
0,0,0
0,0,0
0,0,0
0,0,0
0,0,0
0,0,0
0,0,0
0,0,0
0,0,0
0,0,0
0,0,0
0,0,0
0,0,0
0,0,0
0,0,0
0,0,0
0,0,0
0,0,0
0,0,0
0,0,0
0,0,0
0,0,0
0,0,0
0,0,0
0,0,0
0,0,0
0,0,0
0,0,0
0,0,0
0,0,0
0,0,0
0,0,0
0,0,0
0,0,0
0,0,0
0,0,0
0,0,0
0,0,0
0,0,0
0,0,0
0,0,0
0,0,0
0,0,0
0,0,0
0,0,0
0,0,0
0,0,0
0,0,0
0,0,0
0,0,0
0,0,0
0,0,0
0,0,0
0,0,0
0,0,0
0,0,0
0,0,0
0,0,0
0,0,0
0,0,0
0,0,0
0,0,0
0,0,0
0,0,0
0,0,0
0,0,0
0,0,0
0,0,0
0,0,0
0,0,0
0,0,0
0,0,0
0,0,0
0,0,0
0,0,0
0,0,0
0,0,0
0,0,0
0,0,0
0,0,0
0,0,0
0,0,0
0,0,0
0,0,0
0,0,0
0,0,0
0,0,0
0,0,0
0,0,0
0,0,0
0,0,0
0,0,0
0,0,0
0,0,0
0,0,0
0,0,0
0,0,0
0,0,0
0,0,0
0,0,0
0,0,0
0,0,0
0,0,0
0,0,0
0,0,0
0,0,0
0,0,0
0,0,0
0,0,0
0,0,0
0,0,0
0,0,0
0,0,0
0,0,0
0,0,0
0,0,0
0,0,0
0,0,0
0,0,0
0,0,0
0,0,0
0,0,0
0,0,0
0,0,0
0,0,0
0,0,0
0,0,0
0,0,0
0,0,0
0,0,0
0,0,0
0,0,0
0,0,0
0,0,0
0,0,0
0,0,0
0,0,0
0,0,0
0,0,0
0,0,0
0,0,0
0,0,0
0,0,0
0,0,0
0,0,0
0,0,0
0,0,0
0,0,0
0,0,0
0,0,0
0,0,0
0,0,0
0,0,0
0,0,0
0,0,0
0,0,0
0,0,0
0,0,0
0,0,0
0,0,0
0,0,0
0,0,0
0,0,0
0,0,0
0,0,0
0,0,0
0,0,0
0,0,0
0,0,0
0,0,0
0,0,0
0,0,0
0,0,0
0,0,0
0,0,0
0,0,0
0,0,0
0,0,0
0,0,0
0,0,0
0,0,0
0,0,0
0,0,0
0,0,0
0,0,0
0,0,0
0,0,0
0,0,0
0,0,0
0,0,0
0,0,0
0,0,0
0,0,0
0,0,0
0,0,0
0,0,0
0,0,0
0,0,0
0,0,0
0,0,0
0,0,0
0,0,0
0,0,0
0,0,0
0,0,0
0,0,0
0,0,0
0,0,0
0,0,0
0,0,0
0,0,0
0,0,0
0,0,0
0,0,0
0,0,0
0,0,0
0,0,0
0,0,0
0,0,0
0,0,0
0,0,0
0,0,0
0,0,0
0,0,0
0,0,0
0,0,0
0,0,0
0,0,0
0,0,0
0,0,0
0,0,0
0,0,0
0,0,0
0,0,0
0,0,0
0,0,0
0,0,0
0,0,0
0,0,0
0,0,0
0,0,0
0,0,0
0,0,0
0,0,0
0,0,0
0,0,0
0,0,0
0,0,0
0,0,0
0,0,0
0,0,0
0,0,0
0,0,0
0,0,0
0,0,0
0,0,0
0,0,0
0,0,0
0,0,0
0,0,0
0,0,0
0,0,0
0,0,0
0,0,0
0,0,0
0,0,0
0,0,0
0,0,0
0,0,0
0,0,0
0,0,0
0,0,0
0,0,0
0,0,0
0,0,0
0,0,0
0,0,0
0,0,0
0,0,0
0,0,0
0,0,0
0,0,0
0,0,0
0,0,0
0,0,0
0,0,0
0,0,0
0,0,0
0,0,0
0,0,0
0,0,0
0,0,0
0,0,0
0,0,0
0,0,0
0,0,0
0,0,0
0,0,0
0,0,0
0,0,0
0,0,0
0,0,0
0,0,0
0,0,0
0,0,0
0,0,0
0,0,0
0,0,0
0,0,0
0,0,0
0,0,0
0,0,0
0,0,0
0,0,0
0,0,0
0,0,0
0,0,0
0,0,0
0,0,0
0,0,0
0,0,0
0,0,0
0,0,0
0,0,0
0,0,0
0,0,0
0,0,0
0,0,0
0,0,0
0,0,0
0,0,0
0,0,0
0,0,0
0,0,0
0,0,0
0,0,0
0,0,0
0,0,0
0,0,0
0,0,0
0,0,0
0,0,0
0,0,0
0,0,0
0,0,0
0,0,0
0,0,0
0,0,0
0,0,0
0,0,0
0,0,0
0,0,0
0,0,0
0,0,0
0,0,0
0,0,0
0,0,0
0,0,0
0,0,0
0,0,0
0,0,0
0,0,0
0,0,0
0,0,0
0,0,0
0,0,0
0,0,0
0,0,0
0,0,0
0,0,0
0,0,0
0,0,0
0,0,0
0,0,0
0,0,0
0,0,0
0,0,0
0,0,0
0,0,0
0,0,0
0,0,0
0,0,0
0,0,0
0,0,0
0,0,0
0,0,0
0,0,0
0,0,0
0,0,0
0,0,0
0,0,0
0,0,0
0,0,0
0,0,0
0,0,0
0,0,0
0,0,0
0,0,0
0,0,0
0,0,0
0,0,0
0,0,0
0,0,0
0,0,0
0,0,0
0,0,0
0,0,0
0,0,0
0,0,0
0,0,0
0,0,0
0,0,0
0,0,0
0,0,0
0,0,0
0,0,0
0,0,0
0,0,0
0,0,0
0,0,0
0,0,0
0,0,0
0,0,0
0,0,0
0,0,0
0,0,0
0,0,0
0,0,0
0,0,0
0,0,0
0,0,0
0,0,0
0,0,0
0,0,0
0,0,0
0,0,0
0,0,0
0,0,0
0,0,0
0,0,0
0,0,0
0,0,0
0,0,0
0,0,0
0,0,0
0,0,0
0,0,0
0,0,0
0,0,0
0,0,0
0,0,0
0,0,0
0,0,0
0,0,0
0,0,0
0,0,0
0,0,0
0,0,0
0,0,0
0,0,0
0,0,0
0,0,0
0,0,0
0,0,0
0,0,0
0,0,0
0,0,0
0,0,0
0,0,0
0,0,0
0,0,0
0,0,0
0,0,0
0,0,0
0,0,0
0,0,0
0,0,0
0,0,0
0,0,0
0,0,0
0,0,0
0,0,0
0,0,0
0,0,0
0,0,0
0,0,0
0,0,0
0,0,0
0,0,0
0,0,0
0,0,0
0,0,0
0,0,0
0,0,0
0,0,0
0,0,0
0,0,0
0,0,0
0,0,0
0,0,0
0,0,0
0,0,0
0,0,0
0,0,0
0,0,0
0,0,0
0,0,0
0,0,0
0,0,0
0,0,0
0,0,0
0,0,0
0,0,0
0,0,0
0,0,0
0,0,0
0,0,0
0,0,0
0,0,0
0,0,0
0,0,0
0,0,0
0,0,0
0,0,0
0,0,0
0,0,0
0,0,0
0,0,0
0,0,0
0,0,0
0,0,0
0,0,0
0,0,0
0,0,0
0,0,0
0,0,0
0,0,0
0,0,0
0,0,0
0,0,0
0,0,0
0,0,0
0,0,0
0,0,0
0,0,0
0,0,0
0,0,0
0,0,0
0,0,0
0,0,0
0,0,0
0,0,0
0,0,0
0,0,0
0,0,0
0,0,0
0,0,0
0,0,0
0,0,0
0,0,0
0,0,0
0,0,0
0,0,0
0,0,0
0,0,0
0,0,0
0,0,0
0,0,0
0,0,0
0,0,0
0,0,0
0,0,0
0,0,0
0,0,0
0,0,0
0,0,0
0,0,0
0,0,0
0,0,0
0,0,0
0,0,0
0,0,0
0,0,0
0,0,0
0,0,0
0,0,0
0,0,0
0,0,0
0,0,0
0,0,0
0,0,0
0,0,0
0,0,0
0,0,0
0,0,0
0,0,0
0,0,0
0,0,0
0,0,0
0,0,0
0,0,0
0,0,0
0,0,0
0,0,0
0,0,0
0,0,0
0,0,0
0,0,0
0,0,0
0,0,0
0,0,0
0,0,0
0,0,0
0,0,0
0,0,0
0,0,0
0,0,0
0,0,0
0,0,0
0,0,0
0,0,0
0,0,0
0,0,0
0,0,0
0,0,0
0,0,0
0,0,0
0,0,0
0,0,0
0,0,0
0,0,0
0,0,0
0,0,0
0,0,0
0,0,0
0,0,0
0,0,0
0,0,0
0,0,0
0,0,0
0,0,0
0,0,0
0,0,0
0,0,0
0,0,0
0,0,0
0,0,0
0,0,0
0,0,0
0,0,0
0,0,0
0,0,0
0,0,0
0,0,0
0,0,0
0,0,0
0,0,0
0,0,0
0,0,0
0,0,0
0,0,0
0,0,0
0,0,0
0,0,0
0,0,0
0,0,0
0,0,0
0,0,0
0,0,0
0,0,0
0,0,0
0,0,0
0,0,0
0,0,0
0,0,0
0,0,0
0,0,0
0,0,0
0,0,0
0,0,0
0,0,0
0,0,0
0,0,0
0,0,0
0,0,0
0,0,0
0,0,0
0,0,0
0,0,0
0,0,0
0,0,0
0,0,0
0,0,0
0,0,0
0,0,0
0,0,0
0,0,0
0,0,0
0,0,0
0,0,0
0,0,0
0,0,0
0,0,0
0,0,0
0,0,0
0,0,0
0,0,0
0,0,0
0,0,0
0,0,0
0,0,0
0,0,0
0,0,0
0,0,0
0,0,0
0,0,0
0,0,0
0,0,0
0,0,0
0,0,0
0,0,0
0,0,0
0,0,0
0,0,0
0,0,0
0,0,0
0,0,0
0,0,0
0,0,0
0,0,0
0,0,0
0,0,0
0,0,0
0,0,0
0,0,0
0,0,0
0,0,0
0,0,0
0,0,0
0,0,0
0,0,0
0,0,0
0,0,0
0,0,0
0,0,0
0,0,0
0,0,0
0,0,0
0,0,0
0,0,0
0,0,0
0,0,0
0,0,0
0,0,0
0,0,0
0,0,0
0,0,0
0,0,0
0,0,0
0,0,0
0,0,0
0,0,0
0,0,0
0,0,0
0,0,0
0,0,0
0,0,0
0,0,0
0,0,0
0,0,0
0,0,0
0,0,0
0,0,0
0,0,0
0,0,0
0,0,0
0,0,0
0,0,0
0,0,0
0,0,0
0,0,0
0,0,0
0,0,0
0,0,0
0,0,0
0,0,0
0,0,0
0,0,0
0,0,0
0,0,0
0,0,0
0,0,0
0,0,0
0,0,0
0,0,0
0,0,0
0,0,0
0,0,0
0,0,0
0,0,0
0,0,0
0,0,0
0,0,0
0,0,0
0,0,0
0,0,0
0,0,0
0,0,0
0,0,0
0,0,0
0,0,0
0,0,0
0,0,0
0,0,0
0,0,0
0,0,0
0,0,0
0,0,0
0,0,0
0,0,0
0,0,0
0,0,0
0,0,0
0,0,0
0,0,0
0,0,0
0,0,0
0,0,0
0,0,0
0,0,0
0,0,0
0,0,0
0,0,0
0,0,0
0,0,0
0,0,0
0,0,0
0,0,0
0,0,0
0,0,0
0,0,0
0,0,0
0,0,0
0,0,0
0,0,0
0,0,0
0,0,0
0,0,0
0,0,0
0,0,0
0,0,0
0,0,0
0,0,0
0,0,0
0,0,0
0,0,0
0,0,0
0,0,0
0,0,0
0,0,0
0,0,0
0,0,0
0,0,0
0,0,0
0,0,0
0,0,0
0,0,0
0,0,0
0,0,0
0,0,0
0,0,0
0,0,0
0,0,0
0,0,0
0,0,0
0,0,0
0,0,0
0,0,0
0,0,0
0,0,0
0,0,0
0,0,0
0,0,0
0,0,0
0,0,0
0,0,0
0,0,0
0,0,0
0,0,0
0,0,0
0,0,0
0,0,0
0,0,0
0,0,0
0,0,0
0,0,0
0,0,0
0,0,0
0,0,0
0,0,0
0,0,0
0,0,0
0,0,0
0,0,0
0,0,0
0,0,0
0,0,0
0,0,0
0,0,0
0,0,0
0,0,0
0,0,0
0,0,0
0,0,0
0,0,0
0,0,0
0,0,0
0,0,0
0,0,0
0,0,0
0,0,0
0,0,0
0,0,0
0,0,0
0,0,0
0,0,0
0,0,0
0,0,0
0,0,0
0,0,0
0,0,0
0,0,0
0,0,0
0,0,0
0,0,0
0,0,0
0,0,0
0,0,0
0,0,0
0,0,0
0,0,0
0,0,0
0,0,0
0,0,0
0,0,0
0,0,0
0,0,0
0,0,0
0,0,0
0,0,0
0,0,0
0,0,0
0,0,0
0,0,0
0,0,0
0,0,0
0,0,0
0,0,0
0,0,0
0,0,0
0,0,0
0,0,0
0,0,0
0,0,0
0,0,0
0,0,0
0,0,0
0,0,0
0,0,0
0,0,0
0,0,0
0,0,0
0,0,0
0,0,0
0,0,0
0,0,0
0,0,0
0,0,0
0,0,0
0,0,0
0,0,0
0,0,0
0,0,0
0,0,0
0,0,0
0,0,0
0,0,0
0,0,0
0,0,0
0,0,0
0,0,0
0,0,0
0,0,0
0,0,0
0,0,0
0,0,0
0,0,0
0,0,0
0,0,0
0,0,0
0,0,0
0,0,0
0,0,0
0,0,0
0,0,0
0,0,0
0,0,0
0,0,0
0,0,0
0,0,0
0,0,0
0,0,0
0,0,0
0,0,0
0,0,0
0,0,0
0,0,0
0,0,0
0,0,0
0,0,0
0,0,0
0,0,0
0,0,0
0,0,0
0,0,0
0,0,0
0,0,0
0,0,0
0,0,0
0,0,0
0,0,0
0,0,0
0,0,0
0,0,0
0,0,0
0,0,0
0,0,0
0,0,0
0,0,0
0,0,0
0,0,0
0,0,0
0,0,0
0,0,0
0,0,0
0,0,0
0,0,0
0,0,0
0,0,0
0,0,0
0,0,0
0,0,0
0,0,0
0,0,0
0,0,0
0,0,0
0,0,0
0,0,0
0,0,0
0,0,0
0,0,0
0,0,0
0,0,0
0,0,0
0,0,0
0,0,0
0,0,0
0,0,0
0,0,0
0,0,0
0,0,0
0,0,0
0,0,0
0,0,0
0,0,0
0,0,0
0,0,0
0,0,0
0,0,0
0,0,0
0,0,0
0,0,0
0,0,0
0,0,0
0,0,0
0,0,0
0,0,0
0,0,0
0,0,0
0,0,0
0,0,0
0,0,0
0,0,0
0,0,0
0,0,0
0,0,0
0,0,0
0,0,0
0,0,0
0,0,0
0,0,0
0,0,0
0,0,0
0,0,0
0,0,0
0,0,0
0,0,0
0,0,0
0,0,0
0,0,0
0,0,0
0,0,0
0,0,0
0,0,0
0,0,0
0,0,0
0,0,0
0,0,0
0,0,0
0,0,0
0,0,0
0,0,0
0,0,0
0,0,0
0,0,0
0,0,0
0,0,0
0,0,0
0,0,0
0,0,0
0,0,0
0,0,0
0,0,0
0,0,0
0,0,0
0,0,0
0,0,0
0,0,0
0,0,0
0,0,0
0,0,0
0,0,0
0,0,0
0,0,0
0,0,0
0,0,0
0,0,0
0,0,0
0,0,0
0,0,0
0,0,0
0,0,0
0,0,0
0,0,0
0,0,0
0,0,0
0,0,0
0,0,0
0,0,0
0,0,0
0,0,0
0,0,0
0,0,0
0,0,0
0,0,0
0,0,0
0,0,0
0,0,0
0,0,0
0,0,0
0,0,0
0,0,0
0,0,0
0,0,0
0,0,0
0,0,0
0,0,0
0,0,0
0,0,0
0,0,0
0,0,0
0,0,0
0,0,0
0,0,0
0,0,0
0,0,0
0,0,0
0,0,0
0,0,0
0,0,0
0,0,0
0,0,0
0,0,0
0,0,0
0,0,0
0,0,0
0,0,0
0,0,0
0,0,0
0,0,0
0,0,0
0,0,0
0,0,0
0,0,0
0,0,0
0,0,0
0,0,0
0,0,0
0,0,0
0,0,0
0,0,0
0,0,0
0,0,0
0,0,0
0,0,0
0,0,0
0,0,0
0,0,0
0,0,0
0,0,0
0,0,0
0,0,0
0,0,0
0,0,0
0,0,0
0,0,0
0,0,0
0,0,0
0,0,0
0,0,0
0,0,0
0,0,0
0,0,0
0,0,0
0,0,0
0,0,0
0,0,0
0,0,0
0,0,0
0,0,0
0,0,0
0,0,0
0,0,0
0,0,0
0,0,0
0,0,0
0,0,0
0,0,0
0,0,0
0,0,0
0,0,0
0,0,0
0,0,0
0,0,0
0,0,0
0,0,0
0,0,0
0,0,0
0,0,0
0,0,0
0,0,0
0,0,0
0,0,0
0,0,0
0,0,0
0,0,0
0,0,0
0,0,0
0,0,0
0,0,0
0,0,0
0,0,0
0,0,0
0,0,0
0,0,0
0,0,0
0,0,0
0,0,0
0,0,0
0,0,0
0,0,0
0,0,0
0,0,0
0,0,0
0,0,0
0,0,0
0,0,0
0,0,0
0,0,0
0,0,0
0,0,0
0,0,0
0,0,0
0,0,0
0,0,0
0,0,0
0,0,0
0,0,0
0,0,0
0,0,0
0,0,0
0,0,0
0,0,0
0,0,0
0,0,0
0,0,0
0,0,0
0,0,0
0,0,0
0,0,0
0,0,0
0,0,0
0,0,0
0,0,0
0,0,0
0,0,0
0,0,0
0,0,0
0,0,0
0,0,0
0,0,0
0,0,0
0,0,0
0,0,0
0,0,0
0,0,0
0,0,0
0,0,0
0,0,0
0,0,0
0,0,0
0,0,0
0,0,0
0,0,0
0,0,0
0,0,0
0,0,0
0,0,0
0,0,0
0,0,0
0,0,0
0,0,0
0,0,0
0,0,0
0,0,0
0,0,0
0,0,0
0,0,0
0,0,0
0,0,0
0,0,0
0,0,0
0,0,0
0,0,0
0,0,0
0,0,0
0,0,0
0,0,0
0,0,0
0,0,0
0,0,0
0,0,0
0,0,0
0,0,0
0,0,0
0,0,0
0,0,0
0,0,0
0,0,0
0,0,0
0,0,0
0,0,0
0,0,0
0,0,0
0,0,0
0,0,0
0,0,0
0,0,0
0,0,0
0,0,0
0,0,0
0,0,0
0,0,0
0,0,0
0,0,0
0,0,0
0,0,0
0,0,0
0,0,0
0,0,0
0,0,0
0,0,0
0,0,0
0,0,0
0,0,0
0,0,0
0,0,0
0,0,0
0,0,0
0,0,0
0,0,0
0,0,0
0,0,0
0,0,0
0,0,0
0,0,0
0,0,0
0,0,0
0,0,0
0,0,0
0,0,0
0,0,0
0,0,0
0,0,0
0,0,0
0,0,0
0,0,0
0,0,0
0,0,0
0,0,0
0,0,0
0,0,0
0,0,0
0,0,0
0,0,0
0,0,0
0,0,0
0,0,0
0,0,0
0,0,0
0,0,0
0,0,0
0,0,0
0,0,0
0,0,0
0,0,0
0,0,0
0,0,0
0,0,0
0,0,0
0,0,0
0,0,0
0,0,0
0,0,0
0,0,0
0,0,0
0,0,0
0,0,0
0,0,0
0,0,0
0,0,0
0,0,0
0,0,0
0,0,0
0,0,0
0,0,0
0,0,0
0,0,0
0,0,0
0,0,0
0,0,0
0,0,0
0,0,0
0,0,0
0,0,0
0,0,0
0,0,0
0,0,0
0,0,0
0,0,0
0,0,0
0,0,0
0,0,0
0,0,0
0,0,0
0,0,0
0,0,0
0,0,0
0,0,0
0,0,0
0,0,0
0,0,0
0,0,0
0,0,0
0,0,0
0,0,0
0,0,0
0,0,0
0,0,0
0,0,0
0,0,0
0,0,0
0,0,0
0,0,0
0,0,0
0,0,0
0,0,0
0,0,0
0,0,0
0,0,0
0,0,0
0,0,0
0,0,0
0,0,0
0,0,0
0,0,0
0,0,0
0,0,0
0,0,0
0,0,0
0,0,0
0,0,0
0,0,0
0,0,0
0,0,0
0,0,0
0,0,0
0,0,0
0,0,0
0,0,0
0,0,0
0,0,0
0,0,0
0,0,0
0,0,0
0,0,0
0,0,0
0,0,0
0,0,0
0,0,0
0,0,0
0,0,0
0,0,0
0,0,0
0,0,0
0,0,0
0,0,0
0,0,0
0,0,0
0,0,0
0,0,0
0,0,0
0,0,0
0,0,0
0,0,0
0,0,0
0,0,0
0,0,0
0,0,0
0,0,0
0,0,0
0,0,0
0,0,0
0,0,0
0,0,0
0,0,0
0,0,0
0,0,0
0,0,0
0,0,0
0,0,0
0,0,0
0,0,0
0,0,0
0,0,0
0,0,0
0,0,0
0,0,0
0,0,0
0,0,0
0,0,0
0,0,0
0,0,0
0,0,0
0,0,0
0,0,0
0,0,0
0,0,0
0,0,0
0,0,0
0,0,0
0,0,0
0,0,0
0,0,0
0,0,0
0,0,0
0,0,0
0,0,0
0,0,0
0,0,0
0,0,0
0,0,0
0,0,0
0,0,0
0,0,0
0,0,0
0,0,0
0,0,0
0,0,0
0,0,0
0,0,0
0,0,0
0,0,0
0,0,0
0,0,0
0,0,0
0,0,0
0,0,0
0,0,0
0,0,0
0,0,0
0,0,0
0,0,0
0,0,0
0,0,0
0,0,0
0,0,0
0,0,0
0,0,0
0,0,0
0,0,0
0,0,0
0,0,0
0,0,0
0,0,0
0,0,0
0,0,0
0,0,0
0,0,0
0,0,0
0,0,0
0,0,0
0,0,0
0,0,0
0,0,0
0,0,0
0,0,0
0,0,0
0,0,0
0,0,0
0,0,0
0,0,0
0,0,0
0,0,0
0,0,0
0,0,0
0,0,0
0,0,0
0,0,0
0,0,0
0,0,0
0,0,0
0,0,0
0,0,0
0,0,0
0,0,0
0,0,0
0,0,0
0,0,0
0,0,0
0,0,0
0,0,0
0,0,0
0,0,0
0,0,0
0,0,0
0,0,0
0,0,0
0,0,0
0,0,0
0,0,0
0,0,0
0,0,0
0,0,0
0,0,0
0,0,0
0,0,0
0,0,0
0,0,0
0,0,0
0,0,0
0,0,0
0,0,0
0,0,0
0,0,0
0,0,0
0,0,0
0,0,0
0,0,0
0,0,0
0,0,0
0,0,0
0,0,0
0,0,0
0,0,0
0,0,0
0,0,0
0,0,0
0,0,0
0,0,0
0,0,0
0,0,0
0,0,0
0,0,0
0,0,0
0,0,0
0,0,0
0,0,0
0,0,0
0,0,0
0,0,0
0,0,0
0,0,0
0,0,0
0,0,0
0,0,0
0,0,0
0,0,0
0,0,0
0,0,0
0,0,0
0,0,0
0,0,0
0,0,0
0,0,0
0,0,0
0,0,0
0,0,0
0,0,0
0,0,0
0,0,0
0,0,0
0,0,0
0,0,0
0,0,0
0,0,0
0,0,0
0,0,0
0,0,0
0,0,0
0,0,0
0,0,0
0,0,0
0,0,0
0,0,0
0,0,0
0,0,0
0,0,0
0,0,0
0,0,0
0,0,0
0,0,0
0,0,0
0,0,0
0,0,0
0,0,0
0,0,0
0,0,0
0,0,0
0,0,0
0,0,0
0,0,0
0,0,0
0,0,0
0,0,0
0,0,0
0,0,0
0,0,0
0,0,0
0,0,0
0,0,0
0,0,0
0,0,0
0,0,0
0,0,0
0,0,0
0,0,0
0,0,0
0,0,0
0,0,0
0,0,0
0,0,0
0,0,0
0,0,0
0,0,0
0,0,0
0,0,0
0,0,0
0,0,0
0,0,0
0,0,0
0,0,0
0,0,0
0,0,0
0,0,0
0,0,0
0,0,0
0,0,0
0,0,0
0,0,0
0,0,0
0,0,0
0,0,0
0,0,0
0,0,0
0,0,0
0,0,0
0,0,0
0,0,0
0,0,0
0,0,0
0,0,0
0,0,0
0,0,0
0,0,0
0,0,0
0,0,0
0,0,0
0,0,0
0,0,0
0,0,0
0,0,0
0,0,0
0,0,0
0,0,0
0,0,0
0,0,0
0,0,0
0,0,0
0,0,0
0,0,0
0,0,0
0,0,0
0,0,0
0,0,0
0,0,0
0,0,0
0,0,0
0,0,0
0,0,0
0,0,0
0,0,0
0,0,0
0,0,0
0,0,0
0,0,0
0,0,0
0,0,0
0,0,0
0,0,0
0,0,0
0,0,0
0,0,0
0,0,0
0,0,0
0,0,0
0,0,0
0,0,0
0,0,0
0,0,0
0,0,0
0,0,0
0,0,0
0,0,0
0,0,0
0,0,0
0,0,0
0,0,0
0,0,0
0,0,0
0,0,0
0,0,0
0,0,0
0,0,0
0,0,0
0,0,0
0,0,0
0,0,0
0,0,0
0,0,0
0,0,0
0,0,0
0,0,0
0,0,0
0,0,0
0,0,0
0,0,0
0,0,0
0,0,0
0,0,0
0,0,0
0,0,0
0,0,0
0,0,0
0,0,0
0,0,0
0,0,0
0,0,0
0,0,0
0,0,0
0,0,0
0,0,0
0,0,0
0,0,0
0,0,0
0,0,0
0,0,0
0,0,0
0,0,0
0,0,0
0,0,0
0,0,0
0,0,0
0,0,0
0,0,0
0,0,0
0,0,0
0,0,0
0,0,0
0,0,0
0,0,0
0,0,0
0,0,0
0,0,0
0,0,0
0,0,0
0,0,0
0,0,0
0,0,0
0,0,0
0,0,0
0,0,0
0,0,0
0,0,0
0,0,0
0,0,0
0,0,0
0,0,0
0,0,0
0,0,0
0,0,0
0,0,0
0,0,0
0,0,0
0,0,0
0,0,0
0,0,0
0,0,0
0,0,0
0,0,0
0,0,0
0,0,0
0,0,0
0,0,0
0,0,0
0,0,0
0,0,0
0,0,0
0,0,0
0,0,0
0,0,0
0,0,0
0,0,0
0,0,0
0,0,0
0,0,0
0,0,0
0,0,0
0,0,0
0,0,0
0,0,0
0,0,0
0,0,0
0,0,0
0,0,0
0,0,0
0,0,0
0,0,0
0,0,0
0,0,0
0,0,0
0,0,0
0,0,0
0,0,0
0,0,0
0,0,0
0,0,0
0,0,0
0,0,0
0,0,0
0,0,0
0,0,0
0,0,0
0,0,0
0,0,0
0,0,0
0,0,0
0,0,0
0,0,0
0,0,0
0,0,0
0,0,0
0,0,0
0,0,0
0,0,0
0,0,0
0,0,0
0,0,0
0,0,0
0,0,0
0,0,0
0,0,0
0,0,0
0,0,0
0,0,0
0,0,0
0,0,0
0,0,0
0,0,0
0,0,0
0,0,0
0,0,0
0,0,0
0,0,0
0,0,0
0,0,0
0,0,0
0,0,0
0,0,0
0,0,0
0,0,0
0,0,0
0,0,0
0,0,0
0,0,0
0,0,0
0,0,0
0,0,0
0,0,0
0,0,0
0,0,0
0,0,0
0,0,0
0,0,0
0,0,0
0,0,0
0,0,0
0,0,0
0,0,0
0,0,0
0,0,0
0,0,0
0,0,0
0,0,0
0,0,0
0,0,0
0,0,0
0,0,0
0,0,0
0,0,0
0,0,0
0,0,0
0,0,0
0,0,0
0,0,0
0,0,0
0,0,0
0,0,0
0,0,0
0,0,0
0,0,0
0,0,0
0,0,0
0,0,0
0,0,0
0,0,0
0,0,0
0,0,0
0,0,0
0,0,0
0,0,0
0,0,0
0,0,0
0,0,0
0,0,0
0,0,0
0,0,0
0,0,0
0,0,0
0,0,0
0,0,0
0,0,0
0,0,0
0,0,0
0,0,0
0,0,0
0,0,0
0,0,0
0,0,0
0,0,0
0,0,0
0,0,0
0,0,0
0,0,0
0,0,0
0,0,0
0,0,0
0,0,0
0,0,0
0,0,0
0,0,0
0,0,0
0,0,0
0,0,0
0,0,0
0,0,0
0,0,0
0,0,0
0,0,0
0,0,0
0,0,0
0,0,0
0,0,0
0,0,0
0,0,0
0,0,0
0,0,0
0,0,0
0,0,0
0,0,0
0,0,0
0,0,0
0,0,0
0,0,0
0,0,0
0,0,0
0,0,0
0,0,0
0,0,0
0,0,0
0,0,0
0,0,0
0,0,0
0,0,0
0,0,0
0,0,0
0,0,0
0,0,0
0,0,0
0,0,0
0,0,0
0,0,0
0,0,0
0,0,0
0,0,0
0,0,0
0,0,0
0,0,0
0,0,0
0,0,0
0,0,0
0,0,0
0,0,0
0,0,0
0,0,0
0,0,0
0,0,0
0,0,0
0,0,0
0,0,0
0,0,0
0,0,0
0,0,0
0,0,0
0,0,0
0,0,0
0,0,0
0,0,0
0,0,0
0,0,0
0,0,0
0,0,0
0,0,0
0,0,0
0,0,0
0,0,0
0,0,0
0,0,0
0,0,0
0,0,0
0,0,0
0,0,0
0,0,0
0,0,0
0,0,0
0,0,0
0,0,0
0,0,0
0,0,0
0,0,0
0,0,0
0,0,0
0,0,0
0,0,0
0,0,0
0,0,0
0,0,0
0,0,0
0,0,0
0,0,0
0,0,0
0,0,0
0,0,0
0,0,0
0,0,0
0,0,0
0,0,0
0,0,0
0,0,0
0,0,0
0,0,0
0,0,0
0,0,0
0,0,0
0,0,0
0,0,0
0,0,0
0,0,0
0,0,0
0,0,0
0,0,0
0,0,0
0,0,0
0,0,0
0,0,0
0,0,0
0,0,0
0,0,0
0,0,0
0,0,0
0,0,0
0,0,0
0,0,0
0,0,0
0,0,0
0,0,0
0,0,0
0,0,0
0,0,0
0,0,0
0,0,0
0,0,0
0,0,0
0,0,0
0,0,0
0,0,0
0,0,0
0,0,0
0,0,0
0,0,0
0,0,0
0,0,0
0,0,0
0,0,0
0,0,0
0,0,0
0,0,0
0,0,0
0,0,0
0,0,0
0,0,0
0,0,0
0,0,0
0,0,0
0,0,0
0,0,0
0,0,0
0,0,0
0,0,0
0,0,0
0,0,0
0,0,0
0,0,0
0,0,0
0,0,0
0,0,0
0,0,0
0,0,0
0,0,0
0,0,0
0,0,0
0,0,0
0,0,0
0,0,0
0,0,0
0,0,0
0,0,0
0,0,0
0,0,0
0,0,0
0,0,0
0,0,0
0,0,0
0,0,0
0,0,0
0,0,0
0,0,0
0,0,0
0,0,0
0,0,0
0,0,0
0,0,0
0,0,0
0,0,0
0,0,0
0,0,0
0,0,0
0,0,0
0,0,0
0,0,0
0,0,0
0,0,0
0,0,0
0,0,0
0,0,0
0,0,0
0,0,0
0,0,0
0,0,0
0,0,0
0,0,0
0,0,0
0,0,0
0,0,0
0,0,0
0,0,0
0,0,0
0,0,0
0,0,0
0,0,0
0,0,0
0,0,0
0,0,0
0,0,0
0,0,0
0,0,0
0,0,0
0,0,0
0,0,0
0,0,0
0,0,0
0,0,0
0,0,0
0,0,0
0,0,0
0,0,0
0,0,0
0,0,0
0,0,0
0,0,0
0,0,0
0,0,0
0,0,0
0,0,0
0,0,0
0,0,0
0,0,0
0,0,0
0,0,0
0,0,0
0,0,0
0,0,0
0,0,0
0,0,0
0,0,0
0,0,0
0,0,0
0,0,0
0,0,0
0,0,0
0,0,0
0,0,0
0,0,0
0,0,0
0,0,0
0,0,0
0,0,0
0,0,0
0,0,0
0,0,0
0,0,0
0,0,0
0,0,0
0,0,0
0,0,0
0,0,0
0,0,0
0,0,0
0,0,0
0,0,0
0,0,0
0,0,0
0,0,0
0,0,0
0,0,0
0,0,0
0,0,0
0,0,0
0,0,0
0,0,0
0,0,0
0,0,0
0,0,0
0,0,0
0,0,0
0,0,0
0,0,0
0,0,0
0,0,0
0,0,0
0,0,0
0,0,0
0,0,0
0,0,0
0,0,0
0,0,0
0,0,0
0,0,0
0,0,0
0,0,0
0,0,0
0,0,0
0,0,0
0,0,0
0,0,0
0,0,0
0,0,0
0,0,0
0,0,0
0,0,0
0,0,0
0,0,0
0,0,0
0,0,0
0,0,0
0,0,0
0,0,0
0,0,0
0,0,0
0,0,0
0,0,0
0,0,0
0,0,0
0,0,0
0,0,0
0,0,0
0,0,0
0,0,0
0,0,0
0,0,0
0,0,0
0,0,0
0,0,0
0,0,0
0,0,0
0,0,0
0,0,0
0,0,0
0,0,0
0,0,0
0,0,0
0,0,0
0,0,0
0,0,0
0,0,0
0,0,0
0,0,0
0,0,0
0,0,0
0,0,0
0,0,0
0,0,0
0,0,0
0,0,0
0,0,0
0,0,0
0,0,0
0,0,0
0,0,0
0,0,0
0,0,0
0,0,0
0,0,0
0,0,0
0,0,0
0,0,0
0,0,0
0,0,0
0,0,0
0,0,0
0,0,0
0,0,0
0,0,0
0,0,0
0,0,0
0,0,0
0,0,0
0,0,0
0,0,0
0,0,0
0,0,0
0,0,0
0,0,0
0,0,0
0,0,0
0,0,0
0,0,0
0,0,0
0,0,0
0,0,0
0,0,0
0,0,0
0,0,0
0,0,0
0,0,0
0,0,0
0,0,0
0,0,0
0,0,0
0,0,0
0,0,0
0,0,0
0,0,0
0,0,0
0,0,0
0,0,0
0,0,0
0,0,0
0,0,0
0,0,0
0,0,0
0,0,0
0,0,0
0,0,0
0,0,0
0,0,0
0,0,0
0,0,0
0,0,0
0,0,0
0,0,0
0,0,0
0,0,0
0,0,0
0,0,0
0,0,0
0,0,0
0,0,0
0,0,0
0,0,0
0,0,0
0,0,0
0,0,0
0,0,0
0,0,0
0,0,0
0,0,0
0,0,0
0,0,0
0,0,0
0,0,0
0,0,0
0,0,0
0,0,0
0,0,0
0,0,0
0,0,0
0,0,0
0,0,0
0,0,0
0,0,0
0,0,0
0,0,0
0,0,0
0,0,0
0,0,0
0,0,0
0,0,0
0,0,0
0,0,0
0,0,0
0,0,0
0,0,0
0,0,0
0,0,0
0,0,0
0,0,0
0,0,0
0,0,0
0,0,0
0,0,0
0,0,0
0,0,0
0,0,0
0,0,0
0,0,0
0,0,0
0,0,0
0,0,0
0,0,0
0,0,0
0,0,0
0,0,0
0,0,0
0,0,0
0,0,0
0,0,0
0,0,0
0,0,0
0,0,0
0,0,0
0,0,0
0,0,0
0,0,0
0,0,0
0,0,0
0,0,0
0,0,0
0,0,0
0,0,0
0,0,0
0,0,0
0,0,0
0,0,0
0,0,0
0,0,0
0,0,0
0,0,0
0,0,0
0,0,0
0,0,0
0,0,0
0,0,0
0,0,0
0,0,0
0,0,0
0,0,0
0,0,0
0,0,0
0,0,0
0,0,0
0,0,0
0,0,0
0,0,0
0,0,0
0,0,0
0,0,0
0,0,0
0,0,0
0,0,0
0,0,0
0,0,0
0,0,0
0,0,0
0,0,0
0,0,0
0,0,0
0,0,0
0,0,0
0,0,0
0,0,0
0,0,0
0,0,0
0,0,0
0,0,0
0,0,0
0,0,0
0,0,0
0,0,0
0,0,0
0,0,0
0,0,0
0,0,0
0,0,0
0,0,0
0,0,0
0,0,0
0,0,0
0,0,0
0,0,0
0,0,0
0,0,0
0,0,0
0,0,0
0,0,0
0,0,0
0,0,0
0,0,0
0,0,0
0,0,0
0,0,0
0,0,0
0,0,0
0,0,0
0,0,0
0,0,0
0,0,0
0,0,0
0,0,0
0,0,0
0,0,0
0,0,0
0,0,0
0,0,0
0,0,0
0,0,0
0,0,0
0,0,0
0,0,0
0,0,0
0,0,0
0,0,0
0,0,0
0,0,0
0,0,0
0,0,0
0,0,0
0,0,0
0,0,0
0,0,0
0,0,0
0,0,0
0,0,0
0,0,0
0,0,0
0,0,0
0,0,0
0,0,0
0,0,0
0,0,0
0,0,0
0,0,0
0,0,0
0,0,0
0,0,0
0,0,0
0,0,0
0,0,0
0,0,0
0,0,0
0,0,0
0,0,0
0,0,0
0,0,0
0,0,0
0,0,0
0,0,0
0,0,0
0,0,0
0,0,0
0,0,0
0,0,0
0,0,0
0,0,0
0,0,0
0,0,0
0,0,0
0,0,0
0,0,0
0,0,0
0,0,0
0,0,0
0,0,0
0,0,0
0,0,0
0,0,0
0,0,0
0,0,0
0,0,0
0,0,0
0,0,0
0,0,0
0,0,0
0,0,0
0,0,0
0,0,0
0,0,0
0,0,0
0,0,0
0,0,0
0,0,0
0,0,0
0,0,0
0,0,0
0,0,0
0,0,0
0,0,0
0,0,0
0,0,0
0,0,0
0,0,0
0,0,0
0,0,0
0,0,0
0,0,0
0,0,0
0,0,0
0,0,0
0,0,0
0,0,0
0,0,0
0,0,0
0,0,0
0,0,0
0,0,0
0,0,0
0,0,0
0,0,0
0,0,0
0,0,0
0,0,0
0,0,0
0,0,0
0,0,0
0,0,0
0,0,0
0,0,0
0,0,0
0,0,0
0,0,0
0,0,0
0,0,0
0,0,0
0,0,0
0,0,0
0,0,0
0,0,0
0,0,0
0,0,0
0,0,0
0,0,0
0,0,0
0,0,0
0,0,0
0,0,0
0,0,0
0,0,0
0,0,0
0,0,0
0,0,0
0,0,0
0,0,0
0,0,0
0,0,0
0,0,0
0,0,0
0,0,0
0,0,0
0,0,0
0,0,0
0,0,0
0,0,0
0,0,0
0,0,0
0,0,0
0,0,0
0,0,0
0,0,0
0,0,0
0,0,0
0,0,0
0,0,0
0,0,0
0,0,0
0,0,0
0,0,0
0,0,0
0,0,0
0,0,0
0,0,0
0,0,0
0,0,0
0,0,0
0,0,0
0,0,0
0,0,0
0,0,0
0,0,0
0,0,0
0,0,0
0,0,0
0,0,0
0,0,0
0,0,0
0,0,0
0,0,0
0,0,0
0,0,0
0,0,0
0,0,0
0,0,0
0,0,0
0,0,0
0,0,0
0,0,0
0,0,0
0,0,0
0,0,0
0,0,0
0,0,0
0,0,0
0,0,0
0,0,0
0,0,0
0,0,0
0,0,0
0,0,0
0,0,0
0,0,0
0,0,0
0,0,0
0,0,0
0,0,0
0,0,0
0,0,0
0,0,0
0,0,0
0,0,0
0,0,0
0,0,0
0,0,0
0,0,0
0,0,0
0,0,0
0,0,0
0,0,0
0,0,0
0,0,0
0,0,0
0,0,0
0,0,0
0,0,0
0,0,0
0,0,0
0,0,0
0,0,0
0,0,0
0,0,0
0,0,0
0,0,0
0,0,0
0,0,0
0,0,0
0,0,0
0,0,0
0,0,0
0,0,0
0,0,0
0,0,0
0,0,0
0,0,0
0,0,0
0,0,0
0,0,0
0,0,0
0,0,0
0,0,0
0,0,0
0,0,0
0,0,0
0,0,0
0,0,0
0,0,0
0,0,0
0,0,0
0,0,0
0,0,0
0,0,0
0,0,0
0,0,0
0,0,0
0,0,0
0,0,0
0,0,0
0,0,0
0,0,0
0,0,0
0,0,0
0,0,0
0,0,0
0,0,0
0,0,0
0,0,0
0,0,0
0,0,0
0,0,0
0,0,0
0,0,0
0,0,0
0,0,0
0,0,0
0,0,0
0,0,0
0,0,0
0,0,0
0,0,0
0,0,0
0,0,0
0,0,0
0,0,0
0,0,0
0,0,0
0,0,0
0,0,0
0,0,0
0,0,0
0,0,0
0,0,0
0,0,0
0,0,0
0,0,0
0,0,0
0,0,0
0,0,0
0,0,0
0,0,0
0,0,0
0,0,0
0,0,0
0,0,0
0,0,0
0,0,0
0,0,0
0,0,0
0,0,0
0,0,0
0,0,0
0,0,0
0,0,0
0,0,0
0,0,0
0,0,0
0,0,0
0,0,0
0,0,0
0,0,0
0,0,0
0,0,0
0,0,0
0,0,0
0,0,0
0,0,0
0,0,0
0,0,0
0,0,0
0,0,0
0,0,0
0,0,0
0,0,0
0,0,0
0,0,0
0,0,0
0,0,0
0,0,0
0,0,0
0,0,0
0,0,0
0,0,0
0,0,0
0,0,0
0,0,0
0,0,0
0,0,0
0,0,0
0,0,0
0,0,0
0,0,0
0,0,0
0,0,0
0,0,0
0,0,0
0,0,0
0,0,0
0,0,0
0,0,0
0,0,0
0,0,0
0,0,0
0,0,0
0,0,0
0,0,0
0,0,0
0,0,0
0,0,0
0,0,0
0,0,0
0,0,0
0,0,0
0,0,0
0,0,0
0,0,0
0,0,0
0,0,0
0,0,0
0,0,0
0,0,0
0,0,0
0,0,0
0,0,0
0,0,0
0,0,0
0,0,0
0,0,0
0,0,0
0,0,0
0,0,0
0,0,0
0,0,0
0,0,0
0,0,0
0,0,0
0,0,0
0,0,0
0,0,0
0,0,0
0,0,0
0,0,0
0,0,0
0,0,0
0,0,0
0,0,0
0,0,0
0,0,0
0,0,0
0,0,0
0,0,0
0,0,0
0,0,0
0,0,0
0,0,0
0,0,0
0,0,0
0,0,0
0,0,0
0,0,0
0,0,0
0,0,0
0,0,0
0,0,0
0,0,0
0,0,0
0,0,0
0,0,0
0,0,0
0,0,0
0,0,0
0,0,0
0,0,0
0,0,0
0,0,0
0,0,0
0,0,0
0,0,0
0,0,0
0,0,0
0,0,0
0,0,0
0,0,0
0,0,0
0,0,0
0,0,0
0,0,0
0,0,0
0,0,0
0,0,0
0,0,0
0,0,0
0,0,0
0,0,0
0,0,0
0,0,0
0,0,0
0,0,0
0,0,0
0,0,0
0,0,0
0,0,0
0,0,0
0,0,0
0,0,0
0,0,0
0,0,0
0,0,0
0,0,0
0,0,0
0,0,0
0,0,0
0,0,0
0,0,0
0,0,0
0,0,0
0,0,0
0,0,0
0,0,0
0,0,0
0,0,0
0,0,0
0,0,0
0,0,0
0,0,0
0,0,0
0,0,0
0,0,0
0,0,0
0,0,0
0,0,0
0,0,0
0,0,0
0,0,0
0,0,0
0,0,0
0,0,0
0,0,0
0,0,0
0,0,0
0,0,0
0,0,0
0,0,0
0,0,0
0,0,0
0,0,0
0,0,0
0,0,0
0,0,0
0,0,0
0,0,0
0,0,0
0,0,0
0,0,0
0,0,0
0,0,0
0,0,0
0,0,0
0,0,0
0,0,0
0,0,0
0,0,0
0,0,0
0,0,0
0,0,0
0,0,0
0,0,0
0,0,0
0,0,0
0,0,0
0,0,0
0,0,0
0,0,0
0,0,0
0,0,0
0,0,0
0,0,0
0,0,0
0,0,0
0,0,0
0,0,0
0,0,0
0,0,0
0,0,0
0,0,0
0,0,0
0,0,0
0,0,0
0,0,0
0,0,0
0,0,0
0,0,0
0,0,0
0,0,0
0,0,0
0,0,0
0,0,0
0,0,0
0,0,0
0,0,0
0,0,0
0,0,0
0,0,0
0,0,0
0,0,0
0,0,0
0,0,0
0,0,0
0,0,0
0,0,0
0,0,0
0,0,0
0,0,0
0,0,0
0,0,0
0,0,0
0,0,0
0,0,0
0,0,0
0,0,0
0,0,0
0,0,0
0,0,0
0,0,0
0,0,0
0,0,0
0,0,0
0,0,0
0,0,0
0,0,0
0,0,0
0,0,0
0,0,0
0,0,0
0,0,0
0,0,0
0,0,0
0,0,0
0,0,0
0,0,0
0,0,0
0,0,0
0,0,0
0,0,0
0,0,0
0,0,0
0,0,0
0,0,0
0,0,0
0,0,0
0,0,0
0,0,0
0,0,0
0,0,0
0,0,0
0,0,0
0,0,0
0,0,0
0,0,0
0,0,0
0,0,0
0,0,0
0,0,0
0,0,0
0,0,0
0,0,0
0,0,0
0,0,0
0,0,0
0,0,0
0,0,0
0,0,0
0,0,0
0,0,0
0,0,0
0,0,0
0,0,0
0,0,0
0,0,0
0,0,0
0,0,0
0,0,0
0,0,0
0,0,0
0,0,0
0,0,0
0,0,0
0,0,0
0,0,0
0,0,0
0,0,0
0,0,0
0,0,0
0,0,0
0,0,0
0,0,0
0,0,0
0,0,0
0,0,0
0,0,0
0,0,0
0,0,0
0,0,0
0,0,0
0,0,0
0,0,0
0,0,0
0,0,0
0,0,0
0,0,0
0,0,0
0,0,0
0,0,0
0,0,0
0,0,0
0,0,0
0,0,0
0,0,0
0,0,0
0,0,0
0,0,0
0,0,0
0,0,0
0,0,0
0,0,0
0,0,0
0,0,0
0,0,0
0,0,0
0,0,0
0,0,0
0,0,0
0,0,0
0,0,0
0,0,0
0,0,0
0,0,0
0,0,0
0,0,0
0,0,0
0,0,0
0,0,0
0,0,0
0,0,0
0,0,0
0,0,0
0,0,0
0,0,0
0,0,0
0,0,0
0,0,0
0,0,0
0,0,0
0,0,0
0,0,0
0,0,0
0,0,0
0,0,0
0,0,0
0,0,0
0,0,0
0,0,0
0,0,0
0,0,0
0,0,0
0,0,0
0,0,0
0,0,0
0,0,0
0,0,0
0,0,0
0,0,0
0,0,0
0,0,0
0,0,0
0,0,0
0,0,0
0,0,0
0,0,0
0,0,0
0,0,0
0,0,0
0,0,0
0,0,0
0,0,0
0,0,0
0,0,0
0,0,0
0,0,0
0,0,0
0,0,0
0,0,0
0,0,0
0,0,0
0,0,0
0,0,0
0,0,0
0,0,0
0,0,0
0,0,0
0,0,0
0,0,0
0,0,0
0,0,0
0,0,0
0,0,0
0,0,0
0,0,0
0,0,0
0,0,0
0,0,0
0,0,0
0,0,0
0,0,0
0,0,0
0,0,0
0,0,0
0,0,0
0,0,0
0,0,0
0,0,0
0,0,0
0,0,0
0,0,0
0,0,0
0,0,0
0,0,0
0,0,0
0,0,0
0,0,0
0,0,0
0,0,0
0,0,0
0,0,0
0,0,0
0,0,0
0,0,0
0,0,0
0,0,0
0,0,0
0,0,0
0,0,0
0,0,0
0,0,0
0,0,0
0,0,0
0,0,0
0,0,0
0,0,0
0,0,0
0,0,0
0,0,0
0,0,0
0,0,0
0,0,0
0,0,0
0,0,0
0,0,0
0,0,0
0,0,0
0,0,0
0,0,0
0,0,0
0,0,0
0,0,0
0,0,0
0,0,0
0,0,0
0,0,0
0,0,0
0,0,0
0,0,0
0,0,0
0,0,0
0,0,0
0,0,0
0,0,0
0,0,0
0,0,0
0,0,0
0,0,0
0,0,0
0,0,0
0,0,0
0,0,0
0,0,0
0,0,0
0,0,0
0,0,0
0,0,0
0,0,0
0,0,0
0,0,0
0,0,0
0,0,0
0,0,0
0,0,0
0,0,0
0,0,0
0,0,0
0,0,0
0,0,0
0,0,0
0,0,0
0,0,0
0,0,0
0,0,0
0,0,0
0,0,0
0,0,0
0,0,0
0,0,0
0,0,0
0,0,0
0,0,0
0,0,0
0,0,0
0,0,0
0,0,0
0,0,0
0,0,0
0,0,0
0,0,0
0,0,0
0,0,0
0,0,0
0,0,0
0,0,0
0,0,0
0,0,0
0,0,0
0,0,0
0,0,0
0,0,0
0,0,0
0,0,0
0,0,0
0,0,0
0,0,0
0,0,0
0,0,0
0,0,0
0,0,0
0,0,0
0,0,0
0,0,0
0,0,0
0,0,0
0,0,0
0,0,0
0,0,0
0,0,0
0,0,0
0,0,0
0,0,0
0,0,0
0,0,0
0,0,0
0,0,0
0,0,0
0,0,0
0,0,0
0,0,0
0,0,0
0,0,0
0,0,0
0,0,0
0,0,0
0,0,0
0,0,0
0,0,0
0,0,0
0,0,0
0,0,0
0,0,0
0,0,0
0,0,0
0,0,0
0,0,0
0,0,0
0,0,0
0,0,0
0,0,0
0,0,0
0,0,0
0,0,0
0,0,0
0,0,0
0,0,0
0,0,0
0,0,0
0,0,0
0,0,0
0,0,0
0,0,0
0,0,0
0,0,0
0,0,0
0,0,0
0,0,0
0,0,0
0,0,0
0,0,0
0,0,0
0,0,0
0,0,0
0,0,0
0,0,0
0,0,0
0,0,0
0,0,0
0,0,0
0,0,0
0,0,0
0,0,0
0,0,0
0,0,0
0,0,0
0,0,0
0,0,0
0,0,0
0,0,0
0,0,0
0,0,0
0,0,0
0,0,0
0,0,0
0,0,0
0,0,0
0,0,0
0,0,0
0,0,0
0,0,0
0,0,0
0,0,0
0,0,0
0,0,0
0,0,0
0,0,0
0,0,0
0,0,0
0,0,0
0,0,0
0,0,0
0,0,0
0,0,0
0,0,0
0,0,0
0,0,0
0,0,0
0,0,0
0,0,0
0,0,0
0,0,0
0,0,0
0,0,0
0,0,0
0,0,0
0,0,0
0,0,0
0,0,0
0,0,0
0,0,0
0,0,0
0,0,0
0,0,0
0,0,0
0,0,0
0,0,0
0,0,0
0,0,0
0,0,0
0,0,0
0,0,0
0,0,0
0,0,0
0,0,0
0,0,0
0,0,0
0,0,0
0,0,0
0,0,0
0,0,0
0,0,0
0,0,0
0,0,0
0,0,0
0,0,0
0,0,0
0,0,0
0,0,0
0,0,0
0,0,0
0,0,0
0,0,0
0,0,0
0,0,0
0,0,0
0,0,0
0,0,0
0,0,0
0,0,0
0,0,0
0,0,0
0,0,0
0,0,0
0,0,0
0,0,0
0,0,0
0,0,0
0,0,0
0,0,0
0,0,0
0,0,0
0,0,0
0,0,0
0,0,0
0,0,0
0,0,0
0,0,0
0,0,0
0,0,0
0,0,0
0,0,0
0,0,0
0,0,0
0,0,0
0,0,0
0,0,0
0,0,0
0,0,0
0,0,0
0,0,0
0,0,0
0,0,0
0,0,0
0,0,0
0,0,0
0,0,0
0,0,0
0,0,0
0,0,0
0,0,0
0,0,0
0,0,0
0,0,0
0,0,0
0,0,0
0,0,0
0,0,0
0,0,0
0,0,0
0,0,0
0,0,0
0,0,0
0,0,0
0,0,0
0,0,0
0,0,0
0,0,0
0,0,0
0,0,0
0,0,0
0,0,0
0,0,0
0,0,0
0,0,0
0,0,0
0,0,0
0,0,0
0,0,0
0,0,0
0,0,0
0,0,0
0,0,0
0,0,0
0,0,0
0,0,0
0,0,0
0,0,0
0,0,0
0,0,0
0,0,0
0,0,0
0,0,0
0,0,0
0,0,0
0,0,0
0,0,0
0,0,0
0,0,0
0,0,0
0,0,0
0,0,0
0,0,0
0,0,0
0,0,0
0,0,0
0,0,0
0,0,0
0,0,0
0,0,0
0,0,0
0,0,0
0,0,0
0,0,0
0,0,0
0,0,0
0,0,0
0,0,0
0,0,0
0,0,0
0,0,0
0,0,0
0,0,0
0,0,0
0,0,0
0,0,0
0,0,0
0,0,0
0,0,0
0,0,0
0,0,0
0,0,0
0,0,0
0,0,0
0,0,0
0,0,0
0,0,0
0,0,0
0,0,0
0,0,0
0,0,0
0,0,0
0,0,0
0,0,0
0,0,0
0,0,0
0,0,0
0,0,0
0,0,0
0,0,0
0,0,0
0,0,0
0,0,0
0,0,0
0,0,0
0,0,0
0,0,0
0,0,0
0,0,0
0,0,0
0,0,0
0,0,0
0,0,0
0,0,0
0,0,0
0,0,0
0,0,0
0,0,0
0,0,0
0,0,0
0,0,0
0,0,0
0,0,0
0,0,0
0,0,0
0,0,0
0,0,0
0,0,0
0,0,0
0,0,0
0,0,0
0,0,0
0,0,0
0,0,0
0,0,0
0,0,0
0,0,0
0,0,0
0,0,0
0,0,0
0,0,0
0,0,0
0,0,0
0,0,0
0,0,0
0,0,0
0,0,0
0,0,0
0,0,0
0,0,0
0,0,0
0,0,0
0,0,0
0,0,0
0,0,0
0,0,0
0,0,0
0,0,0
0,0,0
0,0,0
0,0,0
0,0,0
0,0,0
0,0,0
0,0,0
0,0,0
0,0,0
0,0,0
0,0,0
0,0,0
0,0,0
0,0,0
0,0,0
0,0,0
0,0,0
0,0,0
0,0,0
0,0,0
0,0,0
0,0,0
0,0,0
0,0,0
0,0,0
0,0,0
0,0,0
0,0,0
0,0,0
0,0,0
0,0,0
0,0,0
0,0,0
0,0,0
0,0,0
0,0,0
0,0,0
0,0,0
0,0,0
0,0,0
0,0,0
0,0,0
0,0,0
0,0,0
0,0,0
0,0,0
0,0,0
0,0,0
0,0,0
0,0,0
0,0,0
0,0,0
0,0,0
0,0,0
0,0,0
0,0,0
0,0,0
0,0,0
0,0,0
0,0,0
0,0,0
0,0,0
0,0,0
0,0,0
0,0,0
0,0,0
0,0,0
0,0,0
0,0,0
0,0,0
0,0,0
0,0,0
0,0,0
0,0,0
0,0,0
0,0,0
0,0,0
0,0,0
0,0,0
0,0,0
0,0,0
0,0,0
0,0,0
0,0,0
0,0,0
0,0,0
0,0,0
0,0,0
0,0,0
0,0,0
0,0,0
0,0,0
0,0,0
0,0,0
0,0,0
0,0,0
0,0,0
0,0,0
0,0,0
0,0,0
0,0,0
0,0,0
0,0,0
0,0,0
0,0,0
0,0,0
0,0,0
0,0,0
0,0,0
0,0,0
0,0,0
0,0,0
0,0,0
0,0,0
0,0,0
0,0,0
0,0,0
0,0,0
0,0,0
0,0,0
0,0,0
0,0,0
0,0,0
0,0,0
0,0,0
0,0,0
0,0,0
0,0,0
0,0,0
0,0,0
0,0,0
0,0,0
0,0,0
0,0,0
0,0,0
0,0,0
0,0,0
0,0,0
0,0,0
0,0,0
0,0,0
0,0,0
0,0,0
0,0,0
0,0,0
0,0,0
0,0,0
0,0,0
0,0,0
0,0,0
0,0,0
0,0,0
0,0,0
0,0,0
0,0,0
0,0,0
0,0,0
0,0,0
0,0,0
0,0,0
0,0,0
0,0,0
0,0,0
0,0,0
0,0,0
0,0,0
0,0,0
0,0,0
0,0,0
0,0,0
0,0,0
0,0,0
0,0,0
0,0,0
0,0,0
0,0,0
0,0,0
0,0,0
0,0,0
0,0,0
0,0,0
0,0,0
0,0,0
0,0,0
0,0,0
0,0,0
0,0,0
0,0,0
0,0,0
0,0,0
0,0,0
0,0,0
0,0,0
0,0,0
0,0,0
0,0,0
0,0,0
0,0,0
0,0,0
0,0,0
0,0,0
0,0,0
0,0,0
0,0,0
0,0,0
0,0,0
0,0,0
0,0,0
0,0,0
0,0,0
0,0,0
0,0,0
0,0,0
0,0,0
0,0,0
0,0,0
0,0,0
0,0,0
0,0,0
0,0,0
0,0,0
0,0,0
0,0,0
0,0,0
0,0,0
0,0,0
0,0,0
0,0,0
0,0,0
0,0,0
0,0,0
0,0,0
0,0,0
0,0,0
0,0,0
0,0,0
0,0,0
0,0,0
0,0,0
0,0,0
0,0,0
0,0,0
0,0,0
0,0,0
0,0,0
0,0,0
0,0,0
0,0,0
0,0,0
0,0,0
0,0,0
0,0,0
0,0,0
0,0,0
0,0,0
0,0,0
0,0,0
0,0,0
0,0,0
0,0,0
0,0,0
0,0,0
0,0,0
0,0,0
0,0,0
0,0,0
0,0,0
0,0,0
0,0,0
0,0,0
0,0,0
0,0,0
0,0,0
0,0,0
0,0,0
0,0,0
0,0,0
0,0,0
0,0,0
0,0,0
0,0,0
0,0,0
0,0,0
0,0,0
0,0,0
0,0,0
0,0,0
0,0,0
0,0,0
0,0,0
0,0,0
0,0,0
0,0,0
0,0,0
0,0,0
0,0,0
0,0,0
0,0,0
0,0,0
0,0,0
0,0,0
0,0,0
0,0,0
0,0,0
0,0,0
0,0,0
0,0,0
0,0,0
0,0,0
0,0,0
0,0,0
0,0,0
0,0,0
0,0,0
0,0,0
0,0,0
0,0,0
0,0,0
0,0,0
0,0,0
0,0,0
0,0,0
0,0,0
0,0,0
0,0,0
0,0,0
0,0,0
0,0,0
0,0,0
0,0,0
0,0,0
0,0,0
0,0,0
0,0,0
0,0,0
0,0,0
0,0,0
0,0,0
0,0,0
0,0,0
0,0,0
0,0,0
0,0,0
0,0,0
0,0,0
0,0,0
0,0,0
0,0,0
0,0,0
0,0,0
0,0,0
0,0,0
0,0,0
0,0,0
0,0,0
0,0,0
0,0,0
0,0,0
0,0,0
0,0,0
0,0,0
0,0,0
0,0,0
0,0,0
0,0,0
0,0,0
0,0,0
0,0,0
0,0,0
0,0,0
0,0,0
0,0,0
0,0,0
0,0,0
0,0,0
0,0,0
0,0,0
0,0,0
0,0,0
0,0,0
0,0,0
0,0,0
0,0,0
0,0,0
0,0,0
0,0,0
0,0,0
0,0,0
0,0,0
0,0,0
0,0,0
0,0,0
0,0,0
0,0,0
0,0,0
0,0,0
0,0,0
0,0,0
0,0,0
0,0,0
0,0,0
0,0,0
0,0,0
0,0,0
0,0,0
0,0,0
0,0,0
0,0,0
0,0,0
0,0,0
0,0,0
0,0,0
0,0,0
0,0,0
0,0,0
0,0,0
0,0,0
0,0,0
0,0,0
0,0,0
0,0,0
0,0,0
0,0,0
0,0,0
0,0,0
0,0,0
0,0,0
0,0,0
0,0,0
0,0,0
0,0,0
0,0,0
0,0,0
0,0,0
0,0,0
0,0,0
0,0,0
0,0,0
0,0,0
0,0,0
0,0,0
0,0,0
0,0,0
0,0,0
0,0,0
0,0,0
0,0,0
0,0,0
0,0,0
0,0,0
0,0,0
0,0,0
0,0,0
0,0,0
0,0,0
0,0,0
0,0,0
0,0,0
0,0,0
0,0,0
0,0,0
0,0,0
0,0,0
0,0,0
0,0,0
0,0,0
0,0,0
0,0,0
0,0,0
0,0,0
0,0,0
0,0,0
0,0,0
0,0,0
0,0,0
0,0,0
0,0,0
0,0,0
0,0,0
0,0,0
0,0,0
0,0,0
0,0,0
0,0,0
0,0,0
0,0,0
0,0,0
0,0,0
0,0,0
0,0,0
0,0,0
0,0,0
0,0,0
0,0,0
0,0,0
0,0,0
0,0,0
0,0,0
0,0,0
0,0,0
0,0,0
0,0,0
0,0,0
0,0,0
0,0,0
0,0,0
0,0,0
0,0,0
0,0,0
0,0,0
0,0,0
0,0,0
0,0,0
0,0,0
0,0,0
0,0,0
0,0,0
0,0,0
0,0,0
0,0,0
0,0,0
0,0,0
0,0,0
0,0,0
0,0,0
0,0,0
0,0,0
0,0,0
0,0,0
0,0,0
0,0,0
0,0,0
0,0,0
0,0,0
0,0,0
0,0,0
0,0,0
0,0,0
0,0,0
0,0,0
0,0,0
0,0,0
0,0,0
0,0,0
0,0,0
0,0,0
0,0,0
0,0,0
0,0,0
0,0,0
0,0,0
0,0,0
0,0,0
0,0,0
0,0,0
0,0,0
0,0,0
0,0,0
0,0,0
0,0,0
0,0,0
0,0,0
0,0,0
0,0,0
0,0,0
0,0,0
0,0,0
0,0,0
0,0,0
0,0,0
0,0,0
0,0,0
0,0,0
0,0,0
0,0,0
0,0,0
0,0,0
0,0,0
0,0,0
0,0,0
0,0,0
0,0,0
0,0,0
0,0,0
0,0,0
0,0,0
0,0,0
0,0,0
0,0,0
0,0,0
0,0,0
0,0,0
0,0,0
0,0,0
0,0,0
0,0,0
0,0,0
0,0,0
0,0,0
0,0,0
0,0,0
0,0,0
0,0,0
0,0,0
0,0,0
0,0,0
0,0,0
0,0,0
0,0,0
0,0,0
0,0,0
0,0,0
0,0,0
0,0,0
0,0,0
0,0,0
0,0,0
0,0,0
0,0,0
0,0,0
0,0,0
0,0,0
0,0,0
0,0,0
0,0,0
0,0,0
0,0,0
0,0,0
0,0,0
0,0,0
0,0,0
0,0,0
0,0,0
0,0,0
0,0,0
0,0,0
0,0,0
0,0,0
0,0,0
0,0,0
0,0,0
0,0,0
0,0,0
0,0,0
0,0,0
0,0,0
0,0,0
0,0,0
0,0,0
0,0,0
0,0,0
0,0,0
0,0,0
0,0,0
0,0,0
0,0,0
0,0,0
0,0,0
0,0,0
0,0,0
0,0,0
0,0,0
0,0,0
0,0,0
0,0,0
0,0,0
0,0,0
0,0,0
0,0,0
0,0,0
0,0,0
0,0,0
0,0,0
0,0,0
0,0,0
0,0,0
0,0,0
0,0,0
0,0,0
0,0,0
0,0,0
0,0,0
0,0,0
0,0,0
0,0,0
0,0,0
0,0,0
0,0,0
0,0,0
0,0,0
0,0,0
0,0,0
0,0,0
0,0,0
0,0,0
0,0,0
0,0,0
0,0,0
0,0,0
0,0,0
0,0,0
0,0,0
0,0,0
0,0,0
0,0,0
0,0,0
0,0,0
0,0,0
0,0,0
0,0,0
0,0,0
0,0,0
0,0,0
0,0,0
0,0,0
0,0,0
0,0,0
0,0,0
0,0,0
0,0,0
0,0,0
0,0,0
0,0,0
0,0,0
0,0,0
0,0,0
0,0,0
0,0,0
0,0,0
0,0,0
0,0,0
0,0,0
0,0,0
0,0,0
0,0,0
0,0,0
0,0,0
0,0,0
0,0,0
0,0,0
0,0,0
0,0,0
0,0,0
0,0,0
0,0,0
0,0,0
0,0,0
0,0,0
0,0,0
0,0,0
0,0,0
0,0,0
0,0,0
0,0,0
0,0,0
0,0,0
0,0,0
0,0,0
0,0,0
0,0,0
0,0,0
0,0,0
0,0,0
0,0,0
0,0,0
0,0,0
0,0,0
0,0,0
0,0,0
0,0,0
0,0,0
0,0,0
0,0,0
0,0,0
0,0,0
0,0,0
0,0,0
0,0,0
0,0,0
0,0,0
0,0,0
0,0,0
0,0,0
0,0,0
0,0,0
0,0,0
0,0,0
0,0,0
0,0,0
0,0,0
0,0,0
0,0,0
0,0,0
0,0,0
0,0,0
0,0,0
0,0,0
0,0,0
0,0,0
0,0,0
0,0,0
0,0,0
0,0,0
0,0,0
0,0,0
0,0,0
0,0,0
0,0,0
0,0,0
0,0,0
0,0,0
0,0,0
0,0,0
0,0,0
0,0,0
0,0,0
0,0,0
0,0,0
0,0,0
0,0,0
0,0,0
0,0,0
0,0,0
0,0,0
0,0,0
0,0,0
0,0,0
0,0,0
0,0,0
0,0,0
0,0,0
0,0,0
0,0,0
0,0,0
0,0,0
0,0,0
0,0,0
0,0,0
0,0,0
0,0,0
0,0,0
0,0,0
0,0,0
0,0,0
0,0,0
0,0,0
0,0,0
0,0,0
0,0,0
0,0,0
0,0,0
0,0,0
0,0,0
0,0,0
0,0,0
0,0,0
0,0,0
0,0,0
0,0,0
0,0,0
0,0,0
0,0,0
0,0,0
0,0,0
0,0,0
0,0,0
0,0,0
0,0,0
0,0,0
0,0,0
0,0,0
0,0,0
0,0,0
0,0,0
0,0,0
0,0,0
0,0,0
0,0,0
0,0,0
0,0,0
0,0,0
0,0,0
0,0,0
0,0,0
0,0,0
0,0,0
0,0,0
0,0,0
0,0,0
0,0,0
0,0,0
0,0,0
0,0,0
0,0,0
0,0,0
0,0,0
0,0,0
0,0,0
0,0,0
0,0,0
0,0,0
0,0,0
0,0,0
0,0,0
0,0,0
0,0,0
0,0,0
0,0,0
0,0,0
0,0,0
0,0,0
0,0,0
0,0,0
0,0,0
0,0,0
0,0,0
0,0,0
0,0,0
0,0,0
0,0,0
0,0,0
0,0,0
0,0,0
0,0,0
0,0,0
0,0,0
0,0,0
0,0,0
0,0,0
0,0,0
0,0,0
0,0,0
0,0,0
0,0,0
0,0,0
0,0,0
0,0,0
0,0,0
0,0,0
0,0,0
0,0,0
0,0,0
0,0,0
0,0,0
0,0,0
0,0,0
0,0,0
0,0,0
0,0,0
0,0,0
0,0,0
0,0,0
0,0,0
0,0,0
0,0,0
0,0,0
0,0,0
0,0,0
0,0,0
0,0,0
0,0,0
0,0,0
0,0,0
0,0,0
0,0,0
0,0,0
0,0,0
0,0,0
0,0,0
0,0,0
0,0,0
0,0,0
0,0,0
0,0,0
0,0,0
0,0,0
0,0,0
0,0,0
0,0,0
0,0,0
0,0,0
0,0,0
0,0,0
0,0,0
0,0,0
0,0,0
0,0,0
0,0,0
0,0,0
0,0,0
0,0,0
0,0,0
0,0,0
0,0,0
0,0,0
0,0,0
0,0,0
0,0,0
0,0,0
0,0,0
0,0,0
0,0,0
0,0,0
0,0,0
0,0,0
0,0,0
0,0,0
0,0,0
0,0,0
0,0,0
0,0,0
0,0,0
0,0,0
0,0,0
0,0,0
0,0,0
0,0,0
0,0,0
0,0,0
0,0,0
0,0,0
0,0,0
0,0,0
0,0,0
0,0,0
0,0,0
0,0,0
0,0,0
0,0,0
0,0,0
0,0,0
0,0,0
0,0,0
0,0,0
0,0,0
0,0,0
0,0,0
0,0,0
0,0,0
0,0,0
0,0,0
0,0,0
0,0,0
0,0,0
0,0,0
0,0,0
0,0,0
0,0,0
0,0,0
0,0,0
0,0,0
0,0,0
0,0,0
0,0,0
0,0,0
0,0,0
0,0,0
0,0,0
0,0,0
0,0,0
0,0,0
0,0,0
0,0,0
0,0,0
0,0,0
0,0,0
0,0,0
0,0,0
0,0,0
0,0,0
0,0,0
0,0,0
0,0,0
0,0,0
0,0,0
0,0,0
0,0,0
0,0,0
0,0,0
0,0,0
0,0,0
0,0,0
0,0,0
0,0,0
0,0,0
0,0,0
0,0,0
0,0,0
0,0,0
0,0,0
0,0,0
0,0,0
0,0,0
0,0,0
0,0,0
0,0,0
0,0,0
0,0,0
0,0,0
0,0,0
0,0,0
0,0,0
0,0,0
0,0,0
0,0,0
0,0,0
0,0,0
0,0,0
0,0,0
0,0,0
0,0,0
0,0,0
0,0,0
0,0,0
0,0,0
0,0,0
0,0,0
0,0,0
0,0,0
0,0,0
0,0,0
0,0,0
0,0,0
0,0,0
0,0,0
0,0,0
0,0,0
0,0,0
0,0,0
0,0,0
0,0,0
0,0,0
0,0,0
0,0,0
0,0,0
0,0,0
0,0,0
0,0,0
0,0,0
0,0,0
0,0,0
0,0,0
0,0,0
0,0,0
0,0,0
0,0,0
0,0,0
0,0,0
0,0,0
0,0,0
0,0,0
0,0,0
0,0,0
0,0,0
0,0,0
0,0,0
0,0,0
0,0,0
0,0,0
0,0,0
0,0,0
0,0,0
0,0,0
0,0,0
0,0,0
0,0,0
0,0,0
0,0,0
0,0,0
0,0,0
0,0,0
0,0,0
0,0,0
0,0,0
0,0,0
0,0,0
0,0,0
0,0,0
0,0,0
0,0,0
0,0,0
0,0,0
0,0,0
0,0,0
0,0,0
0,0,0
0,0,0
0,0,0
0,0,0
0,0,0
0,0,0
0,0,0
0,0,0
0,0,0
0,0,0
0,0,0
0,0,0
0,0,0
0,0,0
0,0,0
0,0,0
0,0,0
0,0,0
0,0,0
0,0,0
0,0,0
0,0,0
0,0,0
0,0,0
0,0,0
0,0,0
0,0,0
0,0,0
0,0,0
0,0,0
0,0,0
0,0,0
0,0,0
0,0,0
0,0,0
0,0,0
0,0,0
0,0,0
0,0,0
0,0,0
0,0,0
0,0,0
0,0,0
0,0,0
0,0,0
0,0,0
0,0,0
0,0,0
0,0,0
0,0,0
0,0,0
0,0,0
0,0,0
0,0,0
0,0,0
0,0,0
0,0,0
0,0,0
0,0,0
0,0,0
0,0,0
0,0,0
0,0,0
0,0,0
0,0,0
0,0,0
0,0,0
0,0,0
0,0,0
0,0,0
0,0,0
0,0,0
0,0,0
0,0,0
0,0,0
0,0,0
0,0,0
0,0,0
0,0,0
0,0,0
0,0,0
0,0,0
0,0,0
0,0,0
0,0,0
0,0,0
0,0,0
0,0,0
0,0,0
0,0,0
0,0,0
0,0,0
0,0,0
0,0,0
0,0,0
0,0,0
0,0,0
0,0,0
0,0,0
0,0,0
0,0,0
0,0,0
0,0,0
0,0,0
0,0,0
0,0,0
0,0,0
0,0,0
0,0,0
0,0,0
0,0,0
0,0,0
0,0,0
0,0,0
0,0,0
0,0,0
0,0,0
0,0,0
0,0,0
0,0,0
0,0,0
0,0,0
0,0,0
0,0,0
0,0,0
0,0,0
0,0,0
0,0,0
0,0,0
0,0,0
0,0,0
0,0,0
0,0,0
0,0,0
0,0,0
0,0,0
0,0,0
0,0,0
0,0,0
0,0,0
0,0,0
0,0,0
0,0,0
0,0,0
0,0,0
0,0,0
0,0,0
0,0,0
0,0,0
0,0,0
0,0,0
0,0,0
0,0,0
0,0,0
0,0,0
0,0,0
0,0,0
0,0,0
0,0,0
0,0,0
0,0,0
0,0,0
0,0,0
0,0,0
0,0,0
0,0,0
0,0,0
0,0,0
0,0,0
0,0,0
0,0,0
0,0,0
0,0,0
0,0,0
0,0,0
0,0,0
0,0,0
0,0,0
0,0,0
0,0,0
0,0,0
0,0,0
0,0,0
0,0,0
0,0,0
0,0,0
0,0,0
0,0,0
0,0,0
0,0,0
0,0,0
0,0,0
0,0,0
0,0,0
0,0,0
0,0,0
0,0,0
0,0,0
0,0,0
0,0,0
0,0,0
0,0,0
0,0,0
0,0,0
0,0,0
0,0,0
0,0,0
0,0,0
0,0,0
0,0,0
0,0,0
0,0,0
0,0,0
0,0,0
0,0,0
0,0,0
0,0,0
0,0,0
0,0,0
0,0,0
0,0,0
0,0,0
0,0,0
0,0,0
0,0,0
0,0,0
0,0,0
0,0,0
0,0,0
0,0,0
0,0,0
0,0,0
0,0,0
0,0,0
0,0,0
0,0,0
0,0,0
0,0,0
0,0,0
0,0,0
0,0,0
0,0,0
0,0,0
0,0,0
0,0,0
0,0,0
0,0,0
0,0,0
0,0,0
0,0,0
0,0,0
0,0,0
0,0,0
0,0,0
0,0,0
0,0,0
0,0,0
0,0,0
0,0,0
0,0,0
0,0,0
0,0,0
0,0,0
0,0,0
0,0,0
0,0,0
0,0,0
0,0,0
0,0,0
0,0,0
0,0,0
0,0,0
0,0,0
0,0,0
0,0,0
0,0,0
0,0,0
0,0,0
0,0,0
0,0,0
0,0,0
0,0,0
0,0,0
0,0,0
0,0,0
0,0,0
0,0,0
0,0,0
0,0,0
0,0,0
0,0,0
0,0,0
0,0,0
0,0,0
0,0,0
0,0,0
0,0,0
0,0,0
0,0,0
0,0,0
0,0,0
0,0,0
0,0,0
0,0,0
0,0,0
0,0,0
0,0,0
0,0,0
0,0,0
0,0,0
0,0,0
0,0,0
0,0,0
0,0,0
0,0,0
0,0,0
0,0,0
0,0,0
0,0,0
0,0,0
0,0,0
0,0,0
0,0,0
0,0,0
0,0,0
0,0,0
0,0,0
0,0,0
0,0,0
0,0,0
0,0,0
0,0,0
0,0,0
0,0,0
0,0,0
0,0,0
0,0,0
0,0,0
0,0,0
0,0,0
0,0,0
0,0,0
0,0,0
0,0,0
0,0,0
0,0,0
0,0,0
0,0,0
0,0,0
0,0,0
0,0,0
0,0,0
0,0,0
0,0,0
0,0,0
0,0,0
0,0,0
0,0,0
0,0,0
0,0,0
0,0,0
0,0,0
0,0,0
0,0,0
0,0,0
0,0,0
0,0,0
0,0,0
0,0,0
0,0,0
0,0,0
0,0,0
0,0,0
0,0,0
0,0,0
0,0,0
0,0,0
0,0,0
0,0,0
0,0,0
0,0,0
0,0,0
0,0,0
0,0,0
0,0,0
0,0,0
0,0,0
0,0,0
0,0,0
0,0,0
0,0,0
0,0,0
0,0,0
0,0,0
0,0,0
0,0,0
0,0,0
0,0,0
0,0,0
0,0,0
0,0,0
0,0,0
0,0,0
0,0,0
0,0,0
0,0,0
0,0,0
0,0,0
0,0,0
0,0,0
0,0,0
0,0,0
0,0,0
0,0,0
0,0,0
0,0,0
0,0,0
0,0,0
0,0,0
0,0,0
0,0,0
0,0,0
0,0,0
0,0,0
0,0,0
0,0,0
0,0,0
0,0,0
0,0,0
0,0,0
0,0,0
0,0,0
0,0,0
0,0,0
0,0,0
0,0,0
0,0,0
0,0,0
0,0,0
0,0,0
0,0,0
0,0,0
0,0,0
0,0,0
0,0,0
0,0,0
0,0,0
0,0,0
0,0,0
0,0,0
0,0,0
0,0,0
0,0,0
0,0,0
0,0,0
0,0,0
0,0,0
0,0,0
0,0,0
0,0,0
0,0,0
0,0,0
0,0,0
0,0,0
0,0,0
0,0,0
0,0,0
0,0,0
0,0,0
0,0,0
0,0,0
0,0,0
0,0,0
0,0,0
0,0,0
0,0,0
0,0,0
0,0,0
0,0,0
0,0,0
0,0,0
0,0,0
0,0,0
0,0,0
0,0,0
0,0,0
0,0,0
0,0,0
0,0,0
0,0,0
0,0,0
0,0,0
0,0,0
0,0,0
0,0,0
0,0,0
0,0,0
0,0,0
0,0,0
0,0,0
0,0,0
0,0,0
0,0,0
0,0,0
0,0,0
0,0,0
0,0,0
0,0,0
0,0,0
0,0,0
0,0,0
0,0,0
0,0,0
0,0,0
0,0,0
0,0,0
0,0,0
0,0,0
0,0,0
0,0,0
0,0,0
0,0,0
0,0,0
0,0,0
0,0,0
0,0,0
0,0,0
0,0,0
0,0,0
0,0,0
0,0,0
0,0,0
0,0,0
0,0,0
0,0,0
0,0,0
0,0,0
0,0,0
0,0,0
0,0,0
0,0,0
0,0,0
0,0,0
0,0,0
0,0,0
0,0,0
0,0,0
0,0,0
0,0,0
0,0,0
0,0,0
0,0,0
0,0,0
0,0,0
0,0,0
0,0,0
0,0,0
0,0,0
0,0,0
0,0,0
0,0,0
0,0,0
0,0,0
0,0,0
0,0,0
0,0,0
0,0,0
0,0,0
0,0,0
0,0,0
0,0,0
0,0,0
0,0,0
0,0,0
0,0,0
0,0,0
0,0,0
0,0,0
0,0,0
0,0,0
0,0,0
0,0,0
0,0,0
0,0,0
0,0,0
0,0,0
0,0,0
0,0,0
0,0,0
0,0,0
0,0,0
0,0,0
0,0,0
0,0,0
0,0,0
0,0,0
0,0,0
0,0,0
0,0,0
0,0,0
0,0,0
0,0,0
0,0,0
0,0,0
0,0,0
0,0,0
0,0,0
0,0,0
0,0,0
0,0,0
0,0,0
0,0,0
0,0,0
0,0,0
0,0,0
0,0,0
0,0,0
0,0,0
0,0,0
0,0,0
0,0,0
0,0,0
0,0,0
0,0,0
0,0,0
0,0,0
0,0,0
0,0,0
0,0,0
0,0,0
0,0,0
0,0,0
0,0,0
0,0,0
0,0,0
0,0,0
0,0,0
0,0,0
0,0,0
0,0,0
0,0,0
0,0,0
0,0,0
0,0,0
0,0,0
0,0,0
0,0,0
0,0,0
0,0,0
0,0,0
0,0,0
0,0,0
0,0,0
0,0,0
0,0,0
0,0,0
0,0,0
0,0,0
0,0,0
0,0,0
0,0,0
0,0,0
0,0,0
0,0,0
0,0,0
0,0,0
0,0,0
0,0,0
0,0,0
0,0,0
0,0,0
0,0,0
0,0,0
0,0,0
0,0,0
0,0,0
0,0,0
0,0,0
0,0,0
0,0,0
0,0,0
0,0,0
0,0,0
0,0,0
0,0,0
0,0,0
0,0,0
0,0,0
0,0,0
0,0,0
0,0,0
0,0,0
0,0,0
0,0,0
0,0,0
0,0,0
0,0,0
0,0,0
0,0,0
0,0,0
0,0,0
0,0,0
0,0,0
0,0,0
0,0,0
0,0,0
0,0,0
0,0,0
0,0,0
0,0,0
0,0,0
0,0,0
0,0,0
0,0,0
0,0,0
0,0,0
0,0,0
0,0,0
0,0,0
0,0,0
0,0,0
0,0,0
0,0,0
0,0,0
0,0,0
0,0,0
0,0,0
0,0,0
0,0,0
0,0,0
0,0,0
0,0,0
0,0,0
0,0,0
0,0,0
0,0,0
0,0,0
0,0,0
0,0,0
0,0,0
0,0,0
0,0,0
0,0,0
0,0,0
0,0,0
0,0,0
0,0,0
0,0,0
0,0,0
0,0,0
0,0,0
0,0,0
0,0,0
0,0,0
0,0,0
0,0,0
0,0,0
0,0,0
0,0,0
0,0,0
0,0,0
0,0,0
0,0,0
0,0,0
0,0,0
0,0,0
0,0,0
0,0,0
0,0,0
0,0,0
0,0,0
0,0,0
0,0,0
0,0,0
0,0,0
0,0,0
0,0,0
0,0,0
0,0,0
0,0,0
0,0,0
0,0,0
0,0,0
0,0,0
0,0,0
0,0,0
0,0,0
0,0,0
0,0,0
0,0,0
0,0,0
0,0,0
0,0,0
0,0,0
0,0,0
0,0,0
0,0,0
0,0,0
0,0,0
0,0,0
0,0,0
0,0,0
0,0,0
0,0,0
0,0,0
0,0,0
0,0,0
0,0,0
0,0,0
0,0,0
0,0,0
0,0,0
0,0,0
0,0,0
0,0,0
0,0,0
0,0,0
0,0,0
0,0,0
0,0,0
0,0,0
0,0,0
0,0,0
0,0,0
0,0,0
0,0,0
0,0,0
0,0,0
0,0,0
0,0,0
0,0,0
0,0,0
0,0,0
0,0,0
0,0,0
0,0,0
0,0,0
0,0,0
0,0,0
0,0,0
0,0,0
0,0,0
0,0,0
0,0,0
0,0,0
0,0,0
0,0,0
0,0,0
0,0,0
0,0,0
0,0,0
0,0,0
0,0,0
0,0,0
0,0,0
0,0,0
0,0,0
0,0,0
0,0,0
0,0,0
0,0,0
0,0,0
0,0,0
0,0,0
0,0,0
0,0,0
0,0,0
0,0,0
0,0,0
0,0,0
0,0,0
0,0,0
0,0,0
0,0,0
0,0,0
0,0,0
0,0,0
0,0,0
0,0,0
0,0,0
0,0,0
0,0,0
0,0,0
0,0,0
0,0,0
0,0,0
0,0,0
0,0,0
0,0,0
0,0,0
0,0,0
0,0,0
0,0,0
0,0,0
0,0,0
0,0,0
0,0,0
0,0,0
0,0,0
0,0,0
0,0,0
0,0,0
0,0,0
0,0,0
0,0,0
0,0,0
0,0,0
0,0,0
0,0,0
0,0,0
0,0,0
0,0,0
0,0,0
0,0,0
0,0,0
0,0,0
0,0,0
0,0,0
0,0,0
0,0,0
0,0,0
0,0,0
0,0,0
0,0,0
0,0,0
0,0,0
0,0,0
0,0,0
0,0,0
0,0,0
0,0,0
0,0,0
0,0,0
0,0,0
0,0,0
0,0,0
0,0,0
0,0,0
0,0,0
0,0,0
0,0,0
0,0,0
0,0,0
0,0,0
0,0,0
0,0,0
0,0,0
0,0,0
0,0,0
0,0,0
0,0,0
0,0,0
0,0,0
0,0,0
0,0,0
0,0,0
0,0,0
0,0,0
0,0,0
0,0,0
0,0,0
0,0,0
0,0,0
0,0,0
0,0,0
0,0,0
0,0,0
0,0,0
0,0,0
0,0,0
0,0,0
0,0,0
0,0,0
0,0,0
0,0,0
0,0,0
0,0,0
0,0,0
0,0,0
0,0,0
0,0,0
0,0,0
0,0,0
0,0,0
0,0,0
0,0,0
0,0,0
0,0,0
0,0,0
0,0,0
0,0,0
0,0,0
0,0,0
0,0,0
0,0,0
0,0,0
0,0,0
0,0,0
0,0,0
0,0,0
0,0,0
0,0,0
0,0,0
0,0,0
0,0,0
0,0,0
0,0,0
0,0,0
0,0,0
0,0,0
0,0,0
0,0,0
0,0,0
0,0,0
0,0,0
0,0,0
0,0,0
0,0,0
0,0,0
0,0,0
0,0,0
0,0,0
0,0,0
0,0,0
0,0,0
0,0,0
0,0,0
0,0,0
0,0,0
0,0,0
0,0,0
0,0,0
0,0,0
0,0,0
0,0,0
0,0,0
0,0,0
0,0,0
0,0,0
0,0,0
0,0,0
0,0,0
0,0,0
0,0,0
0,0,0
0,0,0
0,0,0
0,0,0
0,0,0
0,0,0
0,0,0
0,0,0
0,0,0
0,0,0
0,0,0
0,0,0
0,0,0
0,0,0
0,0,0
0,0,0
0,0,0
0,0,0
0,0,0
0,0,0
0,0,0
0,0,0
0,0,0
0,0,0
0,0,0
0,0,0
0,0,0
0,0,0
0,0,0
0,0,0
0,0,0
0,0,0
0,0,0
0,0,0
0,0,0
0,0,0
0,0,0
0,0,0
0,0,0
0,0,0
0,0,0
0,0,0
0,0,0
0,0,0
0,0,0
0,0,0
0,0,0
0,0,0
0,0,0
0,0,0
0,0,0
0,0,0
0,0,0
0,0,0
0,0,0
0,0,0
0,0,0
0,0,0
0,0,0
0,0,0
0,0,0
0,0,0
0,0,0
0,0,0
0,0,0
0,0,0
0,0,0
0,0,0
0,0,0
0,0,0
0,0,0
0,0,0
0,0,0
0,0,0
0,0,0
0,0,0
0,0,0
0,0,0
0,0,0
0,0,0
0,0,0
0,0,0
0,0,0
0,0,0
0,0,0
0,0,0
0,0,0
0,0,0
0,0,0
0,0,0
0,0,0
0,0,0
0,0,0
0,0,0
0,0,0
0,0,0
0,0,0
0,0,0
0,0,0
0,0,0
0,0,0
0,0,0
0,0,0
0,0,0
0,0,0
0,0,0
0,0,0
0,0,0
0,0,0
0,0,0
0,0,0
0,0,0
0,0,0
0,0,0
0,0,0
0,0,0
0,0,0
0,0,0
0,0,0
0,0,0
0,0,0
0,0,0
0,0,0
0,0,0
0,0,0
0,0,0
0,0,0
0,0,0
0,0,0
0,0,0
0,0,0
0,0,0
0,0,0
0,0,0
0,0,0
0,0,0
0,0,0
0,0,0
0,0,0
0,0,0
0,0,0
0,0,0
0,0,0
0,0,0
0,0,0
0,0,0
0,0,0
0,0,0
0,0,0
0,0,0
0,0,0
0,0,0
0,0,0
0,0,0
0,0,0
0,0,0
0,0,0
0,0,0
0,0,0
0,0,0
0,0,0
0,0,0
0,0,0
0,0,0
0,0,0
0,0,0
0,0,0
0,0,0
0,0,0
0,0,0
0,0,0
0,0,0
0,0,0
0,0,0
0,0,0
0,0,0
0,0,0
0,0,0
0,0,0
0,0,0
0,0,0
0,0,0
0,0,0
0,0,0
0,0,0
0,0,0
0,0,0
0,0,0
0,0,0
0,0,0
0,0,0
0,0,0
0,0,0
0,0,0
0,0,0
0,0,0
0,0,0
0,0,0
0,0,0
0,0,0
0,0,0
0,0,0
0,0,0
0,0,0
0,0,0
0,0,0
0,0,0
0,0,0
0,0,0
0,0,0
0,0,0
0,0,0
0,0,0
0,0,0
0,0,0
0,0,0
0,0,0
0,0,0
0,0,0
0,0,0
0,0,0
0,0,0
0,0,0
0,0,0
0,0,0
0,0,0
0,0,0
0,0,0
0,0,0
0,0,0
0,0,0
0,0,0
0,0,0
0,0,0
0,0,0
0,0,0
0,0,0
0,0,0
0,0,0
0,0,0
0,0,0
0,0,0
0,0,0
0,0,0
0,0,0
0,0,0
0,0,0
0,0,0
0,0,0
0,0,0
0,0,0
0,0,0
0,0,0
0,0,0
0,0,0
0,0,0
0,0,0
0,0,0
0,0,0
0,0,0
0,0,0
0,0,0
0,0,0
0,0,0
0,0,0
0,0,0
0,0,0
0,0,0
0,0,0
0,0,0
0,0,0
0,0,0
0,0,0
0,0,0
0,0,0
0,0,0
0,0,0
0,0,0
0,0,0
0,0,0
0,0,0
0,0,0
0,0,0
0,0,0
0,0,0
0,0,0
0,0,0
0,0,0
0,0,0
0,0,0
0,0,0
0,0,0
0,0,0
0,0,0
0,0,0
0,0,0
0,0,0
0,0,0
0,0,0
0,0,0
0,0,0
0,0,0
0,0,0
0,0,0
0,0,0
0,0,0
0,0,0
0,0,0
0,0,0
0,0,0
0,0,0
0,0,0
0,0,0
0,0,0
0,0,0
0,0,0
0,0,0
0,0,0
0,0,0
0,0,0
0,0,0
0,0,0
0,0,0
0,0,0
0,0,0
0,0,0
0,0,0
0,0,0
0,0,0
0,0,0
0,0,0
0,0,0
0,0,0
0,0,0
0,0,0
0,0,0
0,0,0
0,0,0
0,0,0
0,0,0
0,0,0
0,0,0
0,0,0
0,0,0
0,0,0
0,0,0
0,0,0
0,0,0
0,0,0
0,0,0
0,0,0
0,0,0
0,0,0
0,0,0
0,0,0
0,0,0
0,0,0
0,0,0
0,0,0
0,0,0
0,0,0
0,0,0
0,0,0
0,0,0
0,0,0
0,0,0
0,0,0
0,0,0
0,0,0
0,0,0
0,0,0
0,0,0
0,0,0
0,0,0
0,0,0
0,0,0
0,0,0
0,0,0
0,0,0
0,0,0
0,0,0
0,0,0
0,0,0
0,0,0
0,0,0
0,0,0
0,0,0
0,0,0
0,0,0
0,0,0
0,0,0
0,0,0
0,0,0
0,0,0
0,0,0
0,0,0
0,0,0
0,0,0
0,0,0
0,0,0
0,0,0
0,0,0
0,0,0
0,0,0
0,0,0
0,0,0
0,0,0
0,0,0
0,0,0
0,0,0
0,0,0
0,0,0
0,0,0
0,0,0
0,0,0
0,0,0
0,0,0
0,0,0
0,0,0
0,0,0
0,0,0
0,0,0
0,0,0
0,0,0
0,0,0
0,0,0
0,0,0
0,0,0
0,0,0
0,0,0
0,0,0
0,0,0
0,0,0
0,0,0
0,0,0
0,0,0
0,0,0
0,0,0
0,0,0
0,0,0
0,0,0
0,0,0
0,0,0
0,0,0
0,0,0
0,0,0
0,0,0
0,0,0
0,0,0
0,0,0
0,0,0
0,0,0
0,0,0
0,0,0
0,0,0
0,0,0
0,0,0
0,0,0
0,0,0
0,0,0
0,0,0
0,0,0
0,0,0
0,0,0
0,0,0
0,0,0
0,0,0
0,0,0
0,0,0
0,0,0
0,0,0
0,0,0
0,0,0
0,0,0
0,0,0
0,0,0
0,0,0
0,0,0
0,0,0
0,0,0
0,0,0
0,0,0
0,0,0
0,0,0
0,0,0
0,0,0
0,0,0
0,0,0
0,0,0
0,0,0
0,0,0
0,0,0
0,0,0
0,0,0
0,0,0
0,0,0
0,0,0
0,0,0
0,0,0
0,0,0
0,0,0
0,0,0
0,0,0
0,0,0
0,0,0
0,0,0
0,0,0
0,0,0
0,0,0
0,0,0
0,0,0
0,0,0
0,0,0
0,0,0
0,0,0
0,0,0
0,0,0
0,0,0
0,0,0
0,0,0
0,0,0
0,0,0
0,0,0
0,0,0
0,0,0
0,0,0
0,0,0
0,0,0
0,0,0
0,0,0
0,0,0
0,0,0
0,0,0
0,0,0
0,0,0
0,0,0
0,0,0
0,0,0
0,0,0
0,0,0
0,0,0
0,0,0
0,0,0
0,0,0
0,0,0
0,0,0
0,0,0
0,0,0
0,0,0
0,0,0
0,0,0
0,0,0
0,0,0
0,0,0
0,0,0
0,0,0
0,0,0
0,0,0
0,0,0
0,0,0
0,0,0
0,0,0
0,0,0
0,0,0
0,0,0
0,0,0
0,0,0
0,0,0
0,0,0
0,0,0
0,0,0
0,0,0
0,0,0
0,0,0
0,0,0
0,0,0
0,0,0
0,0,0
0,0,0
0,0,0
0,0,0
0,0,0
0,0,0
0,0,0
0,0,0
0,0,0
0,0,0
0,0,0
0,0,0
0,0,0
0,0,0
0,0,0
0,0,0
0,0,0
0,0,0
0,0,0
0,0,0
0,0,0
0,0,0
0,0,0
0,0,0
0,0,0
0,0,0
0,0,0
0,0,0
0,0,0
0,0,0
0,0,0
0,0,0
0,0,0
0,0,0
0,0,0
0,0,0
0,0,0
0,0,0
0,0,0
0,0,0
0,0,0
0,0,0
0,0,0
0,0,0
0,0,0
0,0,0
0,0,0
0,0,0
0,0,0
0,0,0
0,0,0
0,0,0
0,0,0
0,0,0
0,0,0
0,0,0
0,0,0
0,0,0
0,0,0
0,0,0
0,0,0
0,0,0
0,0,0
0,0,0
0,0,0
0,0,0
0,0,0
0,0,0
0,0,0
0,0,0
0,0,0
0,0,0
0,0,0
0,0,0
0,0,0
0,0,0
0,0,0
0,0,0
0,0,0
0,0,0
0,0,0
0,0,0
0,0,0
0,0,0
0,0,0
0,0,0
0,0,0
0,0,0
0,0,0
0,0,0
0,0,0
0,0,0
0,0,0
0,0,0
0,0,0
0,0,0
0,0,0
0,0,0
0,0,0
0,0,0
0,0,0
0,0,0
0,0,0
0,0,0
0,0,0
0,0,0
0,0,0
0,0,0
0,0,0
0,0,0
0,0,0
0,0,0
0,0,0
0,0,0
0,0,0
0,0,0
0,0,0
0,0,0
0,0,0
0,0,0
0,0,0
0,0,0
0,0,0
0,0,0
0,0,0
0,0,0
0,0,0
0,0,0
0,0,0
0,0,0
0,0,0
0,0,0
0,0,0
0,0,0
0,0,0
0,0,0
0,0,0
0,0,0
0,0,0
0,0,0
0,0,0
0,0,0
0,0,0
0,0,0
0,0,0
0,0,0
0,0,0
0,0,0
0,0,0
0,0,0
0,0,0
0,0,0
0,0,0
0,0,0
0,0,0
0,0,0
0,0,0
0,0,0
0,0,0
0,0,0
0,0,0
0,0,0
0,0,0
0,0,0
0,0,0
0,0,0
0,0,0
0,0,0
0,0,0
0,0,0
0,0,0
0,0,0
0,0,0
0,0,0
0,0,0
0,0,0
0,0,0
0,0,0
0,0,0
0,0,0
0,0,0
0,0,0
0,0,0
0,0,0
0,0,0
0,0,0
0,0,0
0,0,0
0,0,0
0,0,0
0,0,0
0,0,0
0,0,0
0,0,0
0,0,0
0,0,0
0,0,0
0,0,0
0,0,0
0,0,0
0,0,0
0,0,0
0,0,0
0,0,0
0,0,0
0,0,0
0,0,0
0,0,0
0,0,0
0,0,0
0,0,0
0,0,0
0,0,0
0,0,0
0,0,0
0,0,0
0,0,0
0,0,0
0,0,0
0,0,0
0,0,0
0,0,0
0,0,0
0,0,0
0,0,0
0,0,0
0,0,0
0,0,0
0,0,0
0,0,0
0,0,0
0,0,0
0,0,0
0,0,0
0,0,0
0,0,0
0,0,0
0,0,0
0,0,0
0,0,0
0,0,0
0,0,0
0,0,0
0,0,0
0,0,0
0,0,0
0,0,0
0,0,0
0,0,0
0,0,0
0,0,0
0,0,0
0,0,0
0,0,0
0,0,0
0,0,0
0,0,0
0,0,0
0,0,0
0,0,0
0,0,0
0,0,0
0,0,0
0,0,0
0,0,0
0,0,0
0,0,0
0,0,0
0,0,0
0,0,0
0,0,0
0,0,0
0,0,0
0,0,0
0,0,0
0,0,0
0,0,0
0,0,0
0,0,0
0,0,0
0,0,0
0,0,0
0,0,0
0,0,0
0,0,0
0,0,0
0,0,0
0,0,0
0,0,0
0,0,0
0,0,0
0,0,0
0,0,0
0,0,0
0,0,0
0,0,0
0,0,0
0,0,0
0,0,0
0,0,0
0,0,0
0,0,0
0,0,0
0,0,0
0,0,0
0,0,0
0,0,0
0,0,0
0,0,0
0,0,0
0,0,0
0,0,0
0,0,0
0,0,0
0,0,0
0,0,0
0,0,0
0,0,0
0,0,0
0,0,0
0,0,0
0,0,0
0,0,0
0,0,0
0,0,0
0,0,0
0,0,0
0,0,0
0,0,0
0,0,0
0,0,0
0,0,0
0,0,0
0,0,0
0,0,0
0,0,0
0,0,0
0,0,0
0,0,0
0,0,0
0,0,0
0,0,0
0,0,0
0,0,0
0,0,0
0,0,0
0,0,0
0,0,0
0,0,0
0,0,0
0,0,0
0,0,0
0,0,0
0,0,0
0,0,0
0,0,0
0,0,0
0,0,0
0,0,0
0,0,0
0,0,0
0,0,0
0,0,0
0,0,0
0,0,0
0,0,0
0,0,0
0,0,0
0,0,0
0,0,0
0,0,0
0,0,0
0,0,0
0,0,0
0,0,0
0,0,0
0,0,0
0,0,0
0,0,0
0,0,0
0,0,0
0,0,0
0,0,0
0,0,0
0,0,0
0,0,0
0,0,0
0,0,0
0,0,0
0,0,0
0,0,0
0,0,0
0,0,0
0,0,0
0,0,0
0,0,0
0,0,0
0,0,0
0,0,0
0,0,0
0,0,0
0,0,0
0,0,0
0,0,0
0,0,0
0,0,0
0,0,0
0,0,0
0,0,0
0,0,0
0,0,0
0,0,0
0,0,0
0,0,0
0,0,0
0,0,0
0,0,0
0,0,0
0,0,0
0,0,0
0,0,0
0,0,0
0,0,0
0,0,0
0,0,0
0,0,0
0,0,0
0,0,0
0,0,0
0,0,0
0,0,0
0,0,0
0,0,0
0,0,0
0,0,0
0,0,0
0,0,0
0,0,0
0,0,0
0,0,0
0,0,0
0,0,0
0,0,0
0,0,0
0,0,0
0,0,0
0,0,0
0,0,0
0,0,0
0,0,0
0,0,0
0,0,0
0,0,0
0,0,0
0,0,0
0,0,0
0,0,0
0,0,0
0,0,0
0,0,0
0,0,0
0,0,0
0,0,0
0,0,0
0,0,0
0,0,0
0,0,0
0,0,0
0,0,0
0,0,0
0,0,0
0,0,0
0,0,0
0,0,0
0,0,0
0,0,0
0,0,0
0,0,0
0,0,0
0,0,0
0,0,0
0,0,0
0,0,0
0,0,0
0,0,0
0,0,0
0,0,0
0,0,0
0,0,0
0,0,0
0,0,0
0,0,0
0,0,0
0,0,0
0,0,0
0,0,0
0,0,0
0,0,0
0,0,0
0,0,0
0,0,0
0,0,0
0,0,0
0,0,0
0,0,0
0,0,0
0,0,0
0,0,0
0,0,0
0,0,0
0,0,0
0,0,0
0,0,0
0,0,0
0,0,0
0,0,0
0,0,0
0,0,0
0,0,0
0,0,0
0,0,0
0,0,0
0,0,0
0,0,0
0,0,0
0,0,0
0,0,0
0,0,0
0,0,0
0,0,0
0,0,0
0,0,0
0,0,0
0,0,0
0,0,0
0,0,0
0,0,0
0,0,0
0,0,0
0,0,0
0,0,0
0,0,0
0,0,0
0,0,0
0,0,0
0,0,0
0,0,0
0,0,0
0,0,0
0,0,0
0,0,0
0,0,0
0,0,0
0,0,0
0,0,0
0,0,0
0,0,0
0,0,0
0,0,0
0,0,0
0,0,0
0,0,0
0,0,0
0,0,0
0,0,0
0,0,0
0,0,0
0,0,0
0,0,0
0,0,0
0,0,0
0,0,0
0,0,0
0,0,0
0,0,0
0,0,0
0,0,0
0,0,0
0,0,0
0,0,0
0,0,0
0,0,0
0,0,0
0,0,0
0,0,0
0,0,0
0,0,0
0,0,0
0,0,0
0,0,0
0,0,0
0,0,0
0,0,0
0,0,0
0,0,0
0,0,0
0,0,0
0,0,0
0,0,0
0,0,0
0,0,0
0,0,0
0,0,0
0,0,0
0,0,0
0,0,0
0,0,0
0,0,0
0,0,0
0,0,0
0,0,0
0,0,0
0,0,0
0,0,0
0,0,0
0,0,0
0,0,0
0,0,0
0,0,0
0,0,0
0,0,0
0,0,0
0,0,0
0,0,0
0,0,0
0,0,0
0,0,0
0,0,0
0,0,0
0,0,0
0,0,0
0,0,0
0,0,0
0,0,0
0,0,0
0,0,0
0,0,0
0,0,0
0,0,0
0,0,0
0,0,0
0,0,0
0,0,0
0,0,0
0,0,0
0,0,0
0,0,0
0,0,0
0,0,0
0,0,0
0,0,0
0,0,0
0,0,0
0,0,0
0,0,0
0,0,0
0,0,0
0,0,0
0,0,0
0,0,0
0,0,0
0,0,0
0,0,0
0,0,0
0,0,0
0,0,0
0,0,0
0,0,0
0,0,0
0,0,0
0,0,0
0,0,0
0,0,0
0,0,0
0,0,0
0,0,0
0,0,0
0,0,0
0,0,0
0,0,0
0,0,0
0,0,0
0,0,0
0,0,0
0,0,0
0,0,0
0,0,0
0,0,0
0,0,0
0,0,0
0,0,0
0,0,0
0,0,0
0,0,0
0,0,0
0,0,0
0,0,0
0,0,0
0,0,0
0,0,0
0,0,0
0,0,0
0,0,0
0,0,0
0,0,0
0,0,0
0,0,0
0,0,0
0,0,0
0,0,0
0,0,0
0,0,0
0,0,0
0,0,0
0,0,0
0,0,0
0,0,0
0,0,0
0,0,0
0,0,0
0,0,0
0,0,0
0,0,0
0,0,0
0,0,0
0,0,0
0,0,0
0,0,0
0,0,0
0,0,0
0,0,0
0,0,0
0,0,0
0,0,0
0,0,0
0,0,0
0,0,0
0,0,0
0,0,0
0,0,0
0,0,0
0,0,0
0,0,0
0,0,0
0,0,0
0,0,0
0,0,0
0,0,0
0,0,0
0,0,0
0,0,0
0,0,0
0,0,0
0,0,0
0,0,0
0,0,0
0,0,0
0,0,0
0,0,0
0,0,0
0,0,0
0,0,0
0,0,0
0,0,0
0,0,0
0,0,0
0,0,0
0,0,0
0,0,0
0,0,0
0,0,0
0,0,0
0,0,0
0,0,0
0,0,0
0,0,0
0,0,0
0,0,0
0,0,0
0,0,0
0,0,0
0,0,0
0,0,0
0,0,0
0,0,0
0,0,0
0,0,0
0,0,0
0,0,0
0,0,0
0,0,0
0,0,0
0,0,0
0,0,0
0,0,0
0,0,0
0,0,0
0,0,0
0,0,0
0,0,0
0,0,0
0,0,0
0,0,0
0,0,0
0,0,0
0,0,0
0,0,0
0,0,0
0,0,0
0,0,0
0,0,0
0,0,0
0,0,0
0,0,0
0,0,0
0,0,0
0,0,0
0,0,0
0,0,0
0,0,0
0,0,0
0,0,0
0,0,0
0,0,0
0,0,0
0,0,0
0,0,0
0,0,0
0,0,0
0,0,0
0,0,0
0,0,0
0,0,0
0,0,0
0,0,0
0,0,0
0,0,0
0,0,0
0,0,0
0,0,0
0,0,0
0,0,0
0,0,0
0,0,0
0,0,0
0,0,0
0,0,0
0,0,0
0,0,0
0,0,0
0,0,0
0,0,0
0,0,0
0,0,0
0,0,0
0,0,0
0,0,0
0,0,0
0,0,0
0,0,0
0,0,0
0,0,0
0,0,0
0,0,0
0,0,0
0,0,0
0,0,0
0,0,0
0,0,0
0,0,0
0,0,0
0,0,0
0,0,0
0,0,0
0,0,0
0,0,0
0,0,0
0,0,0
0,0,0
0,0,0
0,0,0
0,0,0
0,0,0
0,0,0
0,0,0
0,0,0
0,0,0
0,0,0
0,0,0
0,0,0
0,0,0
0,0,0
0,0,0
0,0,0
0,0,0
0,0,0
0,0,0
0,0,0
0,0,0
0,0,0
0,0,0
0,0,0
0,0,0
0,0,0
0,0,0
0,0,0
0,0,0
0,0,0
0,0,0
0,0,0
0,0,0
0,0,0
0,0,0
0,0,0
0,0,0
0,0,0
0,0,0
0,0,0
0,0,0
0,0,0
0,0,0
0,0,0
0,0,0
0,0,0
0,0,0
0,0,0
0,0,0
0,0,0
0,0,0
0,0,0
0,0,0
0,0,0
0,0,0
0,0,0
0,0,0
0,0,0
0,0,0
0,0,0
0,0,0
0,0,0
0,0,0
0,0,0
0,0,0
0,0,0
0,0,0
0,0,0
0,0,0
0,0,0
0,0,0
0,0,0
0,0,0
0,0,0
0,0,0
0,0,0
0,0,0
0,0,0
0,0,0
0,0,0
0,0,0
0,0,0
0,0,0
0,0,0
0,0,0
0,0,0
0,0,0
0,0,0
0,0,0
0,0,0
0,0,0
0,0,0
0,0,0
0,0,0
0,0,0
0,0,0
0,0,0
0,0,0
0,0,0
0,0,0
0,0,0
0,0,0
0,0,0
0,0,0
0,0,0
0,0,0
0,0,0
0,0,0
0,0,0
0,0,0
0,0,0
0,0,0
0,0,0
0,0,0
0,0,0
0,0,0
0,0,0
0,0,0
0,0,0
0,0,0
0,0,0
0,0,0
0,0,0
0,0,0
0,0,0
0,0,0
0,0,0
0,0,0
0,0,0
0,0,0
0,0,0
0,0,0
0,0,0
0,0,0
0,0,0
0,0,0
0,0,0
0,0,0
0,0,0
0,0,0
0,0,0
0,0,0
0,0,0
0,0,0
0,0,0
0,0,0
0,0,0
0,0,0
0,0,0
0,0,0
0,0,0
0,0,0
0,0,0
0,0,0
0,0,0
0,0,0
0,0,0
0,0,0
0,0,0
0,0,0
0,0,0
0,0,0
0,0,0
0,0,0
0,0,0
0,0,0
0,0,0
0,0,0
0,0,0
0,0,0
0,0,0
0,0,0
0,0,0
0,0,0
0,0,0
0,0,0
0,0,0
0,0,0
0,0,0
0,0,0
0,0,0
0,0,0
0,0,0
0,0,0
0,0,0
0,0,0
0,0,0
0,0,0
0,0,0
0,0,0
0,0,0
0,0,0
0,0,0
0,0,0
0,0,0
0,0,0
0,0,0
0,0,0
0,0,0
0,0,0
0,0,0
0,0,0
0,0,0
0,0,0
0,0,0
0,0,0
0,0,0
0,0,0
0,0,0
0,0,0
0,0,0
0,0,0
0,0,0
0,0,0
0,0,0
0,0,0
0,0,0
0,0,0
0,0,0
0,0,0
0,0,0
0,0,0
0,0,0
0,0,0
0,0,0
0,0,0
0,0,0
0,0,0
0,0,0
0,0,0
0,0,0
0,0,0
0,0,0
0,0,0
0,0,0
0,0,0
0,0,0
0,0,0
0,0,0
0,0,0
0,0,0
0,0,0
0,0,0
0,0,0
0,0,0
0,0,0
0,0,0
0,0,0
0,0,0
0,0,0
0,0,0
0,0,0
0,0,0
0,0,0
0,0,0
0,0,0
0,0,0
0,0,0
0,0,0
0,0,0
0,0,0
0,0,0
0,0,0
0,0,0
0,0,0
0,0,0
0,0,0
0,0,0
0,0,0
0,0,0
0,0,0
0,0,0
0,0,0
0,0,0
0,0,0
0,0,0
0,0,0
0,0,0
0,0,0
0,0,0
0,0,0
0,0,0
0,0,0
0,0,0
0,0,0
0,0,0
0,0,0
0,0,0
0,0,0
0,0,0
0,0,0
0,0,0
0,0,0
0,0,0
0,0,0
0,0,0
0,0,0
0,0,0
0,0,0
0,0,0
0,0,0
0,0,0
0,0,0
0,0,0
0,0,0
0,0,0
0,0,0
0,0,0
0,0,0
0,0,0
0,0,0
0,0,0
0,0,0
0,0,0
0,0,0
0,0,0
0,0,0
0,0,0
0,0,0
0,0,0
0,0,0
0,0,0
0,0,0
0,0,0
0,0,0
0,0,0
0,0,0
0,0,0
0,0,0
0,0,0
0,0,0
0,0,0
0,0,0
0,0,0
0,0,0
0,0,0
0,0,0
0,0,0
0,0,0
0,0,0
0,0,0
0,0,0
0,0,0
0,0,0
0,0,0
0,0,0
0,0,0
0,0,0
0,0,0
0,0,0
0,0,0
0,0,0
0,0,0
0,0,0
0,0,0
0,0,0
0,0,0
0,0,0
0,0,0
0,0,0
0,0,0
0,0,0
0,0,0
0,0,0
0,0,0
0,0,0
0,0,0
0,0,0
0,0,0
0,0,0
0,0,0
0,0,0
0,0,0
0,0,0
0,0,0
0,0,0
0,0,0
0,0,0
0,0,0
0,0,0
0,0,0
0,0,0
0,0,0
0,0,0
0,0,0
0,0,0
0,0,0
0,0,0
0,0,0
0,0,0
0,0,0
0,0,0
0,0,0
0,0,0
0,0,0
0,0,0
0,0,0
0,0,0
0,0,0
0,0,0
0,0,0
0,0,0
0,0,0
0,0,0
0,0,0
0,0,0
0,0,0
0,0,0
0,0,0
0,0,0
0,0,0
0,0,0
0,0,0
0,0,0
0,0,0
0,0,0
0,0,0
0,0,0
0,0,0
0,0,0
0,0,0
0,0,0
0,0,0
0,0,0
0,0,0
0,0,0
0,0,0
0,0,0
0,0,0
0,0,0
0,0,0
0,0,0
0,0,0
0,0,0
0,0,0
0,0,0
0,0,0
0,0,0
0,0,0
0,0,0
0,0,0
0,0,0
0,0,0
0,0,0
0,0,0
0,0,0
0,0,0
0,0,0
0,0,0
0,0,0
0,0,0
0,0,0
0,0,0
0,0,0
0,0,0
0,0,0
0,0,0
0,0,0
0,0,0
0,0,0
0,0,0
0,0,0
0,0,0
0,0,0
0,0,0
0,0,0
0,0,0
0,0,0
0,0,0
0,0,0
0,0,0
0,0,0
0,0,0
0,0,0
0,0,0
0,0,0
0,0,0
0,0,0
0,0,0
0,0,0
0,0,0
0,0,0
0,0,0
0,0,0
0,0,0
0,0,0
0,0,0
0,0,0
0,0,0
0,0,0
0,0,0
0,0,0
0,0,0
0,0,0
0,0,0
0,0,0
0,0,0
0,0,0
0,0,0
0,0,0
0,0,0
0,0,0
0,0,0
0,0,0
0,0,0
0,0,0
0,0,0
0,0,0
0,0,0
0,0,0
0,0,0
0,0,0
0,0,0
0,0,0
0,0,0
0,0,0
0,0,0
0,0,0
0,0,0
0,0,0
0,0,0
0,0,0
0,0,0
0,0,0
0,0,0
0,0,0
0,0,0
0,0,0
0,0,0
0,0,0
0,0,0
0,0,0
0,0,0
0,0,0
0,0,0
0,0,0
0,0,0
0,0,0
0,0,0
0,0,0
0,0,0
0,0,0
0,0,0
0,0,0
0,0,0
0,0,0
0,0,0
0,0,0
0,0,0
0,0,0
0,0,0
0,0,0
0,0,0
0,0,0
0,0,0
0,0,0
0,0,0
0,0,0
0,0,0
0,0,0
0,0,0
0,0,0
0,0,0
0,0,0
0,0,0
0,0,0
0,0,0
0,0,0
0,0,0
0,0,0
0,0,0
0,0,0
0,0,0
0,0,0
0,0,0
0,0,0
0,0,0
0,0,0
0,0,0
0,0,0
0,0,0
0,0,0
0,0,0
0,0,0
0,0,0
0,0,0
0,0,0
0,0,0
0,0,0
0,0,0
0,0,0
0,0,0
0,0,0
0,0,0
0,0,0
0,0,0
0,0,0
0,0,0
0,0,0
0,0,0
0,0,0
0,0,0
0,0,0
0,0,0
0,0,0
0,0,0
0,0,0
0,0,0
0,0,0
0,0,0
0,0,0
0,0,0
0,0,0
0,0,0
0,0,0
0,0,0
0,0,0
0,0,0
0,0,0
0,0,0
0,0,0
0,0,0
0,0,0
0,0,0
0,0,0
0,0,0
0,0,0
0,0,0
0,0,0
0,0,0
0,0,0
0,0,0
0,0,0
0,0,0
0,0,0
0,0,0
0,0,0
0,0,0
0,0,0
0,0,0
0,0,0
0,0,0
0,0,0
0,0,0
0,0,0
0,0,0
0,0,0
0,0,0
0,0,0
0,0,0
0,0,0
0,0,0
0,0,0
0,0,0
0,0,0
0,0,0
0,0,0
0,0,0
0,0,0
0,0,0
0,0,0
0,0,0
0,0,0
0,0,0
0,0,0
0,0,0
0,0,0
0,0,0
0,0,0
0,0,0
0,0,0
0,0,0
0,0,0
0,0,0
0,0,0
0,0,0
0,0,0
0,0,0
0,0,0
0,0,0
0,0,0
0,0,0
0,0,0
0,0,0
0,0,0
0,0,0
0,0,0
0,0,0
0,0,0
0,0,0
0,0,0
0,0,0
0,0,0
0,0,0
0,0,0
0,0,0
0,0,0
0,0,0
0,0,0
0,0,0
0,0,0
0,0,0
0,0,0
0,0,0
0,0,0
0,0,0
0,0,0
0,0,0
0,0,0
0,0,0
0,0,0
0,0,0
0,0,0
0,0,0
0,0,0
0,0,0
0,0,0
0,0,0
0,0,0
0,0,0
0,0,0
0,0,0
0,0,0
0,0,0
0,0,0
0,0,0
0,0,0
0,0,0
0,0,0
0,0,0
0,0,0
0,0,0
0,0,0
0,0,0
0,0,0
0,0,0
0,0,0
0,0,0
0,0,0
0,0,0
0,0,0
0,0,0
0,0,0
0,0,0
0,0,0
0,0,0
0,0,0
0,0,0
0,0,0
0,0,0
0,0,0
0,0,0
0,0,0
0,0,0
0,0,0
0,0,0
0,0,0
0,0,0
0,0,0
0,0,0
0,0,0
0,0,0
0,0,0
0,0,0
0,0,0
0,0,0
0,0,0
0,0,0
0,0,0
0,0,0
0,0,0
0,0,0
0,0,0
0,0,0
0,0,0
0,0,0
0,0,0
0,0,0
0,0,0
0,0,0
0,0,0
0,0,0
0,0,0
0,0,0
0,0,0
0,0,0
0,0,0
0,0,0
0,0,0
0,0,0
0,0,0
0,0,0
0,0,0
0,0,0
0,0,0
0,0,0
0,0,0
0,0,0
0,0,0
0,0,0
0,0,0
0,0,0
0,0,0
0,0,0
0,0,0
0,0,0
0,0,0
0,0,0
0,0,0
0,0,0
0,0,0
0,0,0
0,0,0
0,0,0
0,0,0
0,0,0
0,0,0
0,0,0
0,0,0
0,0,0
0,0,0
0,0,0
0,0,0
0,0,0
0,0,0
0,0,0
0,0,0
0,0,0
0,0,0
0,0,0
0,0,0
0,0,0
0,0,0
0,0,0
0,0,0
0,0,0
0,0,0
0,0,0
0,0,0
0,0,0
0,0,0
0,0,0
0,0,0
0,0,0
0,0,0
0,0,0
0,0,0
0,0,0
0,0,0
0,0,0
0,0,0
0,0,0
0,0,0
0,0,0
0,0,0
0,0,0
0,0,0
0,0,0
0,0,0
0,0,0
0,0,0
0,0,0
0,0,0
0,0,0
0,0,0
0,0,0
0,0,0
0,0,0
0,0,0
0,0,0
0,0,0
0,0,0
0,0,0
0,0,0
0,0,0
0,0,0
0,0,0
0,0,0
0,0,0
0,0,0
0,0,0
0,0,0
0,0,0
0,0,0
0,0,0
0,0,0
0,0,0
0,0,0
0,0,0
0,0,0
0,0,0
0,0,0
0,0,0
0,0,0
0,0,0
0,0,0
0,0,0
0,0,0
0,0,0
0,0,0
0,0,0
0,0,0
0,0,0
0,0,0
0,0,0
0,0,0
0,0,0
0,0,0
0,0,0
0,0,0
0,0,0
0,0,0
0,0,0
0,0,0
0,0,0
0,0,0
0,0,0
0,0,0
0,0,0
0,0,0
0,0,0
0,0,0
0,0,0
0,0,0
0,0,0
0,0,0
0,0,0
0,0,0
0,0,0
0,0,0
0,0,0
0,0,0
0,0,0
0,0,0
0,0,0
0,0,0
0,0,0
0,0,0
0,0,0
0,0,0
0,0,0
0,0,0
0,0,0
0,0,0
0,0,0
0,0,0
0,0,0
0,0,0
0,0,0
0,0,0
0,0,0
0,0,0
0,0,0
0,0,0
0,0,0
0,0,0
0,0,0
0,0,0
0,0,0
0,0,0
0,0,0
0,0,0
0,0,0
0,0,0
0,0,0
0,0,0
0,0,0
0,0,0
0,0,0
0,0,0
0,0,0
0,0,0
0,0,0
0,0,0
0,0,0
0,0,0
0,0,0
0,0,0
0,0,0
0,0,0
0,0,0
0,0,0
0,0,0
0,0,0
0,0,0
0,0,0
0,0,0
0,0,0
0,0,0
0,0,0
0,0,0
0,0,0
0,0,0
0,0,0
0,0,0
0,0,0
0,0,0
0,0,0
0,0,0
0,0,0
0,0,0
0,0,0
0,0,0
0,0,0
0,0,0
0,0,0
0,0,0
0,0,0
0,0,0
0,0,0
0,0,0
0,0,0
0,0,0
0,0,0
0,0,0
0,0,0
0,0,0
0,0,0
0,0,0
0,0,0
0,0,0
0,0,0
0,0,0
0,0,0
0,0,0
0,0,0
0,0,0
0,0,0
0,0,0
0,0,0
0,0,0
0,0,0
0,0,0
0,0,0
0,0,0
0,0,0
0,0,0
0,0,0
0,0,0
0,0,0
0,0,0
0,0,0
0,0,0
0,0,0
0,0,0
0,0,0
0,0,0
0,0,0
0,0,0
0,0,0
0,0,0
0,0,0
0,0,0
0,0,0
0,0,0
0,0,0
0,0,0
0,0,0
0,0,0
0,0,0
0,0,0
0,0,0
0,0,0
0,0,0
0,0,0
0,0,0
0,0,0
0,0,0
0,0,0
0,0,0
0,0,0
0,0,0
0,0,0
0,0,0
0,0,0
0,0,0
0,0,0
0,0,0
0,0,0
0,0,0
0,0,0
0,0,0
0,0,0
0,0,0
0,0,0
0,0,0
0,0,0
0,0,0
0,0,0
0,0,0
0,0,0
0,0,0
0,0,0
0,0,0
0,0,0
0,0,0
0,0,0
0,0,0
0,0,0
0,0,0
0,0,0
0,0,0
0,0,0
0,0,0
0,0,0
0,0,0
0,0,0
0,0,0
0,0,0
0,0,0
0,0,0
0,0,0
0,0,0
0,0,0
0,0,0
0,0,0
0,0,0
0,0,0
0,0,0
0,0,0
0,0,0
0,0,0
0,0,0
0,0,0
0,0,0
0,0,0
0,0,0
0,0,0
0,0,0
0,0,0
0,0,0
0,0,0
0,0,0
0,0,0
0,0,0
0,0,0
0,0,0
0,0,0
0,0,0
0,0,0
0,0,0
0,0,0
0,0,0
0,0,0
0,0,0
0,0,0
0,0,0
0,0,0
0,0,0
0,0,0
0,0,0
0,0,0
0,0,0
0,0,0
0,0,0
0,0,0
0,0,0
0,0,0
0,0,0
0,0,0
0,0,0
0,0,0
0,0,0
0,0,0
0,0,0
0,0,0
0,0,0
0,0,0
0,0,0
0,0,0
0,0,0
0,0,0
0,0,0
0,0,0
0,0,0
0,0,0
0,0,0
0,0,0
0,0,0
0,0,0
0,0,0
0,0,0
0,0,0
0,0,0
0,0,0
0,0,0
0,0,0
0,0,0
0,0,0
0,0,0
0,0,0
0,0,0
0,0,0
0,0,0
0,0,0
0,0,0
0,0,0
0,0,0
0,0,0
0,0,0
0,0,0
0,0,0
0,0,0
0,0,0
0,0,0
0,0,0
0,0,0
0,0,0
0,0,0
0,0,0
0,0,0
0,0,0
0,0,0
0,0,0
0,0,0
0,0,0
0,0,0
0,0,0
0,0,0
0,0,0
0,0,0
0,0,0
0,0,0
0,0,0
0,0,0
0,0,0
0,0,0
0,0,0
0,0,0
0,0,0
0,0,0
0,0,0
0,0,0
0,0,0
0,0,0
0,0,0
0,0,0
0,0,0
0,0,0
0,0,0
0,0,0
0,0,0
0,0,0
0,0,0
0,0,0
0,0,0
0,0,0
0,0,0
0,0,0
0,0,0
0,0,0
0,0,0
0,0,0
0,0,0
0,0,0
0,0,0
0,0,0
0,0,0
0,0,0
0,0,0
0,0,0
0,0,0
0,0,0
0,0,0
0,0,0
0,0,0
0,0,0
0,0,0
0,0,0
0,0,0
0,0,0
0,0,0
0,0,0
0,0,0
0,0,0
0,0,0
0,0,0
0,0,0
0,0,0
0,0,0
0,0,0
0,0,0
0,0,0
0,0,0
0,0,0
0,0,0
0,0,0
0,0,0
0,0,0
0,0,0
0,0,0
0,0,0
0,0,0
0,0,0
0,0,0
0,0,0
0,0,0
0,0,0
0,0,0
0,0,0
0,0,0
0,0,0
0,0,0
0,0,0
0,0,0
0,0,0
0,0,0
0,0,0
0,0,0
0,0,0
0,0,0
0,0,0
0,0,0
0,0,0
0,0,0
0,0,0
0,0,0
0,0,0
0,0,0
0,0,0
0,0,0
0,0,0
0,0,0
0,0,0
0,0,0
0,0,0
0,0,0
0,0,0
0,0,0
0,0,0
0,0,0
0,0,0
0,0,0
0,0,0
0,0,0
0,0,0
0,0,0
0,0,0
0,0,0
0,0,0
0,0,0
0,0,0
0,0,0
0,0,0
0,0,0
0,0,0
0,0,0
0,0,0
0,0,0
0,0,0
0,0,0
0,0,0
0,0,0
0,0,0
0,0,0
0,0,0
0,0,0
0,0,0
0,0,0
0,0,0
0,0,0
0,0,0
0,0,0
0,0,0
0,0,0
0,0,0
0,0,0
0,0,0
0,0,0
0,0,0
0,0,0
0,0,0
0,0,0
0,0,0
0,0,0
0,0,0
0,0,0
0,0,0
0,0,0
0,0,0
0,0,0
0,0,0
0,0,0
0,0,0
0,0,0
0,0,0
0,0,0
0,0,0
0,0,0
0,0,0
0,0,0
0,0,0
0,0,0
0,0,0
0,0,0
0,0,0
0,0,0
0,0,0
0,0,0
0,0,0
0,0,0
0,0,0
0,0,0
0,0,0
0,0,0
0,0,0
0,0,0
0,0,0
0,0,0
0,0,0
0,0,0
0,0,0
0,0,0
0,0,0
0,0,0
0,0,0
0,0,0
0,0,0
0,0,0
0,0,0
0,0,0
0,0,0
0,0,0
0,0,0
0,0,0
0,0,0
0,0,0
0,0,0
0,0,0
0,0,0
0,0,0
0,0,0
0,0,0
0,0,0
0,0,0
0,0,0
0,0,0
0,0,0
0,0,0
0,0,0
0,0,0
0,0,0
0,0,0
0,0,0
0,0,0
0,0,0
0,0,0
0,0,0
0,0,0
0,0,0
0,0,0
0,0,0
0,0,0
0,0,0
0,0,0
0,0,0
0,0,0
0,0,0
0,0,0
0,0,0
0,0,0
0,0,0
0,0,0
0,0,0
0,0,0
0,0,0
0,0,0
0,0,0
0,0,0
0,0,0
0,0,0
0,0,0
0,0,0
0,0,0
0,0,0
0,0,0
0,0,0
0,0,0
0,0,0
0,0,0
0,0,0
0,0,0
0,0,0
0,0,0
0,0,0
0,0,0
0,0,0
0,0,0
0,0,0
0,0,0
0,0,0
0,0,0
0,0,0
0,0,0
0,0,0
0,0,0
0,0,0
0,0,0
0,0,0
0,0,0
0,0,0
0,0,0
0,0,0
0,0,0
0,0,0
0,0,0
0,0,0
0,0,0
0,0,0
0,0,0
0,0,0
0,0,0
0,0,0
0,0,0
0,0,0
0,0,0
0,0,0
0,0,0
0,0,0
0,0,0
0,0,0
0,0,0
0,0,0
0,0,0
0,0,0
0,0,0
0,0,0
0,0,0
0,0,0
0,0,0
0,0,0
0,0,0
0,0,0
0,0,0
0,0,0
0,0,0
0,0,0
0,0,0
0,0,0
0,0,0
0,0,0
0,0,0
0,0,0
0,0,0
0,0,0
0,0,0
0,0,0
0,0,0
0,0,0
0,0,0
0,0,0
0,0,0
0,0,0
0,0,0
0,0,0
0,0,0
0,0,0
0,0,0
0,0,0
0,0,0
0,0,0
0,0,0
0,0,0
0,0,0
0,0,0
0,0,0
0,0,0
0,0,0
0,0,0
0,0,0
0,0,0
0,0,0
0,0,0
0,0,0
0,0,0
0,0,0
0,0,0
0,0,0
0,0,0
0,0,0
0,0,0
0,0,0
0,0,0
0,0,0
0,0,0
0,0,0
0,0,0
0,0,0
0,0,0
0,0,0
0,0,0
0,0,0
0,0,0
0,0,0
0,0,0
0,0,0
0,0,0
0,0,0
0,0,0
0,0,0
0,0,0
0,0,0
0,0,0
0,0,0
0,0,0
0,0,0
0,0,0
0,0,0
0,0,0
0,0,0
0,0,0
0,0,0
0,0,0
0,0,0
0,0,0
0,0,0
0,0,0
0,0,0
0,0,0
0,0,0
0,0,0
0,0,0
0,0,0
0,0,0
0,0,0
0,0,0
0,0,0
0,0,0
0,0,0
0,0,0
0,0,0
0,0,0
0,0,0
0,0,0
0,0,0
0,0,0
0,0,0
0,0,0
0,0,0
0,0,0
0,0,0
0,0,0
0,0,0
0,0,0
0,0,0
0,0,0
0,0,0
0,0,0
0,0,0
0,0,0
0,0,0
0,0,0
0,0,0
0,0,0
0,0,0
0,0,0
0,0,0
0,0,0
0,0,0
0,0,0
0,0,0
0,0,0
0,0,0
0,0,0
0,0,0
0,0,0
0,0,0
0,0,0
0,0,0
0,0,0
0,0,0
0,0,0
0,0,0
0,0,0
0,0,0
0,0,0
0,0,0
0,0,0
0,0,0
0,0,0
0,0,0
0,0,0
0,0,0
0,0,0
0,0,0
0,0,0
0,0,0
0,0,0
0,0,0
0,0,0
0,0,0
0,0,0
0,0,0
0,0,0
0,0,0
0,0,0
0,0,0
0,0,0
0,0,0
0,0,0
0,0,0
0,0,0
0,0,0
0,0,0
0,0,0
0,0,0
0,0,0
0,0,0
0,0,0
0,0,0
0,0,0
0,0,0
0,0,0
0,0,0
0,0,0
0,0,0
0,0,0
0,0,0
0,0,0
0,0,0
0,0,0
0,0,0
0,0,0
0,0,0
0,0,0
0,0,0
0,0,0
0,0,0
0,0,0
0,0,0
0,0,0
0,0,0
0,0,0
0,0,0
0,0,0
0,0,0
0,0,0
0,0,0
0,0,0
0,0,0
0,0,0
0,0,0
0,0,0
0,0,0
0,0,0
0,0,0
0,0,0
0,0,0
0,0,0
0,0,0
0,0,0
0,0,0
0,0,0
0,0,0
0,0,0
0,0,0
0,0,0
0,0,0
0,0,0
0,0,0
0,0,0
0,0,0
0,0,0
0,0,0
0,0,0
0,0,0
0,0,0
0,0,0
0,0,0
0,0,0
0,0,0
0,0,0
0,0,0
0,0,0
0,0,0
0,0,0
0,0,0
0,0,0
0,0,0
0,0,0
0,0,0
0,0,0
0,0,0
0,0,0
0,0,0
0,0,0
0,0,0
0,0,0
0,0,0
0,0,0
0,0,0
0,0,0
0,0,0
0,0,0
0,0,0
0,0,0
0,0,0
0,0,0
0,0,0
0,0,0
0,0,0
0,0,0
0,0,0
0,0,0
0,0,0
0,0,0
0,0,0
0,0,0
0,0,0
0,0,0
0,0,0
0,0,0
0,0,0
0,0,0
0,0,0
0,0,0
0,0,0
0,0,0
0,0,0
0,0,0
0,0,0
0,0,0
0,0,0
0,0,0
0,0,0
0,0,0
0,0,0
0,0,0
0,0,0
0,0,0
0,0,0
0,0,0
0,0,0
0,0,0
0,0,0
0,0,0
0,0,0
0,0,0
0,0,0
0,0,0
0,0,0
0,0,0
0,0,0
0,0,0
0,0,0
0,0,0
0,0,0
0,0,0
0,0,0
0,0,0
0,0,0
0,0,0
0,0,0
0,0,0
0,0,0
0,0,0
0,0,0
0,0,0
0,0,0
0,0,0
0,0,0
0,0,0
0,0,0
0,0,0
0,0,0
0,0,0
0,0,0
0,0,0
0,0,0
0,0,0
0,0,0
0,0,0
0,0,0
0,0,0
0,0,0
0,0,0
0,0,0
0,0,0
0,0,0
0,0,0
0,0,0
0,0,0
0,0,0
0,0,0
0,0,0
0,0,0
0,0,0
0,0,0
0,0,0
0,0,0
0,0,0
0,0,0
0,0,0
0,0,0
0,0,0
0,0,0
0,0,0
0,0,0
0,0,0
0,0,0
0,0,0
0,0,0
0,0,0
0,0,0
0,0,0
0,0,0
0,0,0
0,0,0
0,0,0
0,0,0
0,0,0
0,0,0
0,0,0
0,0,0
0,0,0
0,0,0
0,0,0
0,0,0
0,0,0
0,0,0
0,0,0
0,0,0
0,0,0
0,0,0
0,0,0
0,0,0
0,0,0
0,0,0
0,0,0
0,0,0
0,0,0
0,0,0
0,0,0
0,0,0
0,0,0
0,0,0
0,0,0
0,0,0
0,0,0
0,0,0
0,0,0
0,0,0
0,0,0
0,0,0
0,0,0
0,0,0
0,0,0
0,0,0
0,0,0
0,0,0
0,0,0
0,0,0
0,0,0
0,0,0
0,0,0
0,0,0
0,0,0
0,0,0
0,0,0
0,0,0
0,0,0
0,0,0
0,0,0
0,0,0
0,0,0
0,0,0
0,0,0
0,0,0
0,0,0
0,0,0
0,0,0
0,0,0
0,0,0
0,0,0
0,0,0
0,0,0
0,0,0
0,0,0
0,0,0
0,0,0
0,0,0
0,0,0
0,0,0
0,0,0
0,0,0
0,0,0
0,0,0
0,0,0
0,0,0
0,0,0
0,0,0
0,0,0
0,0,0
0,0,0
0,0,0
0,0,0
0,0,0
0,0,0
0,0,0
0,0,0
0,0,0
0,0,0
0,0,0
0,0,0
0,0,0
0,0,0
0,0,0
0,0,0
0,0,0
0,0,0
0,0,0
0,0,0
0,0,0
0,0,0
0,0,0
0,0,0
0,0,0
0,0,0
0,0,0
0,0,0
0,0,0
0,0,0
0,0,0
0,0,0
0,0,0
0,0,0
0,0,0
0,0,0
0,0,0
0,0,0
0,0,0
0,0,0
0,0,0
0,0,0
0,0,0
0,0,0
0,0,0
0,0,0
0,0,0
0,0,0
0,0,0
0,0,0
0,0,0
0,0,0
0,0,0
0,0,0
0,0,0
0,0,0
0,0,0
0,0,0
0,0,0
0,0,0
0,0,0
0,0,0
0,0,0
0,0,0
0,0,0
0,0,0
0,0,0
0,0,0
0,0,0
0,0,0
0,0,0
0,0,0
0,0,0
0,0,0
0,0,0
0,0,0
0,0,0
0,0,0
0,0,0
0,0,0
0,0,0
0,0,0
0,0,0
0,0,0
0,0,0
0,0,0
0,0,0
0,0,0
0,0,0
0,0,0
0,0,0
0,0,0
0,0,0
0,0,0
0,0,0
0,0,0
0,0,0
0,0,0
0,0,0
0,0,0
0,0,0
0,0,0
0,0,0
0,0,0
0,0,0
0,0,0
0,0,0
0,0,0
0,0,0
0,0,0
0,0,0
0,0,0
0,0,0
0,0,0
0,0,0
0,0,0
0,0,0
0,0,0
0,0,0
0,0,0
0,0,0
0,0,0
0,0,0
0,0,0
0,0,0
0,0,0
0,0,0
0,0,0
0,0,0
0,0,0
0,0,0
0,0,0
0,0,0
0,0,0
0,0,0
0,0,0
0,0,0
0,0,0
0,0,0
0,0,0
0,0,0
0,0,0
0,0,0
0,0,0
0,0,0
0,0,0
0,0,0
0,0,0
0,0,0
0,0,0
0,0,0
0,0,0
0,0,0
0,0,0
0,0,0
0,0,0
0,0,0
0,0,0
0,0,0
0,0,0
0,0,0
0,0,0
0,0,0
0,0,0
0,0,0
0,0,0
0,0,0
0,0,0
0,0,0
0,0,0
0,0,0
0,0,0
0,0,0
0,0,0
0,0,0
0,0,0
0,0,0
0,0,0
0,0,0
0,0,0
0,0,0
0,0,0
0,0,0
0,0,0
0,0,0
0,0,0
0,0,0
0,0,0
0,0,0
0,0,0
0,0,0
0,0,0
0,0,0
0,0,0
0,0,0
0,0,0
0,0,0
0,0,0
0,0,0
0,0,0
0,0,0
0,0,0
0,0,0
0,0,0
0,0,0
0,0,0
0,0,0
0,0,0
0,0,0
0,0,0
0,0,0
0,0,0
0,0,0
0,0,0
0,0,0
0,0,0
0,0,0
0,0,0
0,0,0
0,0,0
0,0,0
0,0,0
0,0,0
0,0,0
0,0,0
0,0,0
0,0,0
0,0,0
0,0,0
0,0,0
0,0,0
0,0,0
0,0,0
0,0,0
0,0,0
0,0,0
0,0,0
0,0,0
0,0,0
0,0,0
0,0,0
0,0,0
0,0,0
0,0,0
0,0,0
0,0,0
0,0,0
0,0,0
0,0,0
0,0,0
0,0,0
0,0,0
0,0,0
0,0,0
0,0,0
0,0,0
0,0,0
0,0,0
0,0,0
0,0,0
0,0,0
0,0,0
0,0,0
0,0,0
0,0,0
0,0,0
0,0,0
0,0,0
0,0,0
0,0,0
0,0,0
0,0,0
0,0,0
0,0,0
0,0,0
0,0,0
0,0,0
0,0,0
0,0,0
0,0,0
0,0,0
0,0,0
0,0,0
0,0,0
0,0,0
0,0,0
0,0,0
0,0,0
0,0,0
0,0,0
0,0,0
0,0,0
0,0,0
0,0,0
0,0,0
0,0,0
0,0,0
0,0,0
0,0,0
0,0,0
0,0,0
0,0,0
0,0,0
0,0,0
0,0,0
0,0,0
0,0,0
0,0,0
0,0,0
0,0,0
0,0,0
0,0,0
0,0,0
0,0,0
0,0,0
0,0,0
0,0,0
0,0,0
0,0,0
0,0,0
0,0,0
0,0,0
0,0,0
0,0,0
0,0,0
0,0,0
0,0,0
0,0,0
0,0,0
0,0,0
0,0,0
0,0,0
0,0,0
0,0,0
0,0,0
0,0,0
0,0,0
0,0,0
0,0,0
0,0,0
0,0,0
0,0,0
0,0,0
0,0,0
0,0,0
0,0,0
0,0,0
0,0,0
0,0,0
0,0,0
0,0,0
0,0,0
0,0,0
0,0,0
0,0,0
0,0,0
0,0,0
0,0,0
0,0,0
0,0,0
0,0,0
0,0,0
0,0,0
0,0,0
0,0,0
0,0,0
0,0,0
0,0,0
0,0,0
0,0,0
0,0,0
0,0,0
0,0,0
0,0,0
0,0,0
0,0,0
0,0,0
0,0,0
0,0,0
0,0,0
0,0,0
0,0,0
0,0,0
0,0,0
0,0,0
0,0,0
0,0,0
0,0,0
0,0,0
0,0,0
0,0,0
0,0,0
0,0,0
0,0,0
0,0,0
0,0,0
0,0,0
0,0,0
0,0,0
0,0,0
0,0,0
0,0,0
0,0,0
0,0,0
0,0,0
0,0,0
0,0,0
0,0,0
0,0,0
0,0,0
0,0,0
0,0,0
0,0,0
0,0,0
0,0,0
0,0,0
0,0,0
0,0,0
0,0,0
0,0,0
0,0,0
0,0,0
0,0,0
0,0,0
0,0,0
0,0,0
0,0,0
0,0,0
0,0,0
0,0,0
0,0,0
0,0,0
0,0,0
0,0,0
0,0,0
0,0,0
0,0,0
0,0,0
0,0,0
0,0,0
0,0,0
0,0,0
0,0,0
0,0,0
0,0,0
0,0,0
0,0,0
0,0,0
0,0,0
0,0,0
0,0,0
0,0,0
0,0,0
0,0,0
0,0,0
0,0,0
0,0,0
0,0,0
0,0,0
0,0,0
0,0,0
0,0,0
0,0,0
0,0,0
0,0,0
0,0,0
0,0,0
0,0,0
0,0,0
0,0,0
0,0,0
0,0,0
0,0,0
0,0,0
0,0,0
0,0,0
0,0,0
0,0,0
0,0,0
0,0,0
0,0,0
0,0,0
0,0,0
0,0,0
0,0,0
0,0,0
0,0,0
0,0,0
0,0,0
0,0,0
0,0,0
0,0,0
0,0,0
0,0,0
0,0,0
0,0,0
0,0,0
0,0,0
0,0,0
0,0,0
0,0,0
0,0,0
0,0,0
0,0,0
0,0,0
0,0,0
0,0,0
0,0,0
0,0,0
0,0,0
0,0,0
0,0,0
0,0,0
0,0,0
0,0,0
0,0,0
0,0,0
0,0,0
0,0,0
0,0,0
0,0,0
0,0,0
0,0,0
0,0,0
0,0,0
0,0,0
0,0,0
0,0,0
0,0,0
0,0,0
0,0,0
0,0,0
0,0,0
0,0,0
0,0,0
0,0,0
0,0,0
0,0,0
0,0,0
0,0,0
0,0,0
0,0,0
0,0,0
0,0,0
0,0,0
0,0,0
0,0,0
0,0,0
0,0,0
0,0,0
0,0,0
0,0,0
0,0,0
0,0,0
0,0,0
0,0,0
0,0,0
0,0,0
0,0,0
0,0,0
0,0,0
0,0,0
0,0,0
0,0,0
0,0,0
0,0,0
0,0,0
0,0,0
0,0,0
0,0,0
0,0,0
0,0,0
0,0,0
0,0,0
0,0,0
0,0,0
0,0,0
0,0,0
0,0,0
0,0,0
0,0,0
0,0,0
0,0,0
0,0,0
0,0,0
0,0,0
0,0,0
0,0,0
0,0,0
0,0,0
0,0,0
0,0,0
0,0,0
0,0,0
0,0,0
0,0,0
0,0,0
0,0,0
0,0,0
0,0,0
0,0,0
0,0,0
0,0,0
0,0,0
0,0,0
0,0,0
0,0,0
0,0,0
0,0,0
0,0,0
0,0,0
0,0,0
0,0,0
0,0,0
0,0,0
0,0,0
0,0,0
0,0,0
0,0,0
0,0,0
0,0,0
0,0,0
0,0,0
0,0,0
0,0,0
0,0,0
0,0,0
0,0,0
0,0,0
0,0,0
0,0,0
0,0,0
0,0,0
0,0,0
0,0,0
0,0,0
0,0,0
0,0,0
0,0,0
0,0,0
0,0,0
0,0,0
0,0,0
0,0,0
0,0,0
0,0,0
0,0,0
0,0,0
0,0,0
0,0,0
0,0,0
0,0,0
0,0,0
0,0,0
0,0,0
0,0,0
0,0,0
0,0,0
0,0,0
0,0,0
0,0,0
0,0,0
0,0,0
0,0,0
0,0,0
0,0,0
0,0,0
0,0,0
0,0,0
0,0,0
0,0,0
0,0,0
0,0,0
0,0,0
0,0,0
0,0,0
0,0,0
0,0,0
0,0,0
0,0,0
0,0,0
0,0,0
0,0,0
0,0,0
0,0,0
0,0,0
0,0,0
0,0,0
0,0,0
0,0,0
0,0,0
0,0,0
0,0,0
0,0,0
0,0,0
0,0,0
0,0,0
0,0,0
0,0,0
0,0,0
0,0,0
0,0,0
0,0,0
0,0,0
0,0,0
0,0,0
0,0,0
0,0,0
0,0,0
0,0,0
0,0,0
0,0,0
0,0,0
0,0,0
0,0,0
0,0,0
0,0,0
0,0,0
0,0,0
0,0,0
0,0,0
0,0,0
0,0,0
0,0,0
0,0,0
0,0,0
0,0,0
0,0,0
0,0,0
0,0,0
0,0,0
0,0,0
0,0,0
0,0,0
0,0,0
0,0,0
0,0,0
0,0,0
0,0,0
0,0,0
0,0,0
0,0,0
0,0,0
0,0,0
0,0,0
0,0,0
0,0,0
0,0,0
0,0,0
0,0,0
0,0,0
0,0,0
0,0,0
0,0,0
0,0,0
0,0,0
0,0,0
0,0,0
0,0,0
0,0,0
0,0,0
0,0,0
0,0,0
0,0,0
0,0,0
0,0,0
0,0,0
0,0,0
0,0,0
0,0,0
0,0,0
0,0,0
0,0,0
0,0,0
0,0,0
0,0,0
0,0,0
0,0,0
0,0,0
0,0,0
0,0,0
0,0,0
0,0,0
0,0,0
0,0,0
0,0,0
0,0,0
0,0,0
0,0,0
0,0,0
0,0,0
0,0,0
0,0,0
0,0,0
0,0,0
0,0,0
0,0,0
0,0,0
0,0,0
0,0,0
0,0,0
0,0,0
0,0,0
0,0,0
0,0,0
0,0,0
0,0,0
0,0,0
0,0,0
0,0,0
0,0,0
0,0,0
0,0,0
0,0,0
0,0,0
0,0,0
0,0,0
0,0,0
0,0,0
0,0,0
0,0,0
0,0,0
0,0,0
0,0,0
0,0,0
0,0,0
0,0,0
0,0,0
0,0,0
0,0,0
0,0,0
0,0,0
0,0,0
0,0,0
0,0,0
0,0,0
0,0,0
0,0,0
0,0,0
0,0,0
0,0,0
0,0,0
0,0,0
0,0,0
0,0,0
0,0,0
0,0,0
0,0,0
0,0,0
0,0,0
0,0,0
0,0,0
0,0,0
0,0,0
0,0,0
0,0,0
0,0,0
0,0,0
0,0,0
0,0,0
0,0,0
0,0,0
0,0,0
0,0,0
0,0,0
0,0,0
0,0,0
0,0,0
0,0,0
0,0,0
0,0,0
0,0,0
0,0,0
0,0,0
0,0,0
0,0,0
0,0,0
0,0,0
0,0,0
0,0,0
0,0,0
0,0,0
0,0,0
0,0,0
0,0,0
0,0,0
0,0,0
0,0,0
0,0,0
0,0,0
0,0,0
0,0,0
0,0,0
0,0,0
0,0,0
0,0,0
0,0,0
0,0,0
0,0,0
0,0,0
0,0,0
0,0,0
0,0,0
0,0,0
0,0,0
0,0,0
0,0,0
0,0,0
0,0,0
0,0,0
0,0,0
0,0,0
0,0,0
0,0,0
0,0,0
0,0,0
0,0,0
0,0,0
0,0,0
0,0,0
0,0,0
0,0,0
0,0,0
0,0,0
0,0,0
0,0,0
0,0,0
0,0,0
0,0,0
0,0,0
0,0,0
0,0,0
0,0,0
0,0,0
0,0,0
0,0,0
0,0,0
0,0,0
0,0,0
0,0,0
0,0,0
0,0,0
0,0,0
0,0,0
0,0,0
0,0,0
0,0,0
0,0,0
0,0,0
0,0,0
0,0,0
0,0,0
0,0,0
0,0,0
0,0,0
0,0,0
0,0,0
0,0,0
0,0,0
0,0,0
0,0,0
0,0,0
0,0,0
0,0,0
0,0,0
0,0,0
0,0,0
0,0,0
0,0,0
0,0,0
0,0,0
0,0,0
0,0,0
0,0,0
0,0,0
0,0,0
0,0,0
0,0,0
0,0,0
0,0,0
0,0,0
0,0,0
0,0,0
0,0,0
0,0,0
0,0,0
0,0,0
0,0,0
0,0,0
0,0,0
0,0,0
0,0,0
0,0,0
0,0,0
0,0,0
0,0,0
0,0,0
0,0,0
0,0,0
0,0,0
0,0,0
0,0,0
0,0,0
0,0,0
0,0,0
0,0,0
0,0,0
0,0,0
0,0,0
0,0,0
0,0,0
0,0,0
0,0,0
0,0,0
0,0,0
0,0,0
0,0,0
0,0,0
0,0,0
0,0,0
0,0,0
0,0,0
0,0,0
0,0,0
0,0,0
0,0,0
0,0,0
0,0,0
0,0,0
0,0,0
0,0,0
0,0,0
0,0,0
0,0,0
0,0,0
0,0,0
0,0,0
0,0,0
0,0,0
0,0,0
0,0,0
0,0,0
0,0,0
0,0,0
0,0,0
0,0,0
0,0,0
0,0,0
0,0,0
0,0,0
0,0,0
0,0,0
0,0,0
0,0,0
0,0,0
0,0,0
0,0,0
0,0,0
0,0,0
0,0,0
0,0,0
0,0,0
0,0,0
0,0,0
0,0,0
0,0,0
0,0,0
0,0,0
0,0,0
0,0,0
0,0,0
0,0,0
0,0,0
0,0,0
0,0,0
0,0,0
0,0,0
0,0,0
0,0,0
0,0,0
0,0,0
0,0,0
0,0,0
0,0,0
0,0,0
0,0,0
0,0,0
0,0,0
0,0,0
0,0,0
0,0,0
0,0,0
0,0,0
0,0,0
0,0,0
0,0,0
0,0,0
0,0,0
0,0,0
0,0,0
0,0,0
0,0,0
0,0,0
0,0,0
0,0,0
0,0,0
0,0,0
0,0,0
0,0,0
0,0,0
0,0,0
0,0,0
0,0,0
0,0,0
0,0,0
0,0,0
0,0,0
0,0,0
0,0,0
0,0,0
0,0,0
0,0,0
0,0,0
0,0,0
0,0,0
0,0,0
0,0,0
0,0,0
0,0,0
0,0,0
0,0,0
0,0,0
0,0,0
0,0,0
0,0,0
0,0,0
0,0,0
0,0,0
0,0,0
0,0,0
0,0,0
0,0,0
0,0,0
0,0,0
0,0,0
0,0,0
0,0,0
0,0,0
0,0,0
0,0,0
0,0,0
0,0,0
0,0,0
0,0,0
0,0,0
0,0,0
0,0,0
0,0,0
0,0,0
0,0,0
0,0,0
0,0,0
0,0,0
0,0,0
0,0,0
0,0,0
0,0,0
0,0,0
0,0,0
0,0,0
0,0,0
0,0,0
0,0,0
0,0,0
0,0,0
0,0,0
0,0,0
0,0,0
0,0,0
0,0,0
0,0,0
0,0,0
0,0,0
0,0,0
0,0,0
0,0,0
0,0,0
0,0,0
0,0,0
0,0,0
0,0,0
0,0,0
0,0,0
0,0,0
0,0,0
0,0,0
0,0,0
0,0,0
0,0,0
0,0,0
0,0,0
0,0,0
0,0,0
0,0,0
0,0,0
0,0,0
0,0,0
0,0,0
0,0,0
0,0,0
0,0,0
0,0,0
0,0,0
0,0,0
0,0,0
0,0,0
0,0,0
0,0,0
0,0,0
0,0,0
0,0,0
0,0,0
0,0,0
0,0,0
0,0,0
0,0,0
0,0,0
0,0,0
0,0,0
0,0,0
0,0,0
0,0,0
0,0,0
0,0,0
0,0,0
0,0,0
0,0,0
0,0,0
0,0,0
0,0,0
0,0,0
0,0,0
0,0,0
0,0,0
0,0,0
0,0,0
0,0,0
0,0,0
0,0,0
0,0,0
0,0,0
0,0,0
0,0,0
0,0,0
0,0,0
0,0,0
0,0,0
0,0,0
0,0,0
0,0,0
0,0,0
0,0,0
0,0,0
0,0,0
0,0,0
0,0,0
0,0,0
0,0,0
0,0,0
0,0,0
0,0,0
0,0,0
0,0,0
0,0,0
0,0,0
0,0,0
0,0,0
0,0,0
0,0,0
0,0,0
0,0,0
0,0,0
0,0,0
0,0,0
0,0,0
0,0,0
0,0,0
0,0,0
0,0,0
0,0,0
0,0,0
0,0,0
0,0,0
0,0,0
0,0,0
0,0,0
0,0,0
0,0,0
0,0,0
0,0,0
0,0,0
0,0,0
0,0,0
0,0,0
0,0,0
0,0,0
0,0,0
0,0,0
0,0,0
0,0,0
0,0,0
0,0,0
0,0,0
0,0,0
0,0,0
0,0,0
0,0,0
0,0,0
0,0,0
0,0,0
0,0,0
0,0,0
0,0,0
0,0,0
0,0,0
0,0,0
0,0,0
0,0,0
0,0,0
0,0,0
0,0,0
0,0,0
0,0,0
0,0,0
0,0,0
0,0,0
0,0,0
0,0,0
0,0,0
0,0,0
0,0,0
0,0,0
0,0,0
0,0,0
0,0,0
0,0,0
0,0,0
0,0,0
0,0,0
0,0,0
0,0,0
0,0,0
0,0,0
0,0,0
0,0,0
0,0,0
0,0,0
0,0,0
0,0,0
0,0,0
0,0,0
0,0,0
0,0,0
0,0,0
0,0,0
0,0,0
0,0,0
0,0,0
0,0,0
0,0,0
0,0,0
0,0,0
0,0,0
0,0,0
0,0,0
0,0,0
0,0,0
0,0,0
0,0,0
0,0,0
0,0,0
0,0,0
0,0,0
0,0,0
0,0,0
0,0,0
0,0,0
0,0,0
0,0,0
0,0,0
0,0,0
0,0,0
0,0,0
0,0,0
0,0,0
0,0,0
0,0,0
0,0,0
0,0,0
0,0,0
0,0,0
0,0,0
0,0,0
0,0,0
0,0,0
0,0,0
0,0,0
0,0,0
0,0,0
0,0,0
0,0,0
0,0,0
0,0,0
0,0,0
0,0,0
0,0,0
0,0,0
0,0,0
0,0,0
0,0,0
0,0,0
0,0,0
0,0,0
0,0,0
0,0,0
0,0,0
0,0,0
0,0,0
0,0,0
0,0,0
0,0,0
0,0,0
0,0,0
0,0,0
0,0,0
0,0,0
0,0,0
0,0,0
0,0,0
0,0,0
0,0,0
0,0,0
0,0,0
0,0,0
0,0,0
0,0,0
0,0,0
0,0,0
0,0,0
0,0,0
0,0,0
0,0,0
0,0,0
0,0,0
0,0,0
0,0,0
0,0,0
0,0,0
0,0,0
0,0,0
0,0,0
0,0,0
0,0,0
0,0,0
0,0,0
0,0,0
0,0,0
0,0,0
0,0,0
0,0,0
0,0,0
0,0,0
0,0,0
0,0,0
0,0,0
0,0,0
0,0,0
0,0,0
0,0,0
0,0,0
0,0,0
0,0,0
0,0,0
0,0,0
0,0,0
0,0,0
0,0,0
0,0,0
0,0,0
0,0,0
0,0,0
0,0,0
0,0,0
0,0,0
0,0,0
0,0,0
0,0,0
0,0,0
0,0,0
0,0,0
0,0,0
0,0,0
0,0,0
0,0,0
0,0,0
0,0,0
0,0,0
0,0,0
0,0,0
0,0,0
0,0,0
0,0,0
0,0,0
0,0,0
0,0,0
0,0,0
0,0,0
0,0,0
0,0,0
0,0,0
0,0,0
0,0,0
0,0,0
0,0,0
0,0,0
0,0,0
0,0,0
0,0,0
0,0,0
0,0,0
0,0,0
0,0,0
0,0,0
0,0,0
0,0,0
0,0,0
0,0,0
0,0,0
0,0,0
0,0,0
0,0,0
0,0,0
0,0,0
0,0,0
0,0,0
0,0,0
0,0,0
0,0,0
0,0,0
0,0,0
0,0,0
0,0,0
0,0,0
0,0,0
0,0,0
0,0,0
0,0,0
0,0,0
0,0,0
0,0,0
0,0,0
0,0,0
0,0,0
0,0,0
0,0,0
0,0,0
0,0,0
0,0,0
0,0,0
0,0,0
0,0,0
0,0,0
0,0,0
0,0,0
0,0,0
0,0,0
0,0,0
0,0,0
0,0,0
0,0,0
0,0,0
0,0,0
0,0,0
0,0,0
0,0,0
0,0,0
0,0,0
0,0,0
0,0,0
0,0,0
0,0,0
0,0,0
0,0,0
0,0,0
0,0,0
0,0,0
0,0,0
0,0,0
0,0,0
0,0,0
0,0,0
0,0,0
0,0,0
0,0,0
0,0,0
0,0,0
0,0,0
0,0,0
0,0,0
0,0,0
0,0,0
0,0,0
0,0,0
0,0,0
0,0,0
0,0,0
0,0,0
0,0,0
0,0,0
0,0,0
0,0,0
0,0,0
0,0,0
0,0,0
0,0,0
0,0,0
0,0,0
0,0,0
0,0,0
0,0,0
0,0,0
0,0,0
0,0,0
0,0,0
0,0,0
0,0,0
0,0,0
0,0,0
0,0,0
0,0,0
0,0,0
0,0,0
0,0,0
0,0,0
0,0,0
0,0,0
0,0,0
0,0,0
0,0,0
0,0,0
0,0,0
0,0,0
0,0,0
0,0,0
0,0,0
0,0,0
0,0,0
0,0,0
0,0,0
0,0,0
0,0,0
0,0,0
0,0,0
0,0,0
0,0,0
0,0,0
0,0,0
0,0,0
0,0,0
0,0,0
0,0,0
0,0,0
0,0,0
0,0,0
0,0,0
0,0,0
0,0,0
0,0,0
0,0,0
0,0,0
0,0,0
0,0,0
0,0,0
0,0,0
0,0,0
0,0,0
0,0,0
0,0,0
0,0,0
0,0,0
0,0,0
0,0,0
0,0,0
0,0,0
0,0,0
0,0,0
0,0,0
0,0,0
0,0,0
0,0,0
0,0,0
0,0,0
0,0,0
0,0,0
0,0,0
0,0,0
0,0,0
0,0,0
0,0,0
0,0,0
0,0,0
0,0,0
0,0,0
0,0,0
0,0,0
0,0,0
0,0,0
0,0,0
0,0,0
0,0,0
0,0,0
0,0,0
0,0,0
0,0,0
0,0,0
0,0,0
0,0,0
0,0,0
0,0,0
0,0,0
0,0,0
0,0,0
0,0,0
0,0,0
0,0,0
0,0,0
0,0,0
0,0,0
0,0,0
0,0,0
0,0,0
0,0,0
0,0,0
0,0,0
0,0,0
0,0,0
0,0,0
0,0,0
0,0,0
0,0,0
0,0,0
0,0,0
0,0,0
0,0,0
0,0,0
0,0,0
0,0,0
0,0,0
0,0,0
0,0,0
0,0,0
0,0,0
0,0,0
0,0,0
0,0,0
0,0,0
0,0,0
0,0,0
0,0,0
0,0,0
0,0,0
0,0,0
0,0,0
0,0,0
0,0,0
0,0,0
0,0,0
0,0,0
0,0,0
0,0,0
0,0,0
0,0,0
0,0,0
0,0,0
0,0,0
0,0,0
0,0,0
0,0,0
0,0,0
0,0,0
0,0,0
0,0,0
0,0,0
0,0,0
0,0,0
0,0,0
0,0,0
0,0,0
0,0,0
0,0,0
0,0,0
0,0,0
0,0,0
0,0,0
0,0,0
0,0,0
0,0,0
0,0,0
0,0,0
0,0,0
0,0,0
0,0,0
0,0,0
0,0,0
0,0,0
0,0,0
0,0,0
0,0,0
0,0,0
0,0,0
0,0,0
4.92599,-14.2963,3.20012
0,0,0
0,0,0
0,0,0
0,0,0
0,0,0
0,0,0
0,0,0
0,0,0
0,0,0
0,0,0
0,0,0
0,0,0
0,0,0
0,0,0
0,0,0
0,0,0
0,0,0
0,0,0
0,0,0
0,0,0
0,0,0
0,0,0
0,0,0
0,0,0
0,0,0
0,0,0
0,0,0
0,0,0
0,0,0
0,0,0
0,0,0
0,0,0
0,0,0
0,0,0
0,0,0
0,0,0
0,0,0
0,0,0
0,0,0
0,0,0
0,0,0
0,0,0
0,0,0
0,0,0
0,0,0
0,0,0
0,0,0
0,0,0
0,0,0
0,0,0
0,0,0
0,0,0
0,0,0
0,0,0
0,0,0
0,0,0
0,0,0
0,0,0
0,0,0
0,0,0
0,0,0
0,0,0
0,0,0
0,0,0
0,0,0
0,0,0
0,0,0
0,0,0
0,0,0
0,0,0
0,0,0
0,0,0
0,0,0
0,0,0
0,0,0
0,0,0
0,0,0
0,0,0
0,0,0
0,0,0
0,0,0
0,0,0
0,0,0
0,0,0
0,0,0
0,0,0
0,0,0
0,0,0
0,0,0
0,0,0
0,0,0
0,0,0
0,0,0
0,0,0
0,0,0
0,0,0
0,0,0
0,0,0
0,0,0
0,0,0
0,0,0
0,0,0
0,0,0
0,0,0
0,0,0
0,0,0
0,0,0
0,0,0
0,0,0
0,0,0
0,0,0
0,0,0
0,0,0
0,0,0
0,0,0
0,0,0
0,0,0
0,0,0
0,0,0
0,0,0
0,0,0
0,0,0
0,0,0
0,0,0
0,0,0
0,0,0
0,0,0
0,0,0
0,0,0
0,0,0
0,0,0
0,0,0
0,0,0
0,0,0
0,0,0
0,0,0
0,0,0
0,0,0
0,0,0
0,0,0
0,0,0
0,0,0
0,0,0
0,0,0
0,0,0
0,0,0
0,0,0
0,0,0
0,0,0
0,0,0
0,0,0
0,0,0
0,0,0
0,0,0
0,0,0
0,0,0
0,0,0
0,0,0
0,0,0
0,0,0
0,0,0
0,0,0
0,0,0
0,0,0
0,0,0
0,0,0
0,0,0
0,0,0
0,0,0
0,0,0
0,0,0
0,0,0
0,0,0
0,0,0
0,0,0
0,0,0
0,0,0
0,0,0
0,0,0
0,0,0
0,0,0
0,0,0
0,0,0
0,0,0
0,0,0
0,0,0
0,0,0
0,0,0
0,0,0
0,0,0
0,0,0
0,0,0
0,0,0
0,0,0
0,0,0
0,0,0
0,0,0
0,0,0
0,0,0
0,0,0
0,0,0
0,0,0
0,0,0
0,0,0
0,0,0
0,0,0
0,0,0
0,0,0
0,0,0
0,0,0
0,0,0
0,0,0
0,0,0
0,0,0
0,0,0
0,0,0
0,0,0
0,0,0
0,0,0
0,0,0
0,0,0
0,0,0
0,0,0
0,0,0
0,0,0
0,0,0
0,0,0
0,0,0
0,0,0
0,0,0
0,0,0
0,0,0
0,0,0
0,0,0
0,0,0
0,0,0
0,0,0
0,0,0
0,0,0
0,0,0
0,0,0
0,0,0
0,0,0
0,0,0
0,0,0
0,0,0
0,0,0
0,0,0
0,0,0
0,0,0
0,0,0
0,0,0
0,0,0
0,0,0
0,0,0
0,0,0
0,0,0
0,0,0
0,0,0
0,0,0
0,0,0
0,0,0
0,0,0
0,0,0
0,0,0
0,0,0
0,0,0
0,0,0
0,0,0
0,0,0
0,0,0
0,0,0
0,0,0
0,0,0
0,0,0
0,0,0
0,0,0
0,0,0
0,0,0
0,0,0
0,0,0
0,0,0
0,0,0
0,0,0
0,0,0
0,0,0
0,0,0
0,0,0
0,0,0
0,0,0
0,0,0
0,0,0
0,0,0
0,0,0
0,0,0
0,0,0
0,0,0
0,0,0
0,0,0
0,0,0
0,0,0
0,0,0
0,0,0
0,0,0
0,0,0
0,0,0
0,0,0
0,0,0
0,0,0
0,0,0
0,0,0
0,0,0
0,0,0
0,0,0
0,0,0
0,0,0
0,0,0
0,0,0
0,0,0
0,0,0
0,0,0
0,0,0
0,0,0
0,0,0
0,0,0
0,0,0
0,0,0
0,0,0
0,0,0
0,0,0
0,0,0
0,0,0
0,0,0
0,0,0
0,0,0
0,0,0
0,0,0
0,0,0
0,0,0
0,0,0
0,0,0
0,0,0
0,0,0
0,0,0
0,0,0
0,0,0
0,0,0
0,0,0
0,0,0
0,0,0
0,0,0
0,0,0
0,0,0
0,0,0
0,0,0
0,0,0
0,0,0
0,0,0
0,0,0
0,0,0
0,0,0
0,0,0
0,0,0
0,0,0
0,0,0
0,0,0
0,0,0
0,0,0
0,0,0
0,0,0
0,0,0
0,0,0
0,0,0
0,0,0
0,0,0
0,0,0
0,0,0
0,0,0
0,0,0
0,0,0
0,0,0
0,0,0
0,0,0
0,0,0
0,0,0
0,0,0
0,0,0
0,0,0
0,0,0
0,0,0
0,0,0
0,0,0
0,0,0
0,0,0
0,0,0
0,0,0
0,0,0
0,0,0
0,0,0
0,0,0
0,0,0
0,0,0
0,0,0
0,0,0
0,0,0
0,0,0
0,0,0
0,0,0
0,0,0
0,0,0
0,0,0
0,0,0
0,0,0
0,0,0
0,0,0
0,0,0
0,0,0
0,0,0
0,0,0
0,0,0
0,0,0
0,0,0
0,0,0
0,0,0
0,0,0
0,0,0
0,0,0
0,0,0
0,0,0
0,0,0
0,0,0
0,0,0
0,0,0
0,0,0
0,0,0
0,0,0
0,0,0
0,0,0
0,0,0
0,0,0
0,0,0
0,0,0
0,0,0
0,0,0
0,0,0
0,0,0
0,0,0
0,0,0
0,0,0
0,0,0
0,0,0
0,0,0
0,0,0
0,0,0
0,0,0
0,0,0
0,0,0
0,0,0
0,0,0
0,0,0
0,0,0
0,0,0
0,0,0
0,0,0
0,0,0
0,0,0
0,0,0
0,0,0
0,0,0
0,0,0
0,0,0
0,0,0
0,0,0
0,0,0
0,0,0
0,0,0
0,0,0
0,0,0
0,0,0
0,0,0
0,0,0
0,0,0
0,0,0
0,0,0
0,0,0
0,0,0
0,0,0
0,0,0
0,0,0
0,0,0
0,0,0
0,0,0
0,0,0
0,0,0
0,0,0
0,0,0
0,0,0
0,0,0
0,0,0
0,0,0
0,0,0
0,0,0
0,0,0
0,0,0
0,0,0
0,0,0
0,0,0
0,0,0
0,0,0
0,0,0
0,0,0
0,0,0
0,0,0
0,0,0
0,0,0
0,0,0
0,0,0
0,0,0
0,0,0
0,0,0
0,0,0
0,0,0
0,0,0
0,0,0
0,0,0
0,0,0
0,0,0
0,0,0
0,0,0
0,0,0
0,0,0
0,0,0
0,0,0
0,0,0
0,0,0
0,0,0
0,0,0
0,0,0
0,0,0
0,0,0
0,0,0
0,0,0
0,0,0
0,0,0
0,0,0
0,0,0
0,0,0
0,0,0
0,0,0
0,0,0
0,0,0
0,0,0
0,0,0
0,0,0
0,0,0
0,0,0
0,0,0
0,0,0
0,0,0
0,0,0
0,0,0
0,0,0
0,0,0
0,0,0
0,0,0
0,0,0
0,0,0
0,0,0
0,0,0
0,0,0
0,0,0
0,0,0
0,0,0
0,0,0
0,0,0
0,0,0
0,0,0
0,0,0
0,0,0
0,0,0
0,0,0
0,0,0
0,0,0
0,0,0
0,0,0
0,0,0
0,0,0
0,0,0
0,0,0
0,0,0
0,0,0
0,0,0
0,0,0
0,0,0
0,0,0
0,0,0
0,0,0
0,0,0
0,0,0
0,0,0
0,0,0
0,0,0
0,0,0
0,0,0
0,0,0
0,0,0
0,0,0
0,0,0
0,0,0
0,0,0
0,0,0
0,0,0
0,0,0
0,0,0
0,0,0
0,0,0
0,0,0
0,0,0
0,0,0
0,0,0
0,0,0
0,0,0
0,0,0
0,0,0
0,0,0
0,0,0
0,0,0
0,0,0
0,0,0
0,0,0
0,0,0
0,0,0
0,0,0
0,0,0
0,0,0
0,0,0
0,0,0
0,0,0
0,0,0
0,0,0
0,0,0
0,0,0
0,0,0
0,0,0
0,0,0
0,0,0
0,0,0
0,0,0
0,0,0
0,0,0
0,0,0
0,0,0
0,0,0
0,0,0
0,0,0
0,0,0
0,0,0
0,0,0
0,0,0
0,0,0
0,0,0
0,0,0
0,0,0
0,0,0
0,0,0
0,0,0
0,0,0
0,0,0
0,0,0
0,0,0
0,0,0
0,0,0
0,0,0
0,0,0
0,0,0
0,0,0
0,0,0
0,0,0
0,0,0
0,0,0
0,0,0
0,0,0
0,0,0
0,0,0
0,0,0
0,0,0
0,0,0
0,0,0
0,0,0
0,0,0
0,0,0
0,0,0
0,0,0
0,0,0
0,0,0
0,0,0
0,0,0
0,0,0
0,0,0
0,0,0
0,0,0
0,0,0
0,0,0
0,0,0
0,0,0
0,0,0
0,0,0
0,0,0
0,0,0
0,0,0
0,0,0
0,0,0
0,0,0
0,0,0
0,0,0
0,0,0
0,0,0
0,0,0
0,0,0
0,0,0
0,0,0
0,0,0
0,0,0
0,0,0
0,0,0
0,0,0
0,0,0
0,0,0
0,0,0
0,0,0
0,0,0
0,0,0
0,0,0
0,0,0
0,0,0
0,0,0
0,0,0
0,0,0
0,0,0
0,0,0
0,0,0
0,0,0
0,0,0
0,0,0
0,0,0
0,0,0
0,0,0
0,0,0
0,0,0
0,0,0
0,0,0
0,0,0
0,0,0
0,0,0
0,0,0
0,0,0
0,0,0
0,0,0
0,0,0
0,0,0
0,0,0
0,0,0
0,0,0
0,0,0
0,0,0
0,0,0
0,0,0
0,0,0
0,0,0
0,0,0
0,0,0
0,0,0
0,0,0
0,0,0
0,0,0
0,0,0
0,0,0
0,0,0
0,0,0
0,0,0
0,0,0
0,0,0
0,0,0
0,0,0
0,0,0
0,0,0
0,0,0
0,0,0
0,0,0
0,0,0
0,0,0
0,0,0
0,0,0
0,0,0
0,0,0
0,0,0
0,0,0
0,0,0
0,0,0
0,0,0
0,0,0
0,0,0
0,0,0
0,0,0
0,0,0
0,0,0
0,0,0
0,0,0
0,0,0
0,0,0
0,0,0
0,0,0
0,0,0
0,0,0
0,0,0
0,0,0
0,0,0
0,0,0
0,0,0
0,0,0
0,0,0
0,0,0
0,0,0
0,0,0
0,0,0
0,0,0
0,0,0
0,0,0
0,0,0
0,0,0
0,0,0
0,0,0
0,0,0
0,0,0
0,0,0
0,0,0
0,0,0
0,0,0
0,0,0
0,0,0
0,0,0
0,0,0
0,0,0
0,0,0
0,0,0
0,0,0
0,0,0
0,0,0
0,0,0
0,0,0
0,0,0
0,0,0
0,0,0
0,0,0
0,0,0
0,0,0
0,0,0
0,0,0
0,0,0
0,0,0
0,0,0
0,0,0
0,0,0
0,0,0
0,0,0
0,0,0
0,0,0
0,0,0
0,0,0
0,0,0
0,0,0
0,0,0
0,0,0
0,0,0
0,0,0
0,0,0
0,0,0
0,0,0
0,0,0
0,0,0
0,0,0
0,0,0
0,0,0
0,0,0
0,0,0
0,0,0
0,0,0
0,0,0
0,0,0
0,0,0
0,0,0
0,0,0
0,0,0
0,0,0
0,0,0
0,0,0
0,0,0
0,0,0
0,0,0
0,0,0
0,0,0
0,0,0
0,0,0
0,0,0
0,0,0
0,0,0
0,0,0
0,0,0
0,0,0
0,0,0
0,0,0
0,0,0
0,0,0
0,0,0
0,0,0
0,0,0
0,0,0
0,0,0
0,0,0
0,0,0
0,0,0
0,0,0
0,0,0
0,0,0
0,0,0
0,0,0
0,0,0
0,0,0
0,0,0
0,0,0
0,0,0
0,0,0
0,0,0
0,0,0
0,0,0
0,0,0
0,0,0
0,0,0
0,0,0
0,0,0
0,0,0
0,0,0
0,0,0
0,0,0
0,0,0
0,0,0
0,0,0
0,0,0
0,0,0
0,0,0
0,0,0
0,0,0
0,0,0
0,0,0
0,0,0
0,0,0
0,0,0
0,0,0
0,0,0
0,0,0
0,0,0
0,0,0
0,0,0
0,0,0
0,0,0
0,0,0
0,0,0
0,0,0
0,0,0
0,0,0
0,0,0
0,0,0
0,0,0
0,0,0
0,0,0
0,0,0
0,0,0
0,0,0
0,0,0
0,0,0
0,0,0
0,0,0
0,0,0
0,0,0
0,0,0
0,0,0
0,0,0
0,0,0
0,0,0
0,0,0
0,0,0
0,0,0
0,0,0
0,0,0
0,0,0
0,0,0
0,0,0
0,0,0
0,0,0
0,0,0
0,0,0
0,0,0
0,0,0
0,0,0
0,0,0
0,0,0
0,0,0
0,0,0
0,0,0
0,0,0
0,0,0
0,0,0
0,0,0
0,0,0
0,0,0
0,0,0
0,0,0
0,0,0
0,0,0
0,0,0
0,0,0
0,0,0
0,0,0
0,0,0
0,0,0
0,0,0
0,0,0
0,0,0
0,0,0
0,0,0
0,0,0
0,0,0
0,0,0
0,0,0
0,0,0
0,0,0
0,0,0
0,0,0
0,0,0
0,0,0
0,0,0
0,0,0
0,0,0
0,0,0
4.52586,-14.5726,3.03788
0,0,0
0,0,0
0,0,0
0,0,0
0,0,0
0,0,0
0,0,0
0,0,0
0,0,0
0,0,0
0,0,0
0,0,0
0,0,0
0,0,0
0,0,0
0,0,0
0,0,0
0,0,0
0,0,0
0,0,0
0,0,0
0,0,0
0,0,0
0,0,0
0,0,0
0,0,0
0,0,0
0,0,0
0,0,0
0,0,0
0,0,0
0,0,0
0,0,0
0,0,0
0,0,0
0,0,0
0,0,0
0,0,0
0,0,0
0,0,0
0,0,0
0,0,0
0,0,0
0,0,0
0,0,0
0,0,0
0,0,0
0,0,0
0,0,0
0,0,0
0,0,0
0,0,0
0,0,0
0,0,0
0,0,0
0,0,0
0,0,0
0,0,0
0,0,0
0,0,0
0,0,0
0,0,0
0,0,0
0,0,0
0,0,0
0,0,0
0,0,0
0,0,0
0,0,0
0,0,0
0,0,0
0,0,0
0,0,0
0,0,0
0,0,0
0,0,0
0,0,0
0,0,0
0,0,0
0,0,0
0,0,0
0,0,0
0,0,0
0,0,0
0,0,0
0,0,0
0,0,0
0,0,0
0,0,0
0,0,0
0,0,0
0,0,0
0,0,0
0,0,0
0,0,0
0,0,0
0,0,0
0,0,0
0,0,0
0,0,0
0,0,0
0,0,0
0,0,0
0,0,0
0,0,0
0,0,0
0,0,0
0,0,0
0,0,0
0,0,0
0,0,0
0,0,0
0,0,0
0,0,0
0,0,0
0,0,0
0,0,0
0,0,0
0,0,0
0,0,0
0,0,0
0,0,0
0,0,0
0,0,0
0,0,0
0,0,0
0,0,0
0,0,0
0,0,0
0,0,0
0,0,0
0,0,0
0,0,0
0,0,0
0,0,0
0,0,0
0,0,0
0,0,0
0,0,0
0,0,0
0,0,0
0,0,0
0,0,0
0,0,0
0,0,0
0,0,0
0,0,0
0,0,0
0,0,0
0,0,0
0,0,0
0,0,0
0,0,0
0,0,0
0,0,0
0,0,0
0,0,0
0,0,0
0,0,0
0,0,0
0,0,0
0,0,0
0,0,0
0,0,0
0,0,0
0,0,0
0,0,0
0,0,0
0,0,0
0,0,0
0,0,0
0,0,0
0,0,0
0,0,0
0,0,0
0,0,0
0,0,0
0,0,0
0,0,0
0,0,0
0,0,0
0,0,0
0,0,0
0,0,0
0,0,0
0,0,0
0,0,0
0,0,0
0,0,0
0,0,0
0,0,0
0,0,0
0,0,0
0,0,0
0,0,0
0,0,0
0,0,0
0,0,0
0,0,0
0,0,0
0,0,0
0,0,0
0,0,0
0,0,0
0,0,0
0,0,0
0,0,0
0,0,0
0,0,0
0,0,0
0,0,0
0,0,0
0,0,0
0,0,0
0,0,0
0,0,0
0,0,0
0,0,0
0,0,0
0,0,0
0,0,0
0,0,0
0,0,0
0,0,0
0,0,0
0,0,0
0,0,0
0,0,0
0,0,0
0,0,0
0,0,0
0,0,0
0,0,0
0,0,0
0,0,0
0,0,0
0,0,0
0,0,0
0,0,0
0,0,0
0,0,0
0,0,0
0,0,0
0,0,0
0,0,0
0,0,0
0,0,0
0,0,0
0,0,0
0,0,0
0,0,0
0,0,0
0,0,0
0,0,0
0,0,0
0,0,0
0,0,0
0,0,0
0,0,0
0,0,0
0,0,0
0,0,0
0,0,0
0,0,0
0,0,0
0,0,0
0,0,0
0,0,0
0,0,0
0,0,0
0,0,0
0,0,0
0,0,0
0,0,0
0,0,0
0,0,0
0,0,0
0,0,0
0,0,0
0,0,0
0,0,0
0,0,0
0,0,0
0,0,0
0,0,0
0,0,0
0,0,0
0,0,0
0,0,0
0,0,0
0,0,0
0,0,0
0,0,0
0,0,0
0,0,0
0,0,0
0,0,0
0,0,0
0,0,0
0,0,0
0,0,0
0,0,0
0,0,0
0,0,0
0,0,0
0,0,0
0,0,0
0,0,0
0,0,0
0,0,0
0,0,0
0,0,0
0,0,0
0,0,0
0,0,0
0,0,0
0,0,0
0,0,0
0,0,0
0,0,0
0,0,0
0,0,0
0,0,0
0,0,0
0,0,0
0,0,0
0,0,0
0,0,0
0,0,0
0,0,0
0,0,0
0,0,0
0,0,0
0,0,0
0,0,0
0,0,0
0,0,0
0,0,0
0,0,0
0,0,0
0,0,0
0,0,0
0,0,0
0,0,0
0,0,0
0,0,0
0,0,0
0,0,0
0,0,0
0,0,0
0,0,0
0,0,0
0,0,0
0,0,0
0,0,0
0,0,0
0,0,0
0,0,0
0,0,0
0,0,0
0,0,0
0,0,0
0,0,0
0,0,0
0,0,0
0,0,0
0,0,0
0,0,0
0,0,0
0,0,0
0,0,0
0,0,0
0,0,0
0,0,0
0,0,0
0,0,0
0,0,0
0,0,0
0,0,0
0,0,0
0,0,0
0,0,0
0,0,0
0,0,0
0,0,0
0,0,0
0,0,0
0,0,0
0,0,0
0,0,0
0,0,0
0,0,0
0,0,0
0,0,0
0,0,0
0,0,0
0,0,0
0,0,0
0,0,0
0,0,0
0,0,0
0,0,0
0,0,0
0,0,0
0,0,0
0,0,0
0,0,0
0,0,0
0,0,0
0,0,0
0,0,0
0,0,0
0,0,0
0,0,0
0,0,0
0,0,0
0,0,0
0,0,0
0,0,0
0,0,0
0,0,0
0,0,0
0,0,0
0,0,0
0,0,0
0,0,0
0,0,0
0,0,0
0,0,0
0,0,0
0,0,0
0,0,0
0,0,0
0,0,0
0,0,0
0,0,0
0,0,0
0,0,0
0,0,0
0,0,0
0,0,0
0,0,0
0,0,0
0,0,0
0,0,0
0,0,0
0,0,0
0,0,0
0,0,0
0,0,0
0,0,0
0,0,0
0,0,0
0,0,0
0,0,0
0,0,0
0,0,0
0,0,0
0,0,0
0,0,0
0,0,0
0,0,0
0,0,0
0,0,0
0,0,0
0,0,0
0,0,0
0,0,0
0,0,0
0,0,0
0,0,0
0,0,0
0,0,0
0,0,0
0,0,0
0,0,0
0,0,0
0,0,0
0,0,0
0,0,0
0,0,0
0,0,0
0,0,0
0,0,0
0,0,0
0,0,0
0,0,0
0,0,0
0,0,0
0,0,0
0,0,0
0,0,0
0,0,0
0,0,0
0,0,0
0,0,0
0,0,0
0,0,0
0,0,0
0,0,0
0,0,0
0,0,0
0,0,0
0,0,0
0,0,0
0,0,0
0,0,0
0,0,0
0,0,0
0,0,0
0,0,0
0,0,0
0,0,0
0,0,0
0,0,0
0,0,0
0,0,0
0,0,0
0,0,0
0,0,0
0,0,0
0,0,0
0,0,0
0,0,0
0,0,0
0,0,0
0,0,0
0,0,0
0,0,0
0,0,0
0,0,0
0,0,0
0,0,0
0,0,0
0,0,0
0,0,0
0,0,0
0,0,0
0,0,0
0,0,0
0,0,0
0,0,0
0,0,0
0,0,0
0,0,0
0,0,0
0,0,0
0,0,0
0,0,0
0,0,0
0,0,0
0,0,0
0,0,0
0,0,0
0,0,0
0,0,0
0,0,0
0,0,0
0,0,0
0,0,0
0,0,0
0,0,0
0,0,0
0,0,0
0,0,0
0,0,0
0,0,0
0,0,0
0,0,0
0,0,0
0,0,0
0,0,0
0,0,0
0,0,0
0,0,0
0,0,0
0,0,0
0,0,0
0,0,0
0,0,0
0,0,0
0,0,0
0,0,0
0,0,0
0,0,0
0,0,0
0,0,0
0,0,0
0,0,0
0,0,0
0,0,0
0,0,0
0,0,0
0,0,0
0,0,0
0,0,0
0,0,0
0,0,0
0,0,0
0,0,0
0,0,0
0,0,0
0,0,0
0,0,0
0,0,0
0,0,0
0,0,0
0,0,0
0,0,0
0,0,0
0,0,0
0,0,0
0,0,0
0,0,0
0,0,0
0,0,0
0,0,0
0,0,0
0,0,0
0,0,0
0,0,0
0,0,0
0,0,0
0,0,0
0,0,0
0,0,0
0,0,0
0,0,0
0,0,0
0,0,0
0,0,0
0,0,0
0,0,0
0,0,0
0,0,0
0,0,0
0,0,0
0,0,0
0,0,0
0,0,0
0,0,0
0,0,0
0,0,0
0,0,0
0,0,0
0,0,0
0,0,0
0,0,0
0,0,0
0,0,0
0,0,0
0,0,0
0,0,0
0,0,0
0,0,0
0,0,0
0,0,0
0,0,0
0,0,0
0,0,0
0,0,0
0,0,0
0,0,0
0,0,0
0,0,0
0,0,0
0,0,0
0,0,0
0,0,0
0,0,0
0,0,0
0,0,0
0,0,0
0,0,0
0,0,0
0,0,0
0,0,0
0,0,0
0,0,0
0,0,0
0,0,0
0,0,0
0,0,0
0,0,0
0,0,0
0,0,0
0,0,0
0,0,0
0,0,0
0,0,0
0,0,0
0,0,0
0,0,0
0,0,0
0,0,0
0,0,0
0,0,0
0,0,0
0,0,0
0,0,0
0,0,0
0,0,0
0,0,0
0,0,0
0,0,0
0,0,0
0,0,0
0,0,0
0,0,0
0,0,0
0,0,0
0,0,0
0,0,0
0,0,0
0,0,0
0,0,0
0,0,0
0,0,0
0,0,0
0,0,0
0,0,0
0,0,0
0,0,0
0,0,0
0,0,0
0,0,0
0,0,0
0,0,0
0,0,0
0,0,0
0,0,0
0,0,0
0,0,0
0,0,0
0,0,0
0,0,0
0,0,0
0,0,0
0,0,0
0,0,0
0,0,0
0,0,0
0,0,0
0,0,0
0,0,0
0,0,0
0,0,0
0,0,0
0,0,0
0,0,0
0,0,0
0,0,0
0,0,0
0,0,0
0,0,0
0,0,0
0,0,0
0,0,0
0,0,0
0,0,0
0,0,0
0,0,0
0,0,0
0,0,0
0,0,0
0,0,0
0,0,0
0,0,0
0,0,0
0,0,0
0,0,0
0,0,0
0,0,0
0,0,0
0,0,0
0,0,0
0,0,0
0,0,0
0,0,0
0,0,0
0,0,0
0,0,0
0,0,0
0,0,0
0,0,0
0,0,0
0,0,0
0,0,0
0,0,0
0,0,0
0,0,0
0,0,0
0,0,0
0,0,0
0,0,0
0,0,0
0,0,0
0,0,0
0,0,0
0,0,0
0,0,0
0,0,0
0,0,0
0,0,0
0,0,0
0,0,0
0,0,0
0,0,0
0,0,0
0,0,0
0,0,0
0,0,0
0,0,0
0,0,0
0,0,0
0,0,0
0,0,0
0,0,0
0,0,0
0,0,0
0,0,0
0,0,0
0,0,0
0,0,0
0,0,0
0,0,0
0,0,0
0,0,0
0,0,0
0,0,0
0,0,0
0,0,0
0,0,0
0,0,0
0,0,0
0,0,0
0,0,0
0,0,0
0,0,0
0,0,0
0,0,0
0,0,0
0,0,0
0,0,0
0,0,0
0,0,0
0,0,0
0,0,0
0,0,0
0,0,0
0,0,0
0,0,0
0,0,0
0,0,0
0,0,0
0,0,0
0,0,0
0,0,0
0,0,0
0,0,0
0,0,0
0,0,0
0,0,0
0,0,0
0,0,0
0,0,0
0,0,0
0,0,0
0,0,0
0,0,0
0,0,0
0,0,0
0,0,0
0,0,0
0,0,0
0,0,0
0,0,0
0,0,0
0,0,0
0,0,0
0,0,0
0,0,0
0,0,0
0,0,0
0,0,0
0,0,0
0,0,0
0,0,0
0,0,0
0,0,0
0,0,0
0,0,0
0,0,0
0,0,0
0,0,0
0,0,0
0,0,0
0,0,0
0,0,0
0,0,0
0,0,0
0,0,0
0,0,0
0,0,0
0,0,0
0,0,0
0,0,0
0,0,0
0,0,0
0,0,0
0,0,0
0,0,0
0,0,0
0,0,0
0,0,0
0,0,0
0,0,0
0,0,0
0,0,0
0,0,0
0,0,0
0,0,0
0,0,0
0,0,0
0,0,0
0,0,0
0,0,0
0,0,0
0,0,0
0,0,0
0,0,0
0,0,0
0,0,0
0,0,0
0,0,0
0,0,0
0,0,0
0,0,0
0,0,0
0,0,0
0,0,0
0,0,0
0,0,0
0,0,0
0,0,0
0,0,0
0,0,0
0,0,0
0,0,0
0,0,0
0,0,0
0,0,0
0,0,0
0,0,0
0,0,0
0,0,0
0,0,0
0,0,0
0,0,0
0,0,0
0,0,0
0,0,0
0,0,0
0,0,0
0,0,0
0,0,0
0,0,0
0,0,0
0,0,0
0,0,0
0,0,0
0,0,0
0,0,0
0,0,0
0,0,0
0,0,0
0,0,0
0,0,0
0,0,0
0,0,0
0,0,0
0,0,0
0,0,0
0,0,0
0,0,0
0,0,0
0,0,0
0,0,0
0,0,0
0,0,0
0,0,0
0,0,0
0,0,0
0,0,0
0,0,0
0,0,0
0,0,0
0,0,0
0,0,0
0,0,0
0,0,0
0,0,0
4.93017,-14.3085,2.82999
0,0,0
0,0,0
0,0,0
0,0,0
0,0,0
0,0,0
0,0,0
0,0,0
0,0,0
0,0,0
0,0,0
0,0,0
0,0,0
0,0,0
0,0,0
0,0,0
0,0,0
0,0,0
0,0,0
0,0,0
0,0,0
0,0,0
0,0,0
0,0,0
0,0,0
0,0,0
0,0,0
0,0,0
0,0,0
0,0,0
0,0,0
0,0,0
0,0,0
0,0,0
0,0,0
0,0,0
0,0,0
0,0,0
0,0,0
0,0,0
0,0,0
0,0,0
0,0,0
0,0,0
0,0,0
0,0,0
0,0,0
0,0,0
0,0,0
0,0,0
0,0,0
0,0,0
0,0,0
0,0,0
0,0,0
0,0,0
0,0,0
0,0,0
0,0,0
0,0,0
0,0,0
0,0,0
0,0,0
0,0,0
0,0,0
0,0,0
0,0,0
0,0,0
0,0,0
0,0,0
0,0,0
0,0,0
0,0,0
0,0,0
0,0,0
0,0,0
0,0,0
0,0,0
0,0,0
0,0,0
0,0,0
0,0,0
0,0,0
0,0,0
0,0,0
0,0,0
0,0,0
0,0,0
0,0,0
0,0,0
0,0,0
0,0,0
0,0,0
0,0,0
0,0,0
0,0,0
0,0,0
0,0,0
0,0,0
0,0,0
0,0,0
0,0,0
0,0,0
0,0,0
0,0,0
0,0,0
0,0,0
0,0,0
0,0,0
0,0,0
0,0,0
0,0,0
0,0,0
0,0,0
0,0,0
0,0,0
0,0,0
0,0,0
0,0,0
0,0,0
0,0,0
0,0,0
0,0,0
0,0,0
0,0,0
0,0,0
0,0,0
0,0,0
0,0,0
0,0,0
0,0,0
0,0,0
0,0,0
0,0,0
0,0,0
0,0,0
0,0,0
0,0,0
0,0,0
0,0,0
0,0,0
0,0,0
0,0,0
0,0,0
0,0,0
0,0,0
0,0,0
0,0,0
0,0,0
0,0,0
0,0,0
0,0,0
0,0,0
0,0,0
0,0,0
0,0,0
0,0,0
0,0,0
0,0,0
0,0,0
0,0,0
0,0,0
0,0,0
0,0,0
0,0,0
0,0,0
0,0,0
0,0,0
0,0,0
0,0,0
0,0,0
0,0,0
0,0,0
0,0,0
0,0,0
0,0,0
0,0,0
0,0,0
0,0,0
0,0,0
0,0,0
0,0,0
0,0,0
0,0,0
0,0,0
0,0,0
0,0,0
0,0,0
0,0,0
0,0,0
0,0,0
0,0,0
0,0,0
0,0,0
0,0,0
0,0,0
0,0,0
0,0,0
0,0,0
0,0,0
0,0,0
0,0,0
0,0,0
0,0,0
0,0,0
0,0,0
0,0,0
0,0,0
0,0,0
0,0,0
0,0,0
0,0,0
0,0,0
0,0,0
0,0,0
0,0,0
0,0,0
0,0,0
0,0,0
0,0,0
0,0,0
0,0,0
0,0,0
0,0,0
0,0,0
0,0,0
0,0,0
0,0,0
0,0,0
0,0,0
0,0,0
0,0,0
0,0,0
0,0,0
0,0,0
0,0,0
0,0,0
0,0,0
0,0,0
0,0,0
0,0,0
0,0,0
0,0,0
0,0,0
0,0,0
0,0,0
0,0,0
0,0,0
0,0,0
0,0,0
0,0,0
0,0,0
0,0,0
0,0,0
0,0,0
0,0,0
0,0,0
0,0,0
0,0,0
0,0,0
0,0,0
0,0,0
0,0,0
0,0,0
0,0,0
0,0,0
0,0,0
0,0,0
0,0,0
0,0,0
0,0,0
0,0,0
0,0,0
0,0,0
0,0,0
0,0,0
0,0,0
0,0,0
0,0,0
0,0,0
0,0,0
0,0,0
0,0,0
0,0,0
0,0,0
0,0,0
0,0,0
0,0,0
0,0,0
0,0,0
0,0,0
0,0,0
0,0,0
0,0,0
0,0,0
0,0,0
0,0,0
0,0,0
0,0,0
0,0,0
0,0,0
0,0,0
0,0,0
0,0,0
0,0,0
0,0,0
0,0,0
0,0,0
0,0,0
0,0,0
0,0,0
0,0,0
0,0,0
0,0,0
0,0,0
0,0,0
0,0,0
0,0,0
0,0,0
0,0,0
0,0,0
0,0,0
0,0,0
0,0,0
0,0,0
0,0,0
0,0,0
0,0,0
0,0,0
0,0,0
0,0,0
0,0,0
0,0,0
0,0,0
0,0,0
0,0,0
0,0,0
0,0,0
0,0,0
0,0,0
0,0,0
0,0,0
0,0,0
0,0,0
0,0,0
0,0,0
0,0,0
0,0,0
0,0,0
0,0,0
0,0,0
0,0,0
0,0,0
0,0,0
0,0,0
0,0,0
0,0,0
0,0,0
0,0,0
0,0,0
0,0,0
0,0,0
0,0,0
0,0,0
0,0,0
0,0,0
0,0,0
0,0,0
0,0,0
0,0,0
0,0,0
0,0,0
0,0,0
0,0,0
0,0,0
0,0,0
0,0,0
0,0,0
0,0,0
0,0,0
0,0,0
0,0,0
0,0,0
0,0,0
0,0,0
0,0,0
0,0,0
0,0,0
0,0,0
0,0,0
0,0,0
0,0,0
0,0,0
0,0,0
0,0,0
0,0,0
0,0,0
0,0,0
0,0,0
0,0,0
0,0,0
0,0,0
0,0,0
0,0,0
0,0,0
0,0,0
0,0,0
0,0,0
0,0,0
0,0,0
0,0,0
0,0,0
0,0,0
0,0,0
0,0,0
0,0,0
0,0,0
0,0,0
0,0,0
0,0,0
0,0,0
0,0,0
0,0,0
0,0,0
0,0,0
0,0,0
0,0,0
0,0,0
0,0,0
0,0,0
0,0,0
0,0,0
0,0,0
0,0,0
0,0,0
0,0,0
0,0,0
0,0,0
0,0,0
0,0,0
0,0,0
0,0,0
0,0,0
0,0,0
0,0,0
0,0,0
0,0,0
0,0,0
0,0,0
0,0,0
0,0,0
0,0,0
0,0,0
0,0,0
0,0,0
0,0,0
0,0,0
0,0,0
0,0,0
0,0,0
0,0,0
0,0,0
0,0,0
0,0,0
0,0,0
0,0,0
0,0,0
0,0,0
0,0,0
0,0,0
0,0,0
0,0,0
0,0,0
0,0,0
0,0,0
0,0,0
0,0,0
0,0,0
0,0,0
0,0,0
0,0,0
0,0,0
0,0,0
0,0,0
0,0,0
0,0,0
0,0,0
0,0,0
0,0,0
0,0,0
0,0,0
0,0,0
0,0,0
0,0,0
0,0,0
0,0,0
0,0,0
0,0,0
0,0,0
0,0,0
0,0,0
0,0,0
0,0,0
0,0,0
0,0,0
0,0,0
0,0,0
0,0,0
0,0,0
0,0,0
0,0,0
0,0,0
0,0,0
0,0,0
0,0,0
0,0,0
0,0,0
0,0,0
0,0,0
0,0,0
0,0,0
0,0,0
0,0,0
0,0,0
0,0,0
0,0,0
0,0,0
0,0,0
0,0,0
0,0,0
0,0,0
0,0,0
0,0,0
0,0,0
0,0,0
0,0,0
0,0,0
0,0,0
0,0,0
0,0,0
0,0,0
0,0,0
0,0,0
0,0,0
0,0,0
0,0,0
0,0,0
0,0,0
0,0,0
0,0,0
0,0,0
0,0,0
0,0,0
0,0,0
0,0,0
0,0,0
0,0,0
0,0,0
0,0,0
0,0,0
0,0,0
0,0,0
0,0,0
0,0,0
0,0,0
0,0,0
0,0,0
0,0,0
0,0,0
0,0,0
0,0,0
0,0,0
0,0,0
0,0,0
0,0,0
0,0,0
0,0,0
0,0,0
0,0,0
0,0,0
0,0,0
0,0,0
0,0,0
0,0,0
0,0,0
0,0,0
0,0,0
0,0,0
0,0,0
0,0,0
0,0,0
0,0,0
0,0,0
0,0,0
0,0,0
0,0,0
0,0,0
0,0,0
0,0,0
0,0,0
0,0,0
0,0,0
0,0,0
0,0,0
0,0,0
0,0,0
0,0,0
0,0,0
0,0,0
0,0,0
0,0,0
0,0,0
0,0,0
0,0,0
0,0,0
0,0,0
0,0,0
0,0,0
0,0,0
0,0,0
0,0,0
0,0,0
0,0,0
0,0,0
0,0,0
0,0,0
0,0,0
0,0,0
0,0,0
0,0,0
0,0,0
0,0,0
0,0,0
0,0,0
0,0,0
0,0,0
0,0,0
0,0,0
0,0,0
0,0,0
0,0,0
0,0,0
0,0,0
0,0,0
0,0,0
0,0,0
0,0,0
0,0,0
0,0,0
0,0,0
0,0,0
0,0,0
0,0,0
0,0,0
0,0,0
0,0,0
0,0,0
0,0,0
0,0,0
0,0,0
0,0,0
0,0,0
0,0,0
0,0,0
0,0,0
0,0,0
0,0,0
0,0,0
0,0,0
0,0,0
0,0,0
0,0,0
0,0,0
0,0,0
0,0,0
0,0,0
0,0,0
0,0,0
0,0,0
0,0,0
0,0,0
0,0,0
0,0,0
0,0,0
0,0,0
0,0,0
0,0,0
0,0,0
0,0,0
0,0,0
0,0,0
0,0,0
0,0,0
0,0,0
0,0,0
0,0,0
0,0,0
0,0,0
0,0,0
0,0,0
0,0,0
0,0,0
0,0,0
0,0,0
0,0,0
0,0,0
0,0,0
0,0,0
0,0,0
0,0,0
0,0,0
0,0,0
0,0,0
0,0,0
0,0,0
0,0,0
0,0,0
0,0,0
0,0,0
0,0,0
0,0,0
0,0,0
0,0,0
3.765,3.16771,0.883346
3.76618,3.12943,0.879261
3.77237,3.09563,0.876367
3.81119,3.08856,0.880793
3.82546,3.06142,0.879771
0,0,0
0,0,0
0,0,0
0,0,0
0,0,0
0,0,0
0,0,0
0,0,0
0,0,0
0,0,0
0,0,0
0,0,0
0,0,0
0,0,0
0,0,0
0,0,0
0,0,0
0,0,0
0,0,0
0,0,0
0,0,0
0,0,0
0,0,0
0,0,0
0,0,0
0,0,0
0,0,0
0,0,0
0,0,0
0,0,0
0,0,0
0,0,0
0,0,0
0,0,0
0,0,0
0,0,0
0,0,0
0,0,0
0,0,0
0,0,0
0,0,0
0,0,0
0,0,0
0,0,0
0,0,0
0,0,0
0,0,0
0,0,0
0,0,0
0,0,0
0,0,0
0,0,0
0,0,0
0,0,0
0,0,0
0,0,0
0,0,0
0,0,0
0,0,0
0,0,0
0,0,0
0,0,0
0,0,0
0,0,0
0,0,0
0,0,0
0,0,0
0,0,0
0,0,0
0,0,0
0,0,0
0,0,0
0,0,0
0,0,0
0,0,0
0,0,0
0,0,0
0,0,0
0,0,0
0,0,0
0,0,0
0,0,0
0,0,0
0,0,0
0,0,0
0,0,0
0,0,0
0,0,0
0,0,0
0,0,0
0,0,0
0,0,0
0,0,0
0,0,0
0,0,0
0,0,0
0,0,0
0,0,0
0,0,0
0,0,0
0,0,0
0,0,0
0,0,0
0,0,0
0,0,0
0,0,0
0,0,0
0,0,0
0,0,0
0,0,0
0,0,0
0,0,0
0,0,0
0,0,0
0,0,0
0,0,0
0,0,0
0,0,0
0,0,0
0,0,0
0,0,0
0,0,0
0,0,0
0,0,0
0,0,0
0,0,0
0,0,0
0,0,0
0,0,0
0,0,0
0,0,0
0,0,0
0,0,0
0,0,0
0,0,0
0,0,0
0,0,0
0,0,0
0,0,0
0,0,0
0,0,0
0,0,0
0,0,0
0,0,0
0,0,0
0,0,0
0,0,0
0,0,0
0,0,0
0,0,0
0,0,0
0,0,0
0,0,0
0,0,0
0,0,0
0,0,0
0,0,0
0,0,0
0,0,0
0,0,0
0,0,0
0,0,0
0,0,0
0,0,0
0,0,0
0,0,0
0,0,0
0,0,0
0,0,0
0,0,0
0,0,0
0,0,0
0,0,0
0,0,0
0,0,0
0,0,0
0,0,0
0,0,0
0,0,0
0,0,0
0,0,0
0,0,0
0,0,0
0,0,0
0,0,0
0,0,0
0,0,0
0,0,0
0,0,0
0,0,0
0,0,0
0,0,0
0,0,0
0,0,0
0,0,0
0,0,0
0,0,0
0,0,0
0,0,0
0,0,0
0,0,0
0,0,0
0,0,0
0,0,0
0,0,0
0,0,0
0,0,0
0,0,0
0,0,0
0,0,0
0,0,0
0,0,0
0,0,0
0,0,0
0,0,0
0,0,0
0,0,0
0,0,0
0,0,0
0,0,0
0,0,0
0,0,0
0,0,0
0,0,0
0,0,0
0,0,0
0,0,0
0,0,0
0,0,0
0,0,0
0,0,0
0,0,0
0,0,0
0,0,0
0,0,0
0,0,0
0,0,0
0,0,0
0,0,0
0,0,0
0,0,0
0,0,0
0,0,0
0,0,0
0,0,0
0,0,0
0,0,0
0,0,0
0,0,0
0,0,0
0,0,0
0,0,0
0,0,0
0,0,0
0,0,0
0,0,0
0,0,0
0,0,0
0,0,0
0,0,0
0,0,0
0,0,0
0,0,0
0,0,0
0,0,0
0,0,0
0,0,0
0,0,0
0,0,0
0,0,0
0,0,0
0,0,0
0,0,0
0,0,0
0,0,0
0,0,0
0,0,0
0,0,0
0,0,0
0,0,0
0,0,0
0,0,0
0,0,0
0,0,0
0,0,0
0,0,0
0,0,0
0,0,0
0,0,0
0,0,0
0,0,0
0,0,0
0,0,0
0,0,0
0,0,0
0,0,0
0,0,0
0,0,0
0,0,0
0,0,0
0,0,0
0,0,0
0,0,0
0,0,0
0,0,0
0,0,0
0,0,0
0,0,0
0,0,0
0,0,0
0,0,0
4.96668,-14.4314,2.66969
4.91552,-14.5728,2.68995
4.81519,-14.5699,2.68399
4.72266,-14.5898,2.68229
4.61816,-14.5715,2.67378
4.49538,-14.4923,2.65438
0,0,0
0,0,0
0,0,0
0,0,0
0,0,0
0,0,0
0,0,0
0,0,0
0,0,0
0,0,0
0,0,0
0,0,0
0,0,0
0,0,0
0,0,0
0,0,0
0,0,0
0,0,0
0,0,0
0,0,0
0,0,0
0,0,0
0,0,0
0,0,0
0,0,0
0,0,0
0,0,0
0,0,0
0,0,0
0,0,0
0,0,0
0,0,0
0,0,0
0,0,0
0,0,0
0,0,0
0,0,0
0,0,0
0,0,0
0,0,0
0,0,0
0,0,0
0,0,0
0,0,0
0,0,0
0,0,0
0,0,0
0,0,0
0,0,0
0,0,0
0,0,0
0,0,0
0,0,0
0,0,0
0,0,0
0,0,0
0,0,0
0,0,0
0,0,0
0,0,0
0,0,0
0,0,0
0,0,0
0,0,0
0,0,0
0,0,0
0,0,0
0,0,0
0,0,0
0,0,0
0,0,0
0,0,0
0,0,0
0,0,0
0,0,0
0,0,0
0,0,0
0,0,0
0,0,0
0,0,0
0,0,0
0,0,0
0,0,0
0,0,0
0,0,0
0,0,0
0,0,0
0,0,0
0,0,0
0,0,0
0,0,0
0,0,0
0,0,0
0,0,0
0,0,0
0,0,0
0,0,0
0,0,0
0,0,0
0,0,0
0,0,0
0,0,0
0,0,0
0,0,0
0,0,0
0,0,0
0,0,0
0,0,0
0,0,0
0,0,0
0,0,0
0,0,0
0,0,0
0,0,0
0,0,0
0,0,0
0,0,0
0,0,0
0,0,0
0,0,0
0,0,0
0,0,0
0,0,0
0,0,0
0,0,0
0,0,0
0,0,0
0,0,0
0,0,0
0,0,0
0,0,0
0,0,0
0,0,0
0,0,0
0,0,0
0,0,0
0,0,0
0,0,0
0,0,0
0,0,0
0,0,0
0,0,0
0,0,0
0,0,0
0,0,0
0,0,0
0,0,0
0,0,0
0,0,0
0,0,0
0,0,0
0,0,0
0,0,0
0,0,0
0,0,0
0,0,0
0,0,0
0,0,0
0,0,0
0,0,0
0,0,0
0,0,0
0,0,0
0,0,0
0,0,0
0,0,0
0,0,0
0,0,0
0,0,0
0,0,0
0,0,0
0,0,0
0,0,0
0,0,0
0,0,0
0,0,0
0,0,0
0,0,0
0,0,0
0,0,0
0,0,0
0,0,0
0,0,0
0,0,0
0,0,0
0,0,0
0,0,0
0,0,0
0,0,0
0,0,0
0,0,0
0,0,0
0,0,0
0,0,0
0,0,0
0,0,0
0,0,0
0,0,0
0,0,0
0,0,0
0,0,0
0,0,0
0,0,0
0,0,0
0,0,0
0,0,0
0,0,0
0,0,0
0,0,0
0,0,0
0,0,0
0,0,0
0,0,0
0,0,0
0,0,0
0,0,0
0,0,0
0,0,0
0,0,0
0,0,0
0,0,0
0,0,0
0,0,0
0,0,0
0,0,0
0,0,0
0,0,0
0,0,0
0,0,0
0,0,0
0,0,0
0,0,0
0,0,0
0,0,0
0,0,0
0,0,0
0,0,0
0,0,0
0,0,0
0,0,0
0,0,0
0,0,0
0,0,0
0,0,0
0,0,0
0,0,0
0,0,0
0,0,0
0,0,0
0,0,0
0,0,0
0,0,0
0,0,0
0,0,0
0,0,0
0,0,0
0,0,0
0,0,0
0,0,0
0,0,0
0,0,0
0,0,0
0,0,0
0,0,0
0,0,0
0,0,0
0,0,0
0,0,0
0,0,0
0,0,0
0,0,0
0,0,0
0,0,0
0,0,0
0,0,0
0,0,0
0,0,0
0,0,0
0,0,0
0,0,0
0,0,0
0,0,0
0,0,0
0,0,0
0,0,0
0,0,0
0,0,0
0,0,0
0,0,0
0,0,0
0,0,0
0,0,0
0,0,0
0,0,0
0,0,0
0,0,0
0,0,0
0,0,0
0,0,0
0,0,0
0,0,0
0,0,0
0,0,0
0,0,0
0,0,0
0,0,0
0,0,0
0,0,0
0,0,0
0,0,0
0,0,0
0,0,0
0,0,0
0,0,0
0,0,0
0,0,0
0,0,0
0,0,0
0,0,0
0,0,0
0,0,0
0,0,0
0,0,0
0,0,0
0,0,0
0,0,0
0,0,0
0,0,0
0,0,0
0,0,0
0,0,0
0,0,0
0,0,0
0,0,0
0,0,0
0,0,0
0,0,0
0,0,0
0,0,0
0,0,0
0,0,0
0,0,0
0,0,0
0,0,0
0,0,0
0,0,0
0,0,0
0,0,0
0,0,0
0,0,0
0,0,0
0,0,0
0,0,0
0,0,0
0,0,0
0,0,0
0,0,0
0,0,0
0,0,0
0,0,0
0,0,0
0,0,0
0,0,0
0,0,0
0,0,0
0,0,0
0,0,0
0,0,0
0,0,0
0,0,0
0,0,0
0,0,0
0,0,0
0,0,0
0,0,0
0,0,0
0,0,0
0,0,0
0,0,0
0,0,0
0,0,0
0,0,0
0,0,0
0,0,0
0,0,0
0,0,0
0,0,0
0,0,0
0,0,0
0,0,0
0,0,0
0,0,0
0,0,0
0,0,0
0,0,0
0,0,0
0,0,0
0,0,0
0,0,0
0,0,0
0,0,0
0,0,0
0,0,0
0,0,0
0,0,0
0,0,0
0,0,0
0,0,0
0,0,0
0,0,0
0,0,0
0,0,0
0,0,0
0,0,0
0,0,0
0,0,0
0,0,0
0,0,0
0,0,0
0,0,0
0,0,0
0,0,0
0,0,0
0,0,0
0,0,0
0,0,0
0,0,0
0,0,0
0,0,0
0,0,0
0,0,0
0,0,0
0,0,0
0,0,0
0,0,0
0,0,0
0,0,0
0,0,0
0,0,0
0,0,0
0,0,0
0,0,0
0,0,0
0,0,0
0,0,0
0,0,0
0,0,0
0,0,0
0,0,0
0,0,0
0,0,0
0,0,0
0,0,0
0,0,0
0,0,0
0,0,0
0,0,0
0,0,0
0,0,0
0,0,0
0,0,0
0,0,0
0,0,0
0,0,0
0,0,0
0,0,0
0,0,0
0,0,0
0,0,0
0,0,0
0,0,0
0,0,0
0,0,0
0,0,0
0,0,0
0,0,0
0,0,0
0,0,0
0,0,0
0,0,0
0,0,0
0,0,0
0,0,0
0,0,0
0,0,0
0,0,0
0,0,0
0,0,0
0,0,0
0,0,0
0,0,0
0,0,0
0,0,0
0,0,0
0,0,0
0,0,0
0,0,0
0,0,0
0,0,0
0,0,0
0,0,0
0,0,0
0,0,0
0,0,0
0,0,0
0,0,0
0,0,0
0,0,0
0,0,0
0,0,0
0,0,0
0,0,0
0,0,0
0,0,0
0,0,0
0,0,0
0,0,0
0,0,0
0,0,0
0,0,0
0,0,0
0,0,0
0,0,0
0,0,0
0,0,0
0,0,0
0,0,0
0,0,0
0,0,0
0,0,0
0,0,0
0,0,0
0,0,0
0,0,0
0,0,0
0,0,0
0,0,0
0,0,0
0,0,0
0,0,0
0,0,0
0,0,0
0,0,0
0,0,0
0,0,0
0,0,0
0,0,0
0,0,0
0,0,0
0,0,0
0,0,0
0,0,0
0,0,0
0,0,0
0,0,0
0,0,0
0,0,0
0,0,0
0,0,0
0,0,0
0,0,0
0,0,0
0,0,0
0,0,0
0,0,0
0,0,0
0,0,0
0,0,0
0,0,0
0,0,0
0,0,0
0,0,0
0,0,0
0,0,0
0,0,0
0,0,0
0,0,0
0,0,0
0,0,0
0,0,0
0,0,0
0,0,0
0,0,0
0,0,0
0,0,0
0,0,0
0,0,0
0,0,0
0,0,0
0,0,0
0,0,0
0,0,0
0,0,0
0,0,0
0,0,0
0,0,0
0,0,0
0,0,0
0,0,0
0,0,0
0,0,0
0,0,0
0,0,0
0,0,0
0,0,0
0,0,0
0,0,0
0,0,0
0,0,0
0,0,0
0,0,0
0,0,0
0,0,0
0,0,0
0,0,0
0,0,0
0,0,0
0,0,0
0,0,0
0,0,0
0,0,0
0,0,0
0,0,0
0,0,0
0,0,0
0,0,0
0,0,0
0,0,0
0,0,0
0,0,0
0,0,0
0,0,0
0,0,0
0,0,0
0,0,0
0,0,0
0,0,0
0,0,0
0,0,0
0,0,0
0,0,0
0,0,0
0,0,0
0,0,0
0,0,0
0,0,0
0,0,0
0,0,0
0,0,0
0,0,0
0,0,0
0,0,0
0,0,0
0,0,0
0,0,0
0,0,0
0,0,0
0,0,0
0,0,0
0,0,0
0,0,0
0,0,0
0,0,0
0,0,0
0,0,0
0,0,0
0,0,0
0,0,0
0,0,0
0,0,0
0,0,0
0,0,0
0,0,0
0,0,0
0,0,0
0,0,0
0,0,0
0,0,0
0,0,0
0,0,0
0,0,0
0,0,0
0,0,0
0,0,0
0,0,0
3.68421,3.14111,0.809129
3.71323,3.12671,0.811185
3.75285,3.12091,0.815455
3.78719,3.11036,0.818619
3.78089,3.06654,0.813399
3.79424,3.03896,0.812292
3.83605,3.034,0.817037
0,0,0
0,0,0
0,0,0
0,0,0
0,0,0
0,0,0
0,0,0
0,0,0
0,0,0
0,0,0
0,0,0
0,0,0
0,0,0
0,0,0
0,0,0
0,0,0
0,0,0
0,0,0
0,0,0
0,0,0
0,0,0
0,0,0
0,0,0
0,0,0
0,0,0
0,0,0
0,0,0
0,0,0
0,0,0
0,0,0
0,0,0
0,0,0
0,0,0
0,0,0
0,0,0
0,0,0
0,0,0
0,0,0
0,0,0
0,0,0
0,0,0
0,0,0
0,0,0
0,0,0
0,0,0
0,0,0
0,0,0
0,0,0
0,0,0
0,0,0
0,0,0
0,0,0
0,0,0
0,0,0
0,0,0
0,0,0
0,0,0
0,0,0
0,0,0
0,0,0
0,0,0
0,0,0
0,0,0
0,0,0
0,0,0
0,0,0
0,0,0
0,0,0
0,0,0
0,0,0
0,0,0
0,0,0
0,0,0
0,0,0
0,0,0
0,0,0
0,0,0
0,0,0
0,0,0
0,0,0
0,0,0
0,0,0
0,0,0
0,0,0
0,0,0
0,0,0
0,0,0
0,0,0
0,0,0
0,0,0
0,0,0
0,0,0
0,0,0
0,0,0
0,0,0
0,0,0
0,0,0
0,0,0
0,0,0
0,0,0
0,0,0
0,0,0
0,0,0
0,0,0
0,0,0
0,0,0
0,0,0
0,0,0
0,0,0
0,0,0
0,0,0
0,0,0
0,0,0
0,0,0
0,0,0
0,0,0
0,0,0
0,0,0
0,0,0
0,0,0
0,0,0
0,0,0
0,0,0
0,0,0
0,0,0
0,0,0
0,0,0
0,0,0
0,0,0
0,0,0
0,0,0
0,0,0
0,0,0
0,0,0
0,0,0
0,0,0
0,0,0
0,0,0
0,0,0
0,0,0
0,0,0
0,0,0
0,0,0
0,0,0
0,0,0
0,0,0
0,0,0
0,0,0
0,0,0
0,0,0
0,0,0
0,0,0
0,0,0
0,0,0
0,0,0
0,0,0
0,0,0
0,0,0
0,0,0
0,0,0
0,0,0
0,0,0
0,0,0
0,0,0
0,0,0
0,0,0
0,0,0
0,0,0
0,0,0
0,0,0
0,0,0
0,0,0
0,0,0
0,0,0
0,0,0
0,0,0
0,0,0
0,0,0
0,0,0
0,0,0
0,0,0
0,0,0
0,0,0
0,0,0
0,0,0
0,0,0
0,0,0
0,0,0
0,0,0
0,0,0
0,0,0
0,0,0
0,0,0
0,0,0
0,0,0
0,0,0
0,0,0
0,0,0
0,0,0
0,0,0
0,0,0
0,0,0
0,0,0
0,0,0
0,0,0
0,0,0
0,0,0
0,0,0
0,0,0
0,0,0
0,0,0
0,0,0
0,0,0
0,0,0
0,0,0
0,0,0
0,0,0
0,0,0
0,0,0
0,0,0
0,0,0
0,0,0
0,0,0
0,0,0
0,0,0
0,0,0
0,0,0
0,0,0
0,0,0
0,0,0
0,0,0
0,0,0
0,0,0
0,0,0
0,0,0
0,0,0
0,0,0
0,0,0
0,0,0
0,0,0
0,0,0
0,0,0
0,0,0
0,0,0
0,0,0
0,0,0
0,0,0
0,0,0
0,0,0
0,0,0
0,0,0
0,0,0
0,0,0
0,0,0
0,0,0
0,0,0
0,0,0
0,0,0
0,0,0
0,0,0
0,0,0
0,0,0
0,0,0
0,0,0
0,0,0
0,0,0
0,0,0
0,0,0
0,0,0
0,0,0
0,0,0
0,0,0
0,0,0
0,0,0
0,0,0
0,0,0
0,0,0
0,0,0
0,0,0
0,0,0
0,0,0
0,0,0
0,0,0
0,0,0
0,0,0
0,0,0
0,0,0
0,0,0
0,0,0
0,0,0
0,0,0
0,0,0
0,0,0
0,0,0
0,0,0
0,0,0
0,0,0
0,0,0
0,0,0
0,0,0
0,0,0
0,0,0
0,0,0
0,0,0
0,0,0
0,0,0
0,0,0
0,0,0
5.17923,-14.4609,2.49399
5.08974,-14.4905,2.49367
4.96023,-14.4039,2.47374
4.89986,-14.5173,2.48782
4.811,-14.548,2.48798
4.70217,-14.5171,2.47785
4.60226,-14.5118,2.47216
4.50552,-14.5153,2.46805
0,0,0
4.3473,-14.6376,2.47944
4.25823,-14.6669,2.47991
0,0,0
0,0,0
0,0,0
0,0,0
0,0,0
0,0,0
0,0,0
0,0,0
0,0,0
0,0,0
0,0,0
0,0,0
0,0,0
0,0,0
0,0,0
0,0,0
0,0,0
0,0,0
0,0,0
0,0,0
0,0,0
0,0,0
0,0,0
0,0,0
0,0,0
0,0,0
0,0,0
0,0,0
0,0,0
0,0,0
0,0,0
0,0,0
0,0,0
0,0,0
0,0,0
0,0,0
0,0,0
0,0,0
0,0,0
0,0,0
0,0,0
0,0,0
0,0,0
0,0,0
0,0,0
0,0,0
0,0,0
0,0,0
0,0,0
0,0,0
0,0,0
0,0,0
0,0,0
0,0,0
0,0,0
0,0,0
0,0,0
0,0,0
0,0,0
0,0,0
0,0,0
0,0,0
0,0,0
0,0,0
0,0,0
0,0,0
0,0,0
0,0,0
0,0,0
0,0,0
0,0,0
0,0,0
0,0,0
0,0,0
0,0,0
0,0,0
0,0,0
0,0,0
0,0,0
0,0,0
0,0,0
0,0,0
0,0,0
0,0,0
0,0,0
0,0,0
0,0,0
0,0,0
0,0,0
0,0,0
0,0,0
0,0,0
0,0,0
0,0,0
0,0,0
0,0,0
0,0,0
0,0,0
0,0,0
0,0,0
0,0,0
0,0,0
0,0,0
0,0,0
0,0,0
0,0,0
0,0,0
0,0,0
0,0,0
0,0,0
0,0,0
0,0,0
0,0,0
0,0,0
0,0,0
0,0,0
0,0,0
0,0,0
0,0,0
0,0,0
0,0,0
0,0,0
0,0,0
0,0,0
0,0,0
0,0,0
0,0,0
0,0,0
0,0,0
0,0,0
0,0,0
0,0,0
0,0,0
0,0,0
0,0,0
0,0,0
0,0,0
0,0,0
0,0,0
0,0,0
0,0,0
0,0,0
0,0,0
0,0,0
0,0,0
0,0,0
0,0,0
0,0,0
0,0,0
0,0,0
0,0,0
0,0,0
0,0,0
0,0,0
0,0,0
0,0,0
0,0,0
0,0,0
0,0,0
0,0,0
0,0,0
0,0,0
0,0,0
0,0,0
0,0,0
0,0,0
0,0,0
0,0,0
0,0,0
0,0,0
0,0,0
0,0,0
0,0,0
0,0,0
0,0,0
0,0,0
0,0,0
0,0,0
0,0,0
0,0,0
0,0,0
0,0,0
0,0,0
0,0,0
0,0,0
0,0,0
0,0,0
0,0,0
0,0,0
0,0,0
0,0,0
0,0,0
0,0,0
0,0,0
0,0,0
0,0,0
0,0,0
0,0,0
0,0,0
0,0,0
0,0,0
0,0,0
0,0,0
0,0,0
0,0,0
0,0,0
0,0,0
0,0,0
0,0,0
0,0,0
0,0,0
0,0,0
0,0,0
0,0,0
0,0,0
0,0,0
0,0,0
0,0,0
0,0,0
0,0,0
0,0,0
0,0,0
0,0,0
0,0,0
0,0,0
0,0,0
0,0,0
0,0,0
0,0,0
0,0,0
0,0,0
0,0,0
0,0,0
0,0,0
0,0,0
0,0,0
0,0,0
0,0,0
0,0,0
0,0,0
0,0,0
0,0,0
0,0,0
0,0,0
0,0,0
0,0,0
0,0,0
0,0,0
0,0,0
0,0,0
0,0,0
0,0,0
0,0,0
0,0,0
0,0,0
0,0,0
0,0,0
0,0,0
0,0,0
0,0,0
0,0,0
0,0,0
0,0,0
0,0,0
0,0,0
0,0,0
0,0,0
0,0,0
0,0,0
0,0,0
0,0,0
0,0,0
0,0,0
0,0,0
0,0,0
0,0,0
0,0,0
0,0,0
0,0,0
0,0,0
0,0,0
0,0,0
0,0,0
0,0,0
0,0,0
0,0,0
0,0,0
0,0,0
0,0,0
0,0,0
0,0,0
0,0,0
0,0,0
0,0,0
0,0,0
0,0,0
0,0,0
0,0,0
0,0,0
0,0,0
0,0,0
0,0,0
0,0,0
0,0,0
0,0,0
0,0,0
0,0,0
0,0,0
0,0,0
0,0,0
0,0,0
0,0,0
0,0,0
0,0,0
0,0,0
0,0,0
0,0,0
0,0,0
0,0,0
0,0,0
0,0,0
0,0,0
0,0,0
0,0,0
0,0,0
0,0,0
0,0,0
0,0,0
0,0,0
0,0,0
0,0,0
0,0,0
0,0,0
0,0,0
0,0,0
0,0,0
0,0,0
0,0,0
0,0,0
0,0,0
0,0,0
0,0,0
0,0,0
0,0,0
0,0,0
0,0,0
0,0,0
0,0,0
0,0,0
0,0,0
0,0,0
0,0,0
0,0,0
0,0,0
0,0,0
0,0,0
0,0,0
0,0,0
0,0,0
0,0,0
0,0,0
0,0,0
0,0,0
0,0,0
0,0,0
0,0,0
0,0,0
0,0,0
0,0,0
0,0,0
0,0,0
0,0,0
0,0,0
0,0,0
0,0,0
0,0,0
0,0,0
0,0,0
0,0,0
0,0,0
0,0,0
0,0,0
0,0,0
0,0,0
0,0,0
0,0,0
0,0,0
0,0,0
0,0,0
0,0,0
0,0,0
0,0,0
0,0,0
0,0,0
0,0,0
0,0,0
0,0,0
0,0,0
0,0,0
0,0,0
0,0,0
0,0,0
0,0,0
0,0,0
0,0,0
0,0,0
0,0,0
0,0,0
0,0,0
0,0,0
0,0,0
0,0,0
0,0,0
0,0,0
0,0,0
0,0,0
0,0,0
0,0,0
0,0,0
0,0,0
0,0,0
0,0,0
0,0,0
0,0,0
0,0,0
0,0,0
0,0,0
0,0,0
0,0,0
0,0,0
0,0,0
0,0,0
0,0,0
0,0,0
0,0,0
0,0,0
0,0,0
0,0,0
0,0,0
0,0,0
0,0,0
0,0,0
0,0,0
0,0,0
0,0,0
0,0,0
0,0,0
0,0,0
0,0,0
0,0,0
0,0,0
0,0,0
0,0,0
0,0,0
0,0,0
0,0,0
0,0,0
0,0,0
0,0,0
0,0,0
0,0,0
0,0,0
0,0,0
0,0,0
0,0,0
0,0,0
0,0,0
0,0,0
0,0,0
0,0,0
0,0,0
0,0,0
0,0,0
0,0,0
0,0,0
0,0,0
0,0,0
0,0,0
0,0,0
0,0,0
0,0,0
0,0,0
0,0,0
0,0,0
0,0,0
0,0,0
0,0,0
0,0,0
0,0,0
0,0,0
0,0,0
0,0,0
0,0,0
0,0,0
0,0,0
0,0,0
0,0,0
0,0,0
0,0,0
0,0,0
0,0,0
0,0,0
0,0,0
0,0,0
0,0,0
0,0,0
0,0,0
0,0,0
0,0,0
0,0,0
0,0,0
0,0,0
0,0,0
0,0,0
0,0,0
0,0,0
0,0,0
0,0,0
0,0,0
0,0,0
0,0,0
0,0,0
0,0,0
0,0,0
0,0,0
0,0,0
0,0,0
0,0,0
0,0,0
0,0,0
0,0,0
0,0,0
0,0,0
0,0,0
0,0,0
0,0,0
0,0,0
0,0,0
0,0,0
0,0,0
0,0,0
0,0,0
0,0,0
0,0,0
0,0,0
0,0,0
0,0,0
0,0,0
0,0,0
0,0,0
0,0,0
0,0,0
0,0,0
0,0,0
0,0,0
0,0,0
0,0,0
0,0,0
0,0,0
0,0,0
0,0,0
0,0,0
0,0,0
0,0,0
0,0,0
0,0,0
0,0,0
0,0,0
0,0,0
0,0,0
0,0,0
0,0,0
0,0,0
0,0,0
0,0,0
0,0,0
0,0,0
0,0,0
0,0,0
0,0,0
0,0,0
0,0,0
0,0,0
0,0,0
0,0,0
0,0,0
0,0,0
0,0,0
0,0,0
0,0,0
0,0,0
0,0,0
0,0,0
0,0,0
0,0,0
0,0,0
0,0,0
0,0,0
0,0,0
0,0,0
0,0,0
0,0,0
0,0,0
0,0,0
0,0,0
0,0,0
0,0,0
0,0,0
0,0,0
0,0,0
0,0,0
0,0,0
0,0,0
0,0,0
0,0,0
0,0,0
0,0,0
0,0,0
0,0,0
0,0,0
0,0,0
0,0,0
0,0,0
0,0,0
0,0,0
0,0,0
0,0,0
0,0,0
0,0,0
0,0,0
0,0,0
0,0,0
0,0,0
0,0,0
0,0,0
0,0,0
0,0,0
0,0,0
0,0,0
0,0,0
0,0,0
0,0,0
0,0,0
0,0,0
0,0,0
0,0,0
0,0,0
0,0,0
0,0,0
0,0,0
0,0,0
0,0,0
0,0,0
0,0,0
0,0,0
0,0,0
0,0,0
0,0,0
0,0,0
0,0,0
0,0,0
0,0,0
0,0,0
0,0,0
0,0,0
0,0,0
0,0,0
0,0,0
0,0,0
0,0,0
0,0,0
0,0,0
0,0,0
0,0,0
0,0,0
0,0,0
0,0,0
0,0,0
0,0,0
0,0,0
0,0,0
0,0,0
0,0,0
0,0,0
0,0,0
0,0,0
0,0,0
0,0,0
0,0,0
0,0,0
0,0,0
0,0,0
0,0,0
0,0,0
0,0,0
0,0,0
0,0,0
0,0,0
0,0,0
0,0,0
0,0,0
0,0,0
0,0,0
0,0,0
0,0,0
0,0,0
0,0,0
0,0,0
0,0,0
0,0,0
0,0,0
0,0,0
0,0,0
0,0,0
0,0,0
3.78926,3.18813,0.767747
3.77605,3.13763,0.761443
3.77841,3.10059,0.758218
3.80966,3.08732,0.760564
3.83857,3.07192,0.76247
3.91709,3.09555,0.773758
0,0,0
0,0,0
0,0,0
0,0,0
0,0,0
0,0,0
0,0,0
0,0,0
0,0,0
0,0,0
0,0,0
0,0,0
0,0,0
0,0,0
0,0,0
0,0,0
0,0,0
0,0,0
0,0,0
0,0,0
0,0,0
0,0,0
0,0,0
0,0,0
0,0,0
0,0,0
0,0,0
0,0,0
0,0,0
0,0,0
0,0,0
0,0,0
0,0,0
0,0,0
0,0,0
0,0,0
0,0,0
0,0,0
0,0,0
0,0,0
0,0,0
0,0,0
0,0,0
0,0,0
0,0,0
0,0,0
0,0,0
0,0,0
0,0,0
0,0,0
0,0,0
0,0,0
0,0,0
0,0,0
0,0,0
0,0,0
0,0,0
0,0,0
0,0,0
0,0,0
0,0,0
0,0,0
0,0,0
0,0,0
0,0,0
0,0,0
0,0,0
0,0,0
0,0,0
0,0,0
0,0,0
0,0,0
0,0,0
0,0,0
0,0,0
0,0,0
0,0,0
0,0,0
0,0,0
0,0,0
0,0,0
0,0,0
0,0,0
0,0,0
0,0,0
0,0,0
0,0,0
0,0,0
0,0,0
0,0,0
0,0,0
0,0,0
0,0,0
0,0,0
0,0,0
0,0,0
0,0,0
0,0,0
0,0,0
0,0,0
0,0,0
0,0,0
0,0,0
0,0,0
0,0,0
0,0,0
0,0,0
0,0,0
0,0,0
0,0,0
0,0,0
0,0,0
0,0,0
0,0,0
0,0,0
0,0,0
0,0,0
0,0,0
0,0,0
0,0,0
0,0,0
0,0,0
0,0,0
0,0,0
0,0,0
0,0,0
0,0,0
0,0,0
0,0,0
0,0,0
0,0,0
0,0,0
0,0,0
0,0,0
0,0,0
0,0,0
0,0,0
0,0,0
0,0,0
0,0,0
0,0,0
0,0,0
0,0,0
0,0,0
0,0,0
0,0,0
0,0,0
0,0,0
0,0,0
0,0,0
0,0,0
0,0,0
0,0,0
0,0,0
0,0,0
0,0,0
0,0,0
0,0,0
0,0,0
0,0,0
0,0,0
0,0,0
0,0,0
0,0,0
0,0,0
0,0,0
0,0,0
0,0,0
0,0,0
0,0,0
0,0,0
0,0,0
0,0,0
0,0,0
0,0,0
0,0,0
0,0,0
0,0,0
0,0,0
0,0,0
0,0,0
0,0,0
0,0,0
0,0,0
0,0,0
0,0,0
0,0,0
0,0,0
0,0,0
0,0,0
0,0,0
0,0,0
0,0,0
0,0,0
0,0,0
0,0,0
0,0,0
0,0,0
0,0,0
0,0,0
0,0,0
0,0,0
0,0,0
0,0,0
0,0,0
0,0,0
0,0,0
0,0,0
0,0,0
0,0,0
0,0,0
0,0,0
0,0,0
0,0,0
0,0,0
0,0,0
0,0,0
0,0,0
0,0,0
0,0,0
0,0,0
0,0,0
0,0,0
0,0,0
0,0,0
0,0,0
0,0,0
0,0,0
0,0,0
0,0,0
0,0,0
0,0,0
0,0,0
0,0,0
0,0,0
0,0,0
0,0,0
0,0,0
0,0,0
0,0,0
0,0,0
0,0,0
0,0,0
0,0,0
0,0,0
0,0,0
0,0,0
0,0,0
0,0,0
0,0,0
0,0,0
0,0,0
0,0,0
0,0,0
0,0,0
0,0,0
0,0,0
0,0,0
0,0,0
0,0,0
0,0,0
0,0,0
0,0,0
0,0,0
0,0,0
0,0,0
0,0,0
0,0,0
0,0,0
0,0,0
0,0,0
0,0,0
0,0,0
0,0,0
0,0,0
0,0,0
0,0,0
0,0,0
0,0,0
0,0,0
0,0,0
0,0,0
0,0,0
0,0,0
0,0,0
0,0,0
0,0,0
0,0,0
0,0,0
0,0,0
0,0,0
0,0,0
0,0,0
0,0,0
0,0,0
0,0,0
0,0,0
0,0,0
0,0,0
0,0,0
0,0,0
0,0,0
5.60055,-13.9998,2.2685
0,0,0
0,0,0
0,0,0
0,0,0
0,0,0
5.17616,-14.4609,2.31014
0,0,0
4.95967,-14.4111,2.29254
4.88412,-14.4797,2.29855
4.7927,-14.5019,2.29738
4.69875,-14.5159,2.29504
4.609,-14.5426,2.29474
4.50385,-14.5196,2.28683
0,0,0
0,0,0
0,0,0
0,0,0
0,0,0
0,0,0
0,0,0
0,0,0
0,0,0
0,0,0
0,0,0
0,0,0
0,0,0
0,0,0
0,0,0
0,0,0
0,0,0
0,0,0
0,0,0
0,0,0
0,0,0
0,0,0
0,0,0
0,0,0
0,0,0
0,0,0
0,0,0
0,0,0
0,0,0
0,0,0
0,0,0
0,0,0
0,0,0
0,0,0
0,0,0
0,0,0
0,0,0
0,0,0
0,0,0
0,0,0
0,0,0
0,0,0
0,0,0
0,0,0
0,0,0
0,0,0
0,0,0
0,0,0
0,0,0
0,0,0
0,0,0
0,0,0
0,0,0
0,0,0
0,0,0
0,0,0
0,0,0
0,0,0
0,0,0
0,0,0
0,0,0
0,0,0
0,0,0
0,0,0
0,0,0
0,0,0
0,0,0
0,0,0
0,0,0
0,0,0
0,0,0
0,0,0
0,0,0
0,0,0
0,0,0
0,0,0
0,0,0
0,0,0
0,0,0
0,0,0
0,0,0
0,0,0
0,0,0
0,0,0
0,0,0
0,0,0
0,0,0
0,0,0
0,0,0
0,0,0
0,0,0
0,0,0
0,0,0
0,0,0
0,0,0
0,0,0
0,0,0
0,0,0
0,0,0
0,0,0
0,0,0
0,0,0
0,0,0
0,0,0
0,0,0
0,0,0
0,0,0
0,0,0
0,0,0
0,0,0
0,0,0
0,0,0
0,0,0
0,0,0
0,0,0
0,0,0
0,0,0
0,0,0
0,0,0
0,0,0
0,0,0
0,0,0
0,0,0
0,0,0
0,0,0
0,0,0
0,0,0
0,0,0
0,0,0
0,0,0
0,0,0
0,0,0
0,0,0
0,0,0
0,0,0
0,0,0
0,0,0
0,0,0
0,0,0
0,0,0
0,0,0
0,0,0
0,0,0
0,0,0
0,0,0
0,0,0
0,0,0
0,0,0
0,0,0
0,0,0
0,0,0
0,0,0
0,0,0
0,0,0
0,0,0
0,0,0
0,0,0
0,0,0
0,0,0
0,0,0
0,0,0
0,0,0
0,0,0
0,0,0
0,0,0
0,0,0
0,0,0
0,0,0
0,0,0
0,0,0
0,0,0
0,0,0
0,0,0
0,0,0
0,0,0
0,0,0
0,0,0
0,0,0
0,0,0
0,0,0
0,0,0
0,0,0
0,0,0
0,0,0
0,0,0
0,0,0
0,0,0
0,0,0
0,0,0
0,0,0
0,0,0
0,0,0
0,0,0
0,0,0
0,0,0
0,0,0
0,0,0
0,0,0
0,0,0
0,0,0
0,0,0
0,0,0
0,0,0
0,0,0
0,0,0
0,0,0
0,0,0
0,0,0
0,0,0
0,0,0
0,0,0
0,0,0
0,0,0
0,0,0
0,0,0
0,0,0
0,0,0
0,0,0
0,0,0
0,0,0
0,0,0
0,0,0
0,0,0
0,0,0
0,0,0
0,0,0
0,0,0
0,0,0
0,0,0
0,0,0
0,0,0
0,0,0
0,0,0
0,0,0
0,0,0
0,0,0
0,0,0
0,0,0
0,0,0
0,0,0
0,0,0
0,0,0
0,0,0
0,0,0
0,0,0
0,0,0
0,0,0
0,0,0
0,0,0
0,0,0
0,0,0
0,0,0
0,0,0
0,0,0
0,0,0
0,0,0
0,0,0
0,0,0
0,0,0
0,0,0
0,0,0
0,0,0
0,0,0
0,0,0
0,0,0
0,0,0
0,0,0
0,0,0
0,0,0
0,0,0
0,0,0
0,0,0
0,0,0
0,0,0
0,0,0
0,0,0
0,0,0
0,0,0
0,0,0
0,0,0
0,0,0
0,0,0
0,0,0
0,0,0
0,0,0
0,0,0
0,0,0
0,0,0
0,0,0
0,0,0
0,0,0
0,0,0
0,0,0
0,0,0
0,0,0
0,0,0
0,0,0
0,0,0
0,0,0
0,0,0
0,0,0
0,0,0
0,0,0
0,0,0
0,0,0
0,0,0
0,0,0
0,0,0
0,0,0
0,0,0
0,0,0
0,0,0
0,0,0
0,0,0
0,0,0
0,0,0
0,0,0
0,0,0
0,0,0
0,0,0
0,0,0
0,0,0
0,0,0
0,0,0
0,0,0
0,0,0
0,0,0
0,0,0
0,0,0
0,0,0
0,0,0
0,0,0
0,0,0
0,0,0
0,0,0
0,0,0
0,0,0
0,0,0
0,0,0
0,0,0
0,0,0
0,0,0
0,0,0
0,0,0
0,0,0
0,0,0
0,0,0
0,0,0
0,0,0
0,0,0
0,0,0
0,0,0
0,0,0
0,0,0
0,0,0
0,0,0
0,0,0
0,0,0
0,0,0
0,0,0
0,0,0
0,0,0
0,0,0
0,0,0
0,0,0
0,0,0
0,0,0
0,0,0
0,0,0
0,0,0
0,0,0
0,0,0
0,0,0
0,0,0
0,0,0
0,0,0
0,0,0
0,0,0
0,0,0
0,0,0
0,0,0
0,0,0
0,0,0
0,0,0
0,0,0
0,0,0
0,0,0
0,0,0
0,0,0
0,0,0
0,0,0
0,0,0
0,0,0
0,0,0
0,0,0
0,0,0
0,0,0
0,0,0
0,0,0
0,0,0
0,0,0
0,0,0
0,0,0
0,0,0
0,0,0
0,0,0
0,0,0
0,0,0
0,0,0
0,0,0
0,0,0
0,0,0
0,0,0
0,0,0
0,0,0
0,0,0
0,0,0
0,0,0
0,0,0
0,0,0
0,0,0
0,0,0
0,0,0
0,0,0
0,0,0
0,0,0
0,0,0
0,0,0
0,0,0
0,0,0
0,0,0
0,0,0
0,0,0
0,0,0
0,0,0
0,0,0
0,0,0
0,0,0
0,0,0
0,0,0
0,0,0
0,0,0
0,0,0
0,0,0
0,0,0
0,0,0
0,0,0
0,0,0
0,0,0
0,0,0
0,0,0
0,0,0
0,0,0
0,0,0
0,0,0
0,0,0
0,0,0
0,0,0
0,0,0
0,0,0
0,0,0
0,0,0
0,0,0
0,0,0
0,0,0
0,0,0
0,0,0
0,0,0
0,0,0
0,0,0
0,0,0
0,0,0
0,0,0
0,0,0
0,0,0
0,0,0
0,0,0
0,0,0
0,0,0
0,0,0
0,0,0
0,0,0
0,0,0
0,0,0
0,0,0
0,0,0
0,0,0
0,0,0
0,0,0
0,0,0
0,0,0
0,0,0
0,0,0
0,0,0
0,0,0
0,0,0
0,0,0
0,0,0
0,0,0
0,0,0
0,0,0
0,0,0
0,0,0
0,0,0
0,0,0
0,0,0
0,0,0
0,0,0
0,0,0
0,0,0
0,0,0
0,0,0
0,0,0
0,0,0
0,0,0
0,0,0
0,0,0
0,0,0
0,0,0
0,0,0
0,0,0
0,0,0
0,0,0
0,0,0
0,0,0
0,0,0
0,0,0
0,0,0
0,0,0
0,0,0
0,0,0
0,0,0
0,0,0
0,0,0
0,0,0
0,0,0
0,0,0
0,0,0
0,0,0
0,0,0
0,0,0
0,0,0
0,0,0
0,0,0
0,0,0
0,0,0
0,0,0
0,0,0
0,0,0
0,0,0
0,0,0
0,0,0
0,0,0
0,0,0
0,0,0
0,0,0
0,0,0
0,0,0
0,0,0
0,0,0
0,0,0
0,0,0
0,0,0
0,0,0
0,0,0
0,0,0
0,0,0
0,0,0
0,0,0
0,0,0
0,0,0
0,0,0
0,0,0
0,0,0
0,0,0
0,0,0
0,0,0
0,0,0
0,0,0
0,0,0
0,0,0
0,0,0
0,0,0
0,0,0
0,0,0
0,0,0
0,0,0
0,0,0
0,0,0
0,0,0
0,0,0
0,0,0
0,0,0
0,0,0
0,0,0
0,0,0
0,0,0
0,0,0
0,0,0
0,0,0
0,0,0
0,0,0
0,0,0
0,0,0
0,0,0
0,0,0
0,0,0
0,0,0
0,0,0
0,0,0
0,0,0
0,0,0
0,0,0
0,0,0
0,0,0
0,0,0
0,0,0
0,0,0
0,0,0
0,0,0
0,0,0
0,0,0
0,0,0
0,0,0
0,0,0
0,0,0
0,0,0
0,0,0
0,0,0
0,0,0
0,0,0
0,0,0
0,0,0
0,0,0
0,0,0
0,0,0
0,0,0
0,0,0
0,0,0
0,0,0
0,0,0
0,0,0
0,0,0
0,0,0
0,0,0
0,0,0
0,0,0
0,0,0
0,0,0
0,0,0
0,0,0
0,0,0
0,0,0
0,0,0
0,0,0
0,0,0
0,0,0
0,0,0
0,0,0
0,0,0
0,0,0
0,0,0
0,0,0
0,0,0
0,0,0
0,0,0
0,0,0
0,0,0
0,0,0
0,0,0
0,0,0
0,0,0
0,0,0
0,0,0
0,0,0
0,0,0
0,0,0
0,0,0
0,0,0
0,0,0
0,0,0
0,0,0
0,0,0
0,0,0
0,0,0
3.84964,3.28213,0.719822
3.84166,3.23484,0.714852
3.81801,3.17509,0.707195
3.79836,3.11953,0.700344
3.81974,3.09804,0.700747
3.83868,3.07454,0.700747
0,0,0
0,0,0
0,0,0
0,0,0
0,0,0
0,0,0
0,0,0
0,0,0
0,0,0
0,0,0
0,0,0
0,0,0
0,0,0
0,0,0
0,0,0
0,0,0
0,0,0
0,0,0
0,0,0
0,0,0
0,0,0
0,0,0
0,0,0
0,0,0
0,0,0
0,0,0
0,0,0
0,0,0
0,0,0
0,0,0
0,0,0
0,0,0
0,0,0
0,0,0
0,0,0
0,0,0
0,0,0
0,0,0
0,0,0
0,0,0
0,0,0
0,0,0
0,0,0
0,0,0
0,0,0
0,0,0
0,0,0
0,0,0
0,0,0
0,0,0
0,0,0
0,0,0
0,0,0
0,0,0
0,0,0
0,0,0
0,0,0
0,0,0
0,0,0
0,0,0
0,0,0
0,0,0
0,0,0
0,0,0
0,0,0
0,0,0
0,0,0
0,0,0
0,0,0
0,0,0
0,0,0
0,0,0
0,0,0
0,0,0
0,0,0
0,0,0
0,0,0
0,0,0
0,0,0
0,0,0
0,0,0
0,0,0
0,0,0
0,0,0
0,0,0
0,0,0
0,0,0
0,0,0
0,0,0
0,0,0
0,0,0
0,0,0
0,0,0
0,0,0
0,0,0
0,0,0
0,0,0
0,0,0
0,0,0
0,0,0
0,0,0
0,0,0
0,0,0
0,0,0
0,0,0
0,0,0
0,0,0
0,0,0
0,0,0
0,0,0
0,0,0
0,0,0
0,0,0
0,0,0
0,0,0
0,0,0
0,0,0
0,0,0
0,0,0
0,0,0
0,0,0
0,0,0
0,0,0
0,0,0
0,0,0
0,0,0
0,0,0
0,0,0
0,0,0
0,0,0
0,0,0
0,0,0
0,0,0
0,0,0
0,0,0
0,0,0
0,0,0
0,0,0
0,0,0
0,0,0
0,0,0
0,0,0
0,0,0
0,0,0
0,0,0
0,0,0
0,0,0
0,0,0
0,0,0
0,0,0
0,0,0
0,0,0
0,0,0
0,0,0
0,0,0
0,0,0
0,0,0
0,0,0
0,0,0
0,0,0
0,0,0
0,0,0
0,0,0
0,0,0
0,0,0
0,0,0
0,0,0
0,0,0
0,0,0
0,0,0
0,0,0
0,0,0
0,0,0
0,0,0
0,0,0
0,0,0
0,0,0
0,0,0
0,0,0
0,0,0
0,0,0
0,0,0
0,0,0
0,0,0
0,0,0
0,0,0
0,0,0
0,0,0
0,0,0
0,0,0
0,0,0
0,0,0
0,0,0
0,0,0
0,0,0
0,0,0
0,0,0
0,0,0
0,0,0
0,0,0
0,0,0
0,0,0
0,0,0
0,0,0
0,0,0
0,0,0
0,0,0
0,0,0
0,0,0
0,0,0
0,0,0
0,0,0
0,0,0
0,0,0
0,0,0
0,0,0
0,0,0
0,0,0
0,0,0
0,0,0
0,0,0
0,0,0
0,0,0
0,0,0
0,0,0
0,0,0
0,0,0
0,0,0
0,0,0
0,0,0
0,0,0
0,0,0
0,0,0
0,0,0
0,0,0
0,0,0
0,0,0
0,0,0
0,0,0
0,0,0
0,0,0
0,0,0
0,0,0
0,0,0
0,0,0
0,0,0
0,0,0
0,0,0
0,0,0
0,0,0
0,0,0
0,0,0
0,0,0
0,0,0
0,0,0
0,0,0
0,0,0
0,0,0
0,0,0
0,0,0
0,0,0
0,0,0
0,0,0
0,0,0
0,0,0
0,0,0
0,0,0
0,0,0
0,0,0
0,0,0
0,0,0
0,0,0
0,0,0
0,0,0
0,0,0
0,0,0
0,0,0
0,0,0
0,0,0
0,0,0
0,0,0
0,0,0
0,0,0
0,0,0
0,0,0
0,0,0
0,0,0
0,0,0
0,0,0
0,0,0
0,0,0
0,0,0
0,0,0
0,0,0
0,0,0
0,0,0
0,0,0
0,0,0
0,0,0
0,0,0
0,0,0
0,0,0
0,0,0
0,0,0
0,0,0
0,0,0
0,0,0
0,0,0
5.2411,-14.3555,2.10573
0,0,0
5.05961,-14.4047,2.10371
4.96242,-14.4102,2.10008
4.89102,-14.4911,2.10734
4.79859,-14.5105,2.10586
4.69908,-14.5076,2.10129
4.60848,-14.5314,2.10062
4.50425,-14.5112,2.09377
0,0,0
0,0,0
0,0,0
0,0,0
0,0,0
0,0,0
0,0,0
0,0,0
0,0,0
0,0,0
0,0,0
0,0,0
0,0,0
0,0,0
0,0,0
0,0,0
0,0,0
0,0,0
0,0,0
0,0,0
0,0,0
0,0,0
0,0,0
0,0,0
0,0,0
0,0,0
0,0,0
0,0,0
0,0,0
0,0,0
0,0,0
0,0,0
0,0,0
0,0,0
0,0,0
0,0,0
0,0,0
0,0,0
0,0,0
0,0,0
0,0,0
0,0,0
0,0,0
0,0,0
0,0,0
0,0,0
0,0,0
0,0,0
0,0,0
0,0,0
0,0,0
0,0,0
0,0,0
0,0,0
0,0,0
0,0,0
0,0,0
0,0,0
0,0,0
0,0,0
0,0,0
0,0,0
0,0,0
0,0,0
0,0,0
0,0,0
0,0,0
0,0,0
0,0,0
0,0,0
0,0,0
0,0,0
0,0,0
0,0,0
0,0,0
0,0,0
0,0,0
0,0,0
0,0,0
0,0,0
0,0,0
0,0,0
0,0,0
0,0,0
0,0,0
0,0,0
0,0,0
0,0,0
0,0,0
0,0,0
0,0,0
0,0,0
0,0,0
0,0,0
0,0,0
0,0,0
0,0,0
0,0,0
0,0,0
0,0,0
0,0,0
0,0,0
0,0,0
0,0,0
0,0,0
0,0,0
0,0,0
0,0,0
0,0,0
0,0,0
0,0,0
0,0,0
0,0,0
0,0,0
0,0,0
0,0,0
0,0,0
0,0,0
0,0,0
0,0,0
0,0,0
0,0,0
0,0,0
0,0,0
0,0,0
0,0,0
0,0,0
0,0,0
0,0,0
0,0,0
0,0,0
0,0,0
0,0,0
0,0,0
0,0,0
0,0,0
0,0,0
0,0,0
0,0,0
0,0,0
0,0,0
0,0,0
0,0,0
0,0,0
0,0,0
0,0,0
0,0,0
0,0,0
0,0,0
0,0,0
0,0,0
0,0,0
0,0,0
0,0,0
0,0,0
0,0,0
0,0,0
0,0,0
0,0,0
0,0,0
0,0,0
0,0,0
0,0,0
0,0,0
0,0,0
0,0,0
0,0,0
0,0,0
0,0,0
0,0,0
0,0,0
0,0,0
0,0,0
0,0,0
0,0,0
0,0,0
0,0,0
0,0,0
0,0,0
0,0,0
0,0,0
0,0,0
0,0,0
0,0,0
0,0,0
0,0,0
0,0,0
0,0,0
0,0,0
0,0,0
0,0,0
0,0,0
0,0,0
0,0,0
0,0,0
0,0,0
0,0,0
0,0,0
0,0,0
0,0,0
0,0,0
0,0,0
0,0,0
0,0,0
0,0,0
0,0,0
0,0,0
0,0,0
0,0,0
0,0,0
0,0,0
0,0,0
0,0,0
0,0,0
0,0,0
0,0,0
0,0,0
0,0,0
0,0,0
0,0,0
0,0,0
0,0,0
0,0,0
0,0,0
0,0,0
0,0,0
0,0,0
0,0,0
0,0,0
0,0,0
0,0,0
0,0,0
0,0,0
0,0,0
0,0,0
0,0,0
0,0,0
0,0,0
0,0,0
0,0,0
0,0,0
0,0,0
0,0,0
0,0,0
0,0,0
0,0,0
0,0,0
0,0,0
0,0,0
0,0,0
0,0,0
0,0,0
0,0,0
0,0,0
0,0,0
0,0,0
0,0,0
0,0,0
0,0,0
0,0,0
0,0,0
0,0,0
0,0,0
0,0,0
0,0,0
0,0,0
0,0,0
0,0,0
0,0,0
0,0,0
0,0,0
0,0,0
0,0,0
0,0,0
0,0,0
0,0,0
0,0,0
0,0,0
0,0,0
0,0,0
0,0,0
0,0,0
0,0,0
0,0,0
0,0,0
0,0,0
0,0,0
0,0,0
0,0,0
0,0,0
0,0,0
0,0,0
0,0,0
0,0,0
0,0,0
0,0,0
0,0,0
0,0,0
0,0,0
0,0,0
0,0,0
0,0,0
0,0,0
0,0,0
0,0,0
0,0,0
0,0,0
0,0,0
0,0,0
0,0,0
0,0,0
0,0,0
0,0,0
0,0,0
0,0,0
0,0,0
0,0,0
0,0,0
0,0,0
0,0,0
0,0,0
0,0,0
0,0,0
0,0,0
0,0,0
0,0,0
0,0,0
0,0,0
0,0,0
0,0,0
0,0,0
0,0,0
0,0,0
0,0,0
0,0,0
0,0,0
0,0,0
0,0,0
0,0,0
0,0,0
0,0,0
0,0,0
0,0,0
0,0,0
0,0,0
0,0,0
0,0,0
0,0,0
0,0,0
0,0,0
0,0,0
0,0,0
0,0,0
0,0,0
0,0,0
0,0,0
0,0,0
0,0,0
0,0,0
0,0,0
0,0,0
0,0,0
0,0,0
0,0,0
0,0,0
0,0,0
0,0,0
0,0,0
0,0,0
0,0,0
0,0,0
0,0,0
0,0,0
0,0,0
0,0,0
0,0,0
0,0,0
0,0,0
0,0,0
0,0,0
0,0,0
0,0,0
0,0,0
0,0,0
0,0,0
0,0,0
0,0,0
0,0,0
0,0,0
0,0,0
0,0,0
0,0,0
0,0,0
0,0,0
0,0,0
0,0,0
0,0,0
0,0,0
0,0,0
0,0,0
0,0,0
0,0,0
0,0,0
0,0,0
0,0,0
0,0,0
0,0,0
0,0,0
0,0,0
0,0,0
0,0,0
0,0,0
0,0,0
0,0,0
0,0,0
0,0,0
0,0,0
0,0,0
0,0,0
0,0,0
0,0,0
0,0,0
0,0,0
0,0,0
0,0,0
0,0,0
0,0,0
0,0,0
0,0,0
0,0,0
0,0,0
0,0,0
0,0,0
0,0,0
0,0,0
0,0,0
0,0,0
0,0,0
0,0,0
0,0,0
0,0,0
0,0,0
0,0,0
0,0,0
0,0,0
0,0,0
0,0,0
0,0,0
0,0,0
0,0,0
0,0,0
0,0,0
0,0,0
0,0,0
0,0,0
0,0,0
0,0,0
0,0,0
0,0,0
0,0,0
0,0,0
0,0,0
0,0,0
0,0,0
0,0,0
0,0,0
0,0,0
0,0,0
0,0,0
0,0,0
0,0,0
0,0,0
0,0,0
0,0,0
0,0,0
0,0,0
0,0,0
0,0,0
0,0,0
0,0,0
0,0,0
0,0,0
0,0,0
0,0,0
0,0,0
0,0,0
0,0,0
0,0,0
0,0,0
0,0,0
0,0,0
0,0,0
0,0,0
0,0,0
0,0,0
0,0,0
0,0,0
0,0,0
0,0,0
0,0,0
0,0,0
0,0,0
0,0,0
0,0,0
0,0,0
0,0,0
0,0,0
0,0,0
0,0,0
0,0,0
0,0,0
0,0,0
0,0,0
0,0,0
0,0,0
0,0,0
0,0,0
0,0,0
0,0,0
0,0,0
0,0,0
0,0,0
0,0,0
0,0,0
0,0,0
0,0,0
0,0,0
0,0,0
0,0,0
0,0,0
0,0,0
0,0,0
0,0,0
0,0,0
0,0,0
0,0,0
0,0,0
0,0,0
0,0,0
0,0,0
0,0,0
0,0,0
0,0,0
0,0,0
0,0,0
0,0,0
0,0,0
0,0,0
0,0,0
0,0,0
0,0,0
0,0,0
0,0,0
0,0,0
0,0,0
0,0,0
0,0,0
0,0,0
0,0,0
0,0,0
0,0,0
0,0,0
0,0,0
0,0,0
0,0,0
0,0,0
0,0,0
0,0,0
0,0,0
0,0,0
0,0,0
0,0,0
0,0,0
0,0,0
0,0,0
0,0,0
0,0,0
0,0,0
0,0,0
0,0,0
0,0,0
0,0,0
0,0,0
0,0,0
0,0,0
0,0,0
0,0,0
0,0,0
0,0,0
0,0,0
0,0,0
0,0,0
0,0,0
0,0,0
0,0,0
0,0,0
0,0,0
0,0,0
0,0,0
0,0,0
0,0,0
0,0,0
0,0,0
0,0,0
0,0,0
0,0,0
0,0,0
0,0,0
0,0,0
0,0,0
0,0,0
0,0,0
0,0,0
0,0,0
0,0,0
0,0,0
0,0,0
0,0,0
0,0,0
0,0,0
0,0,0
0,0,0
0,0,0
0,0,0
0,0,0
0,0,0
0,0,0
0,0,0
0,0,0
0,0,0
0,0,0
0,0,0
0,0,0
0,0,0
0,0,0
0,0,0
0,0,0
0,0,0
0,0,0
0,0,0
0,0,0
0,0,0
0,0,0
0,0,0
0,0,0
0,0,0
0,0,0
32.4244,69.6912,9.51291
0,0,0
0,0,0
0,0,0
0,0,0
0,0,0
0,0,0
0,0,0
0,0,0
0,0,0
0,0,0
0,0,0
0,0,0
0,0,0
0,0,0
0,0,0
0,0,0
0,0,0
0,0,0
0,0,0
0,0,0
6.14251,9.70212,1.45029
6.2105,9.67761,1.45224
6.30547,9.69423,1.46032
0,0,0
0,0,0
0,0,0
0,0,0
0,0,0
0,0,0
0,0,0
0,0,0
0,0,0
0,0,0
0,0,0
0,0,0
0,0,0
0,0,0
0,0,0
0,0,0
0,0,0
0,0,0
0,0,0
0,0,0
0,0,0
0,0,0
0,0,0
0,0,0
0,0,0
0,0,0
0,0,0
0,0,0
0,0,0
0,0,0
0,0,0
0,0,0
0,0,0
0,0,0
0,0,0
0,0,0
0,0,0
0,0,0
0,0,0
0,0,0
0,0,0
0,0,0
3.67677,3.2913,0.642764
3.6902,3.26276,0.641662
3.71912,3.24789,0.643131
3.75326,3.23733,0.645456
3.77909,3.21939,0.646435
3.79802,3.1955,0.646313
3.82137,3.17531,0.646925
3.59762,2.95216,0.608128
3.62183,2.93503,0.609107
3.93107,3.14599,0.655125
3.97911,3.14459,0.659653
4.04449,3.15615,0.666874
0,0,0
0,0,0
0,0,0
0,0,0
0,0,0
0,0,0
0,0,0
0,0,0
0,0,0
0,0,0
0,0,0
0,0,0
0,0,0
0,0,0
0,0,0
0,0,0
0,0,0
0,0,0
0,0,0
0,0,0
0,0,0
0,0,0
0,0,0
0,0,0
0,0,0
0,0,0
0,0,0
0,0,0
0,0,0
0,0,0
0,0,0
0,0,0
0,0,0
0,0,0
0,0,0
0,0,0
0,0,0
0,0,0
0,0,0
0,0,0
0,0,0
0,0,0
0,0,0
0,0,0
0,0,0
0,0,0
0,0,0
0,0,0
0,0,0
0,0,0
0,0,0
0,0,0
0,0,0
0,0,0
0,0,0
0,0,0
0,0,0
0,0,0
0,0,0
0,0,0
0,0,0
0,0,0
0,0,0
0,0,0
0,0,0
0,0,0
0,0,0
0,0,0
0,0,0
0,0,0
0,0,0
0,0,0
0,0,0
0,0,0
0,0,0
0,0,0
0,0,0
0,0,0
0,0,0
0,0,0
0,0,0
0,0,0
0,0,0
0,0,0
0,0,0
0,0,0
0,0,0
0,0,0
0,0,0
0,0,0
0,0,0
0,0,0
0,0,0
0,0,0
0,0,0
0,0,0
0,0,0
0,0,0
0,0,0
0,0,0
0,0,0
0,0,0
0,0,0
0,0,0
0,0,0
0,0,0
0,0,0
0,0,0
0,0,0
0,0,0
0,0,0
0,0,0
0,0,0
0,0,0
0,0,0
0,0,0
0,0,0
0,0,0
0,0,0
0,0,0
0,0,0
0,0,0
0,0,0
0,0,0
0,0,0
0,0,0
0,0,0
0,0,0
0,0,0
0,0,0
0,0,0
0,0,0
0,0,0
0,0,0
0,0,0
0,0,0
0,0,0
0,0,0
0,0,0
0,0,0
0,0,0
0,0,0
0,0,0
0,0,0
0,0,0
0,0,0
0,0,0
0,0,0
0,0,0
0,0,0
0,0,0
0,0,0
0,0,0
0,0,0
0,0,0
0,0,0
0,0,0
0,0,0
0,0,0
0,0,0
0,0,0
0,0,0
0,0,0
0,0,0
0,0,0
0,0,0
0,0,0
0,0,0
0,0,0
0,0,0
0,0,0
0,0,0
0,0,0
0,0,0
0,0,0
0,0,0
0,0,0
0,0,0
0,0,0
0,0,0
0,0,0
0,0,0
0,0,0
0,0,0
0,0,0
0,0,0
0,0,0
0,0,0
0,0,0
0,0,0
0,0,0
0,0,0
0,0,0
0,0,0
0,0,0
0,0,0
0,0,0
0,0,0
0,0,0
0,0,0
0,0,0
0,0,0
0,0,0
0,0,0
0,0,0
0,0,0
0,0,0
0,0,0
0,0,0
0,0,0
0,0,0
0,0,0
0,0,0
0,0,0
0,0,0
50.8574,-39.6749,7.98843
0,0,0
0,0,0
0,0,0
0,0,0
0,0,0
0,0,0
0,0,0
0,0,0
0,0,0
0,0,0
0,0,0
0,0,0
0,0,0
0,0,0
0,0,0
0,0,0
0,0,0
0,0,0
0,0,0
0,0,0
0,0,0
0,0,0
0,0,0
0,0,0
0,0,0
0,0,0
0,0,0
0,0,0
0,0,0
0,0,0
0,0,0
0,0,0
0,0,0
0,0,0
0,0,0
0,0,0
0,0,0
0,0,0
0,0,0
0,0,0
0,0,0
0,0,0
0,0,0
0,0,0
30.1099,-41.1086,6.31794
0,0,0
0,0,0
0,0,0
0,0,0
0,0,0
0,0,0
0,0,0
0,0,0
0,0,0
0,0,0
0,0,0
0,0,0
0,0,0
0,0,0
0,0,0
0,0,0
0,0,0
0,0,0
0,0,0
0,0,0
0,0,0
0,0,0
0,0,0
0,0,0
0,0,0
0,0,0
0,0,0
0,0,0
0,0,0
0,0,0
0,0,0
0,0,0
0,0,0
0,0,0
0,0,0
0,0,0
0,0,0
0,0,0
0,0,0
0,0,0
0,0,0
0,0,0
0,0,0
0,0,0
0,0,0
0,0,0
0,0,0
0,0,0
0,0,0
0,0,0
0,0,0
0,0,0
0,0,0
0,0,0
0,0,0
0,0,0
0,0,0
0,0,0
0,0,0
0,0,0
0,0,0
0,0,0
0,0,0
0,0,0
0,0,0
0,0,0
0,0,0
0,0,0
0,0,0
0,0,0
0,0,0
0,0,0
0,0,0
0,0,0
0,0,0
0,0,0
0,0,0
0,0,0
0,0,0
0,0,0
0,0,0
0,0,0
0,0,0
0,0,0
0,0,0
0,0,0
0,0,0
0,0,0
0,0,0
0,0,0
0,0,0
0,0,0
0,0,0
0,0,0
0,0,0
0,0,0
0,0,0
0,0,0
0,0,0
0,0,0
0,0,0
0,0,0
0,0,0
0,0,0
0,0,0
0,0,0
0,0,0
0,0,0
0,0,0
0,0,0
0,0,0
0,0,0
0,0,0
0,0,0
0,0,0
0,0,0
0,0,0
0,0,0
0,0,0
0,0,0
0,0,0
0,0,0
0,0,0
0,0,0
0,0,0
0,0,0
0,0,0
0,0,0
0,0,0
0,0,0
0,0,0
0,0,0
0,0,0
0,0,0
0,0,0
0,0,0
0,0,0
0,0,0
0,0,0
0,0,0
0,0,0
0,0,0
0,0,0
0,0,0
0,0,0
0,0,0
0,0,0
0,0,0
0,0,0
0,0,0
0,0,0
0,0,0
0,0,0
0,0,0
0,0,0
0,0,0
0,0,0
0,0,0
0,0,0
0,0,0
0,0,0
0,0,0
0,0,0
0,0,0
0,0,0
0,0,0
0,0,0
0,0,0
0,0,0
0,0,0
0,0,0
0,0,0
0,0,0
0,0,0
0,0,0
0,0,0
0,0,0
0,0,0
0,0,0
0,0,0
0,0,0
0,0,0
0,0,0
0,0,0
0,0,0
0,0,0
0,0,0
0,0,0
0,0,0
0,0,0
0,0,0
0,0,0
0,0,0
0,0,0
0,0,0
0,0,0
0,0,0
0,0,0
0,0,0
0,0,0
0,0,0
0,0,0
0,0,0
0,0,0
0,0,0
0,0,0
0,0,0
0,0,0
0,0,0
0,0,0
0,0,0
0,0,0
0,0,0
0,0,0
0,0,0
0,0,0
0,0,0
0,0,0
0,0,0
0,0,0
0,0,0
0,0,0
0,0,0
0,0,0
0,0,0
0,0,0
0,0,0
0,0,0
0,0,0
0,0,0
0,0,0
0,0,0
0,0,0
0,0,0
0,0,0
0,0,0
0,0,0
0,0,0
0,0,0
0,0,0
0,0,0
0,0,0
0,0,0
0,0,0
0,0,0
0,0,0
0,0,0
0,0,0
0,0,0
0,0,0
0,0,0
0,0,0
0,0,0
0,0,0
0,0,0
0,0,0
0,0,0
0,0,0
0,0,0
0,0,0
0,0,0
0,0,0
0,0,0
0,0,0
0,0,0
0,0,0
0,0,0
0,0,0
0,0,0
0,0,0
0,0,0
0,0,0
0,0,0
0,0,0
0,0,0
0,0,0
0,0,0
0,0,0
0,0,0
0,0,0
0,0,0
0,0,0
0,0,0
0,0,0
0,0,0
0,0,0
0,0,0
0,0,0
0,0,0
0,0,0
0,0,0
0,0,0
0,0,0
0,0,0
0,0,0
0,0,0
0,0,0
0,0,0
0,0,0
0,0,0
0,0,0
0,0,0
0,0,0
0,0,0
0,0,0
0,0,0
0,0,0
0,0,0
0,0,0
0,0,0
0,0,0
0,0,0
0,0,0
0,0,0
0,0,0
0,0,0
0,0,0
0,0,0
0,0,0
0,0,0
0,0,0
0,0,0
0,0,0
0,0,0
0,0,0
0,0,0
0,0,0
0,0,0
0,0,0
0,0,0
0,0,0
0,0,0
0,0,0
0,0,0
0,0,0
0,0,0
0,0,0
0,0,0
0,0,0
0,0,0
0,0,0
0,0,0
0,0,0
0,0,0
0,0,0
0,0,0
0,0,0
0,0,0
0,0,0
0,0,0
0,0,0
0,0,0
0,0,0
0,0,0
0,0,0
0,0,0
0,0,0
0,0,0
0,0,0
0,0,0
0,0,0
0,0,0
0,0,0
0,0,0
0,0,0
0,0,0
0,0,0
0,0,0
0,0,0
0,0,0
0,0,0
0,0,0
0,0,0
0,0,0
0,0,0
0,0,0
0,0,0
0,0,0
0,0,0
0,0,0
0,0,0
0,0,0
0,0,0
0,0,0
0,0,0
0,0,0
0,0,0
0,0,0
0,0,0
0,0,0
0,0,0
0,0,0
0,0,0
0,0,0
0,0,0
0,0,0
0,0,0
0,0,0
0,0,0
0,0,0
0,0,0
0,0,0
0,0,0
0,0,0
0,0,0
0,0,0
0,0,0
0,0,0
0,0,0
0,0,0
0,0,0
0,0,0
0,0,0
0,0,0
0,0,0
0,0,0
0,0,0
0,0,0
0,0,0
0,0,0
0,0,0
0,0,0
0,0,0
0,0,0
0,0,0
0,0,0
0,0,0
0,0,0
0,0,0
0,0,0
0,0,0
0,0,0
0,0,0
0,0,0
0,0,0
0,0,0
0,0,0
0,0,0
0,0,0
0,0,0
0,0,0
0,0,0
0,0,0
0,0,0
0,0,0
0,0,0
0,0,0
0,0,0
0,0,0
0,0,0
0,0,0
0,0,0
0,0,0
0,0,0
0,0,0
0,0,0
0,0,0
0,0,0
0,0,0
0,0,0
0,0,0
0,0,0
0,0,0
0,0,0
0,0,0
0,0,0
0,0,0
0,0,0
0,0,0
0,0,0
0,0,0
0,0,0
0,0,0
0,0,0
0,0,0
0,0,0
0,0,0
0,0,0
0,0,0
0,0,0
0,0,0
0,0,0
0,0,0
0,0,0
0,0,0
0,0,0
0,0,0
0,0,0
0,0,0
0,0,0
0,0,0
0,0,0
0,0,0
0,0,0
0,0,0
0,0,0
0,0,0
0,0,0
0,0,0
0,0,0
0,0,0
0,0,0
0,0,0
0,0,0
0,0,0
0,0,0
0,0,0
0,0,0
0,0,0
0,0,0
0,0,0
0,0,0
0,0,0
0,0,0
0,0,0
0,0,0
0,0,0
0,0,0
0,0,0
0,0,0
0,0,0
0,0,0
0,0,0
0,0,0
0,0,0
0,0,0
0,0,0
0,0,0
0,0,0
0,0,0
0,0,0
0,0,0
0,0,0
0,0,0
0,0,0
0,0,0
0,0,0
0,0,0
0,0,0
0,0,0
0,0,0
0,0,0
0,0,0
0,0,0
0,0,0
0,0,0
0,0,0
0,0,0
0,0,0
0,0,0
0,0,0
0,0,0
0,0,0
0,0,0
0,0,0
0,0,0
0,0,0
0,0,0
0,0,0
0,0,0
0,0,0
0,0,0
0,0,0
0,0,0
0,0,0
0,0,0
0,0,0
0,0,0
0,0,0
0,0,0
0,0,0
0,0,0
0,0,0
0,0,0
0,0,0
0,0,0
0,0,0
0,0,0
0,0,0
0,0,0
0,0,0
0,0,0
0,0,0
0,0,0
0,0,0
0,0,0
0,0,0
0,0,0
0,0,0
0,0,0
0,0,0
0,0,0
0,0,0
0,0,0
0,0,0
0,0,0
0,0,0
0,0,0
0,0,0
0,0,0
0,0,0
0,0,0
0,0,0
0,0,0
0,0,0
0,0,0
0,0,0
0,0,0
0,0,0
0,0,0
0,0,0
0,0,0
0,0,0
0,0,0
0,0,0
0,0,0
0,0,0
0,0,0
0,0,0
0,0,0
0,0,0
0,0,0
0,0,0
0,0,0
0,0,0
0,0,0
0,0,0
0,0,0
0,0,0
0,0,0
0,0,0
0,0,0
0,0,0
0,0,0
0,0,0
0,0,0
0,0,0
0,0,0
0,0,0
0,0,0
0,0,0
0,0,0
0,0,0
0,0,0
0,0,0
0,0,0
0,0,0
0,0,0
0,0,0
0,0,0
0,0,0
0,0,0
0,0,0
0,0,0
0,0,0
0,0,0
0,0,0
0,0,0
0,0,0
0,0,0
0,0,0
0,0,0
0,0,0
0,0,0
0,0,0
0,0,0
0,0,0
0,0,0
0,0,0
32.2948,69.4005,8.55286
0,0,0
0,0,0
0,0,0
0,0,0
37.2283,73.9809,9.25098
0,0,0
0,0,0
0,0,0
0,0,0
0,0,0
0,0,0
0,0,0
0,0,0
0,0,0
0,0,0
0,0,0
0,0,0
0,0,0
0,0,0
0,0,0
6.12669,9.67815,1.30912
6.20743,9.67384,1.31354
6.29159,9.67389,1.31863
6.37326,9.66912,1.32316
6.48215,9.70422,1.33312
6.56275,9.69553,1.33732
6.65303,9.70016,1.3434
6.77085,9.74322,1.35479
6.96726,9.89571,1.38123
7.029,9.85439,1.38145
7.07944,9.79738,1.37957
7.15351,9.773,1.38222
7.24234,9.76805,1.38764
7.33318,9.76475,1.39339
7.42786,9.76545,1.39981
7.53434,9.78031,1.40833
7.63456,9.78561,1.41563
7.71233,9.7612,1.41883
7.80809,9.7587,1.42525
7.92789,9.78474,1.43587
8.0256,9.78201,1.4425
8.12104,9.77539,1.4487
0,0,0
0,0,0
0,0,0
0,0,0
0,0,0
0,0,0
0,0,0
0,0,0
0,0,0
0,0,0
0,0,0
0,0,0
0,0,0
0,0,0
0,0,0
0,0,0
0,0,0
0,0,0
0,0,0
0,0,0
0,0,0
0,0,0
3.68957,3.34529,0.588657
3.67449,3.29076,0.583348
3.6894,3.26354,0.582574
3.70786,3.23954,0.582352
3.73519,3.22322,0.583458
3.76473,3.20862,0.584896
3.69158,3.10738,0.571403
3.58828,2.98303,0.553707
3.60575,2.96032,0.553596
3.63003,2.94315,0.554481
3.76905,3.01771,0.571735
3.95747,3.12889,0.595846
3.99148,3.11617,0.597947
4.02233,3.10072,0.599606
4.10455,3.12413,0.608454
0,0,0
0,0,0
0,0,0
0,0,0
0,0,0
0,0,0
0,0,0
0,0,0
0,0,0
0,0,0
0,0,0
0,0,0
0,0,0
0,0,0
0,0,0
0,0,0
0,0,0
0,0,0
0,0,0
0,0,0
0,0,0
0,0,0
0,0,0
0,0,0
0,0,0
0,0,0
0,0,0
0,0,0
0,0,0
0,0,0
0,0,0
23.6621,11.5524,2.96471
0,0,0
0,0,0
0,0,0
0,0,0
0,0,0
0,0,0
0,0,0
0,0,0
0,0,0
0,0,0
0,0,0
0,0,0
0,0,0
0,0,0
0,0,0
0,0,0
0,0,0
0,0,0
0,0,0
0,0,0
0,0,0
0,0,0
0,0,0
0,0,0
0,0,0
0,0,0
0,0,0
0,0,0
0,0,0
0,0,0
0,0,0
0,0,0
0,0,0
0,0,0
0,0,0
0,0,0
0,0,0
0,0,0
0,0,0
0,0,0
0,0,0
0,0,0
0,0,0
0,0,0
0,0,0
0,0,0
0,0,0
0,0,0
0,0,0
0,0,0
0,0,0
0,0,0
0,0,0
0,0,0
0,0,0
0,0,0
0,0,0
0,0,0
0,0,0
0,0,0
0,0,0
0,0,0
0,0,0
0,0,0
0,0,0
0,0,0
0,0,0
0,0,0
0,0,0
0,0,0
0,0,0
0,0,0
0,0,0
0,0,0
0,0,0
0,0,0
0,0,0
0,0,0
0,0,0
0,0,0
0,0,0
0,0,0
0,0,0
0,0,0
0,0,0
0,0,0
0,0,0
0,0,0
0,0,0
0,0,0
0,0,0
0,0,0
0,0,0
0,0,0
0,0,0
0,0,0
0,0,0
0,0,0
0,0,0
0,0,0
0,0,0
0,0,0
0,0,0
0,0,0
0,0,0
0,0,0
0,0,0
0,0,0
0,0,0
0,0,0
0,0,0
0,0,0
0,0,0
0,0,0
0,0,0
0,0,0
0,0,0
0,0,0
0,0,0
0,0,0
0,0,0
0,0,0
0,0,0
0,0,0
0,0,0
0,0,0
0,0,0
0,0,0
0,0,0
0,0,0
0,0,0
0,0,0
0,0,0
0,0,0
0,0,0
0,0,0
0,0,0
0,0,0
0,0,0
0,0,0
0,0,0
0,0,0
0,0,0
0,0,0
0,0,0
0,0,0
0,0,0
0,0,0
0,0,0
0,0,0
0,0,0
0,0,0
0,0,0
0,0,0
0,0,0
0,0,0
0,0,0
0,0,0
0,0,0
0,0,0
0,0,0
0,0,0
0,0,0
0,0,0
0,0,0
0,0,0
0,0,0
0,0,0
0,0,0
0,0,0
59.4005,-40.2096,8.01689
0,0,0
0,0,0
0,0,0
0,0,0
0,0,0
0,0,0
0,0,0
0,0,0
0,0,0
50.9143,-39.2243,7.18682
0,0,0
50.5281,-39.9244,7.20087
50.5197,-40.4236,7.23471
0,0,0
0,0,0
0,0,0
0,0,0
0,0,0
0,0,0
0,0,0
0,0,0
0,0,0
0,0,0
0,0,0
0,0,0
0,0,0
0,0,0
0,0,0
0,0,0
0,0,0
0,0,0
0,0,0
0,0,0
0,0,0
0,0,0
0,0,0
0,0,0
0,0,0
0,0,0
0,0,0
0,0,0
0,0,0
0,0,0
0,0,0
0,0,0
0,0,0
0,0,0
32.1095,-39.6093,5.70874
31.8876,-39.8327,5.71261
31.87,-40.3153,5.75342
31.6428,-40.5367,5.75718
31.4293,-40.7766,5.76371
0,0,0
30.1844,-40.1716,5.62623
0,0,0
29.9699,-40.9222,5.6791
0,0,0
0,0,0
0,0,0
0,0,0
0,0,0
0,0,0
0,0,0
0,0,0
0,0,0
0,0,0
0,0,0
0,0,0
0,0,0
0,0,0
0,0,0
0,0,0
0,0,0
0,0,0
0,0,0
0,0,0
0,0,0
0,0,0
0,0,0
0,0,0
0,0,0
0,0,0
0,0,0
0,0,0
0,0,0
0,0,0
0,0,0
0,0,0
0,0,0
0,0,0
0,0,0
0,0,0
0,0,0
0,0,0
0,0,0
0,0,0
0,0,0
0,0,0
0,0,0
0,0,0
0,0,0
0,0,0
0,0,0
0,0,0
0,0,0
0,0,0
0,0,0
0,0,0
0,0,0
0,0,0
0,0,0
0,0,0
0,0,0
0,0,0
0,0,0
0,0,0
0,0,0
0,0,0
0,0,0
0,0,0
0,0,0
0,0,0
0,0,0
0,0,0
0,0,0
0,0,0
0,0,0
0,0,0
0,0,0
0,0,0
0,0,0
0,0,0
0,0,0
0,0,0
0,0,0
0,0,0
0,0,0
0,0,0
0,0,0
0,0,0
0,0,0
0,0,0
0,0,0
0,0,0
0,0,0
0,0,0
0,0,0
0,0,0
0,0,0
0,0,0
0,0,0
0,0,0
0,0,0
0,0,0
0,0,0
0,0,0
0,0,0
0,0,0
0,0,0
0,0,0
0,0,0
0,0,0
0,0,0
0,0,0
0,0,0
0,0,0
0,0,0
0,0,0
0,0,0
0,0,0
0,0,0
0,0,0
0,0,0
0,0,0
0,0,0
0,0,0
0,0,0
0,0,0
0,0,0
0,0,0
0,0,0
0,0,0
0,0,0
0,0,0
0,0,0
0,0,0
0,0,0
0,0,0
0,0,0
0,0,0
0,0,0
0,0,0
0,0,0
0,0,0
0,0,0
0,0,0
0,0,0
0,0,0
0,0,0
0,0,0
0,0,0
0,0,0
0,0,0
0,0,0
0,0,0
0,0,0
0,0,0
0,0,0
0,0,0
0,0,0
0,0,0
0,0,0
0,0,0
0,0,0
0,0,0
0,0,0
0,0,0
0,0,0
0,0,0
0,0,0
0,0,0
0,0,0
0,0,0
0,0,0
0,0,0
0,0,0
0,0,0
0,0,0
0,0,0
0,0,0
0,0,0
0,0,0
0,0,0
0,0,0
0,0,0
0,0,0
0,0,0
0,0,0
0,0,0
0,0,0
0,0,0
0,0,0
0,0,0
0,0,0
0,0,0
0,0,0
0,0,0
0,0,0
0,0,0
0,0,0
0,0,0
0,0,0
0,0,0
0,0,0
0,0,0
0,0,0
0,0,0
0,0,0
0,0,0
0,0,0
0,0,0
0,0,0
0,0,0
0,0,0
0,0,0
0,0,0
0,0,0
0,0,0
0,0,0
0,0,0
0,0,0
0,0,0
0,0,0
0,0,0
0,0,0
0,0,0
0,0,0
0,0,0
0,0,0
0,0,0
0,0,0
0,0,0
0,0,0
0,0,0
0,0,0
0,0,0
0,0,0
0,0,0
0,0,0
0,0,0
0,0,0
0,0,0
0,0,0
0,0,0
0,0,0
0,0,0
0,0,0
0,0,0
0,0,0
0,0,0
0,0,0
0,0,0
0,0,0
0,0,0
0,0,0
0,0,0
0,0,0
0,0,0
0,0,0
0,0,0
0,0,0
0,0,0
0,0,0
0,0,0
0,0,0
0,0,0
0,0,0
0,0,0
0,0,0
0,0,0
0,0,0
0,0,0
0,0,0
0,0,0
0,0,0
0,0,0
0,0,0
0,0,0
0,0,0
0,0,0
0,0,0
0,0,0
0,0,0
0,0,0
0,0,0
0,0,0
0,0,0
0,0,0
0,0,0
0,0,0
0,0,0
0,0,0
0,0,0
0,0,0
0,0,0
0,0,0
0,0,0
0,0,0
0,0,0
0,0,0
0,0,0
0,0,0
0,0,0
0,0,0
0,0,0
0,0,0
0,0,0
0,0,0
0,0,0
0,0,0
0,0,0
0,0,0
0,0,0
0,0,0
0,0,0
0,0,0
0,0,0
0,0,0
0,0,0
0,0,0
0,0,0
0,0,0
0,0,0
0,0,0
0,0,0
0,0,0
0,0,0
0,0,0
0,0,0
0,0,0
0,0,0
0,0,0
0,0,0
0,0,0
0,0,0
0,0,0
0,0,0
0,0,0
0,0,0
0,0,0
0,0,0
0,0,0
0,0,0
0,0,0
0,0,0
0,0,0
0,0,0
0,0,0
0,0,0
0,0,0
0,0,0
0,0,0
0,0,0
0,0,0
0,0,0
0,0,0
0,0,0
0,0,0
0,0,0
0,0,0
0,0,0
0,0,0
0,0,0
0,0,0
0,0,0
0,0,0
0,0,0
0,0,0
0,0,0
0,0,0
0,0,0
0,0,0
0,0,0
0,0,0
0,0,0
0,0,0
0,0,0
0,0,0
0,0,0
0,0,0
0,0,0
0,0,0
0,0,0
0,0,0
0,0,0
0,0,0
0,0,0
0,0,0
0,0,0
0,0,0
0,0,0
0,0,0
0,0,0
0,0,0
0,0,0
0,0,0
0,0,0
0,0,0
0,0,0
0,0,0
0,0,0
0,0,0
0,0,0
0,0,0
0,0,0
0,0,0
0,0,0
0,0,0
0,0,0
0,0,0
0,0,0
0,0,0
0,0,0
0,0,0
0,0,0
0,0,0
0,0,0
0,0,0
0,0,0
0,0,0
0,0,0
0,0,0
0,0,0
0,0,0
0,0,0
0,0,0
0,0,0
0,0,0
0,0,0
0,0,0
0,0,0
0,0,0
0,0,0
0,0,0
0,0,0
0,0,0
0,0,0
0,0,0
0,0,0
0,0,0
0,0,0
0,0,0
0,0,0
0,0,0
0,0,0
0,0,0
0,0,0
0,0,0
0,0,0
0,0,0
0,0,0
0,0,0
0,0,0
0,0,0
0,0,0
0,0,0
0,0,0
0,0,0
0,0,0
0,0,0
0,0,0
0,0,0
0,0,0
0,0,0
0,0,0
0,0,0
0,0,0
0,0,0
0,0,0
0,0,0
0,0,0
0,0,0
0,0,0
0,0,0
0,0,0
0,0,0
0,0,0
0,0,0
0,0,0
0,0,0
0,0,0
0,0,0
0,0,0
0,0,0
0,0,0
0,0,0
0,0,0
0,0,0
0,0,0
0,0,0
0,0,0
0,0,0
0,0,0
0,0,0
0,0,0
0,0,0
0,0,0
0,0,0
0,0,0
0,0,0
0,0,0
0,0,0
0,0,0
0,0,0
0,0,0
0,0,0
0,0,0
0,0,0
0,0,0
0,0,0
0,0,0
0,0,0
0,0,0
0,0,0
0,0,0
0,0,0
0,0,0
0,0,0
0,0,0
0,0,0
0,0,0
0,0,0
0,0,0
0,0,0
0,0,0
0,0,0
0,0,0
0,0,0
0,0,0
0,0,0
0,0,0
0,0,0
0,0,0
0,0,0
0,0,0
0,0,0
0,0,0
0,0,0
0,0,0
0,0,0
0,0,0
0,0,0
0,0,0
0,0,0
0,0,0
0,0,0
0,0,0
0,0,0
0,0,0
0,0,0
0,0,0
0,0,0
0,0,0
0,0,0
0,0,0
0,0,0
0,0,0
0,0,0
0,0,0
0,0,0
0,0,0
0,0,0
0,0,0
0,0,0
0,0,0
0,0,0
0,0,0
0,0,0
0,0,0
0,0,0
0,0,0
0,0,0
0,0,0
0,0,0
0,0,0
0,0,0
0,0,0
0,0,0
0,0,0
0,0,0
0,0,0
0,0,0
0,0,0
0,0,0
0,0,0
0,0,0
0,0,0
0,0,0
0,0,0
0,0,0
0,0,0
0,0,0
0,0,0
0,0,0
0,0,0
0,0,0
0,0,0
0,0,0
0,0,0
0,0,0
0,0,0
0,0,0
0,0,0
0,0,0
0,0,0
0,0,0
0,0,0
0,0,0
0,0,0
0,0,0
0,0,0
0,0,0
0,0,0
0,0,0
0,0,0
0,0,0
0,0,0
0,0,0
0,0,0
0,0,0
0,0,0
0,0,0
0,0,0
0,0,0
0,0,0
0,0,0
0,0,0
0,0,0
0,0,0
0,0,0
0,0,0
0,0,0
0,0,0
0,0,0
0,0,0
0,0,0
0,0,0
0,0,0
0,0,0
0,0,0
0,0,0
0,0,0
0,0,0
0,0,0
0,0,0
0,0,0
0,0,0
0,0,0
0,0,0
0,0,0
0,0,0
0,0,0
0,0,0
0,0,0
0,0,0
0,0,0
0,0,0
0,0,0
0,0,0
0,0,0
0,0,0
0,0,0
0,0,0
0,0,0
0,0,0
0,0,0
0,0,0
0,0,0
0,0,0
0,0,0
0,0,0
0,0,0
0,0,0
0,0,0
0,0,0
0,0,0
0,0,0
0,0,0
0,0,0
0,0,0
0,0,0
0,0,0
0,0,0
0,0,0
0,0,0
0,0,0
0,0,0
0,0,0
0,0,0
0,0,0
0,0,0
0,0,0
0,0,0
0,0,0
0,0,0
0,0,0
0,0,0
0,0,0
0,0,0
0,0,0
0,0,0
0,0,0
0,0,0
0,0,0
0,0,0
0,0,0
0,0,0
0,0,0
0,0,0
0,0,0
33.2086,68.1021,7.5171
0,0,0
0,0,0
38.1127,74.6398,8.31108
5.99603,11.5647,1.32108
6.08217,11.5567,1.32432
6.17172,11.5543,1.32826
6.26668,11.5608,1.33327
6.35524,11.5544,1.3369
6.44735,11.5535,1.34123
6.54361,11.5587,1.34634
6.63522,11.5546,1.35047
6.71751,11.5334,1.35273
6.80738,11.5246,1.35646
0,0,0
6.9173,11.3891,1.35056
7.0168,11.3948,1.35617
7.02862,11.2586,1.34536
6.11958,9.66961,1.16472
6.20243,9.66874,1.16905
6.28713,9.66972,1.17366
6.37865,9.67999,1.17946
6.465,9.68122,1.18428
6.5661,9.70319,1.19165
6.65534,9.70622,1.19686
6.75508,9.72323,1.20384
6.83981,9.71741,1.20816
6.97903,9.78708,1.22172
7.05352,9.76424,1.22418
7.12564,9.73765,1.22624
7.21251,9.73052,1.23076
7.3133,9.741,1.23755
7.40244,9.73476,1.24236
7.49361,9.73016,1.24747
7.59111,9.73265,1.25356
7.67166,9.71244,1.25691
7.64409,9.55638,1.24315
7.73327,9.54719,1.24796
7.822,9.5365,1.25268
7.94839,9.57024,1.2632
8.04667,9.56852,1.26929
8.14458,9.56519,1.27528
8.27004,9.59267,1.28541
8.38698,9.60848,1.29415
8.5064,9.62545,1.30319
8.62966,9.64502,1.31273
8.73143,9.63909,1.31902
8.87784,9.68069,1.33179
9.06977,9.76899,1.35106
9.17997,9.76682,1.35833
9.33919,9.81485,1.37258
9.44342,9.80324,1.37887
9.55411,9.79712,1.38604
9.65809,9.78293,1.39223
9.80727,9.81289,1.40472
9.9324,9.81689,1.41376
0,0,0
0,0,0
0,0,0
0,0,0
0,0,0
0,0,0
3.65322,3.31198,0.521592
3.63938,3.25895,0.517072
3.65931,3.23656,0.517072
3.69708,3.22976,0.51943
3.67163,3.168,0.513534
3.60164,3.06923,0.501937
3.59909,3.02912,0.499185
3.60154,2.99362,0.497121
3.76673,3.0921,0.515892
3.82737,3.10278,0.521199
3.90381,3.12528,0.528472
3.9354,3.11114,0.530044
3.98579,3.11144,0.533975
4.0316,3.10758,0.537317
4.06484,3.09364,0.539086
0,0,0
0,0,0
0,0,0
0,0,0
0,0,0
0,0,0
0,0,0
0,0,0
0,0,0
0,0,0
0,0,0
0,0,0
0,0,0
0,0,0
0,0,0
0,0,0
0,0,0
0,0,0
0,0,0
0,0,0
0,0,0
0,0,0
0,0,0
0,0,0
0,0,0
0,0,0
0,0,0
0,0,0
23.6746,12.1092,2.6607
0,0,0
0,0,0
0,0,0
0,0,0
0,0,0
0,0,0
0,0,0
0,0,0
0,0,0
0,0,0
0,0,0
0,0,0
0,0,0
0,0,0
0,0,0
0,0,0
0,0,0
0,0,0
0,0,0
0,0,0
0,0,0
0,0,0
0,0,0
0,0,0
0,0,0
0,0,0
0,0,0
0,0,0
0,0,0
0,0,0
0,0,0
0,0,0
0,0,0
0,0,0
0,0,0
0,0,0
0,0,0
0,0,0
0,0,0
0,0,0
0,0,0
0,0,0
0,0,0
0,0,0
0,0,0
0,0,0
0,0,0
0,0,0
0,0,0
0,0,0
0,0,0
0,0,0
0,0,0
0,0,0
0,0,0
0,0,0
0,0,0
0,0,0
0,0,0
0,0,0
0,0,0
0,0,0
0,0,0
0,0,0
0,0,0
0,0,0
0,0,0
0,0,0
0,0,0
0,0,0
0,0,0
0,0,0
0,0,0
0,0,0
0,0,0
0,0,0
0,0,0
0,0,0
0,0,0
0,0,0
0,0,0
0,0,0
0,0,0
0,0,0
0,0,0
0,0,0
0,0,0
0,0,0
0,0,0
0,0,0
0,0,0
0,0,0
0,0,0
0,0,0
0,0,0
0,0,0
0,0,0
0,0,0
0,0,0
0,0,0
0,0,0
0,0,0
0,0,0
0,0,0
0,0,0
0,0,0
0,0,0
0,0,0
0,0,0
0,0,0
0,0,0
0,0,0
0,0,0
0,0,0
0,0,0
0,0,0
0,0,0
0,0,0
0,0,0
0,0,0
0,0,0
0,0,0
0,0,0
0,0,0
0,0,0
0,0,0
0,0,0
0,0,0
0,0,0
0,0,0
0,0,0
0,0,0
0,0,0
0,0,0
0,0,0
0,0,0
0,0,0
0,0,0
0,0,0
0,0,0
0,0,0
0,0,0
0,0,0
0,0,0
0,0,0
0,0,0
0,0,0
0,0,0
0,0,0
0,0,0
0,0,0
0,0,0
0,0,0
0,0,0
0,0,0
0,0,0
0,0,0
0,0,0
0,0,0
0,0,0
0,0,0
0,0,0
0,0,0
0,0,0
0,0,0
0,0,0
0,0,0
0,0,0
0,0,0
0,0,0
0,0,0
0,0,0
0,0,0
59.3573,-40.1596,7.11209
0,0,0
0,0,0
0,0,0
0,0,0
0,0,0
0,0,0
0,0,0
0,0,0
0,0,0
0,0,0
50.0856,-39.0588,6.3071
0,0,0
0,0,0
0,0,0
0,0,0
0,0,0
0,0,0
0,0,0
0,0,0
0,0,0
0,0,0
0,0,0
0,0,0
0,0,0
0,0,0
0,0,0
0,0,0
42.2723,-40.7154,5.83075
42.0324,-40.9844,5.83222
41.5882,-41.0521,5.80559
41.6924,-41.6632,5.85542
0,0,0
40.432,-41.4077,5.74996
0,0,0
0,0,0
0,0,0
0,0,0
0,0,0
0,0,0
0,0,0
0,0,0
0,0,0
0,0,0
32.4085,-38.0131,4.96777
0,0,0
0,0,0
32.5995,-39.6945,5.10723
0,0,0
31.272,-39.0453,4.97485
31.3621,-39.654,5.02743
30.807,-39.4473,4.9775
30.486,-39.5339,4.96482
0,0,0
30.3197,-40.3322,5.0176
30.0586,-40.4999,5.01544
29.876,-40.7743,5.02654
29.6112,-40.9375,5.02418
0,0,0
0,0,0
0,0,0
0,0,0
0,0,0
0,0,0
0,0,0
0,0,0
0,0,0
0,0,0
0,0,0
0,0,0
0,0,0
0,0,0
0,0,0
0,0,0
0,0,0
0,0,0
0,0,0
0,0,0
0,0,0
0,0,0
0,0,0
0,0,0
0,0,0
0,0,0
0,0,0
0,0,0
0,0,0
0,0,0
0,0,0
0,0,0
0,0,0
0,0,0
0,0,0
0,0,0
0,0,0
0,0,0
0,0,0
0,0,0
0,0,0
0,0,0
0,0,0
0,0,0
0,0,0
0,0,0
0,0,0
0,0,0
0,0,0
0,0,0
0,0,0
0,0,0
0,0,0
0,0,0
0,0,0
0,0,0
0,0,0
0,0,0
0,0,0
0,0,0
0,0,0
0,0,0
0,0,0
0,0,0
0,0,0
0,0,0
0,0,0
0,0,0
0,0,0
0,0,0
0,0,0
0,0,0
0,0,0
0,0,0
0,0,0
0,0,0
0,0,0
0,0,0
0,0,0
0,0,0
0,0,0
0,0,0
0,0,0
0,0,0
0,0,0
0,0,0
0,0,0
0,0,0
0,0,0
0,0,0
0,0,0
0,0,0
0,0,0
0,0,0
0,0,0
0,0,0
0,0,0
0,0,0
0,0,0
0,0,0
0,0,0
0,0,0
0,0,0
0,0,0
0,0,0
0,0,0
0,0,0
0,0,0
0,0,0
0,0,0
0,0,0
0,0,0
0,0,0
0,0,0
0,0,0
0,0,0
0,0,0
0,0,0
0,0,0
0,0,0
0,0,0
0,0,0
0,0,0
0,0,0
0,0,0
0,0,0
0,0,0
0,0,0
0,0,0
0,0,0
0,0,0
0,0,0
0,0,0
0,0,0
0,0,0
0,0,0
0,0,0
0,0,0
0,0,0
0,0,0
0,0,0
0,0,0
0,0,0
0,0,0
0,0,0
0,0,0
0,0,0
0,0,0
0,0,0
0,0,0
0,0,0
0,0,0
0,0,0
0,0,0
0,0,0
0,0,0
0,0,0
0,0,0
0,0,0
0,0,0
0,0,0
0,0,0
0,0,0
0,0,0
0,0,0
0,0,0
0,0,0
0,0,0
0,0,0
0,0,0
0,0,0
0,0,0
0,0,0
0,0,0
0,0,0
0,0,0
0,0,0
0,0,0
0,0,0
0,0,0
0,0,0
0,0,0
0,0,0
0,0,0
0,0,0
0,0,0
0,0,0
0,0,0
0,0,0
0,0,0
0,0,0
0,0,0
0,0,0
0,0,0
0,0,0
0,0,0
0,0,0
0,0,0
0,0,0
0,0,0
0,0,0
0,0,0
0,0,0
0,0,0
0,0,0
0,0,0
0,0,0
0,0,0
0,0,0
0,0,0
0,0,0
0,0,0
0,0,0
0,0,0
0,0,0
0,0,0
0,0,0
0,0,0
0,0,0
0,0,0
0,0,0
0,0,0
0,0,0
0,0,0
0,0,0
0,0,0
0,0,0
0,0,0
0,0,0
0,0,0
0,0,0
0,0,0
0,0,0
0,0,0
0,0,0
0,0,0
0,0,0
0,0,0
0,0,0
0,0,0
0,0,0
0,0,0
0,0,0
0,0,0
0,0,0
0,0,0
0,0,0
0,0,0
0,0,0
0,0,0
0,0,0
0,0,0
0,0,0
0,0,0
0,0,0
0,0,0
0,0,0
0,0,0
0,0,0
0,0,0
0,0,0
0,0,0
0,0,0
0,0,0
0,0,0
0,0,0
0,0,0
0,0,0
0,0,0
0,0,0
0,0,0
0,0,0
0,0,0
0,0,0
0,0,0
0,0,0
0,0,0
0,0,0
0,0,0
0,0,0
0,0,0
0,0,0
0,0,0
0,0,0
0,0,0
0,0,0
0,0,0
0,0,0
0,0,0
0,0,0
0,0,0
0,0,0
0,0,0
0,0,0
0,0,0
0,0,0
0,0,0
0,0,0
0,0,0
0,0,0
0,0,0
0,0,0
0,0,0
0,0,0
0,0,0
0,0,0
0,0,0
0,0,0
0,0,0
0,0,0
0,0,0
0,0,0
0,0,0
0,0,0
0,0,0
0,0,0
0,0,0
0,0,0
0,0,0
0,0,0
0,0,0
0,0,0
0,0,0
0,0,0
0,0,0
0,0,0
0,0,0
0,0,0
0,0,0
0,0,0
0,0,0
0,0,0
0,0,0
0,0,0
0,0,0
0,0,0
0,0,0
0,0,0
0,0,0
0,0,0
0,0,0
0,0,0
0,0,0
0,0,0
0,0,0
0,0,0
0,0,0
0,0,0
0,0,0
0,0,0
0,0,0
0,0,0
0,0,0
0,0,0
0,0,0
0,0,0
0,0,0
0,0,0
0,0,0
0,0,0
0,0,0
0,0,0
0,0,0
0,0,0
0,0,0
0,0,0
0,0,0
0,0,0
0,0,0
0,0,0
0,0,0
0,0,0
0,0,0
0,0,0
0,0,0
0,0,0
0,0,0
0,0,0
0,0,0
0,0,0
0,0,0
0,0,0
0,0,0
0,0,0
0,0,0
0,0,0
0,0,0
0,0,0
0,0,0
0,0,0
0,0,0
0,0,0
0,0,0
0,0,0
0,0,0
0,0,0
0,0,0
0,0,0
0,0,0
0,0,0
0,0,0
0,0,0
0,0,0
0,0,0
0,0,0
0,0,0
0,0,0
0,0,0
0,0,0
0,0,0
0,0,0
0,0,0
0,0,0
0,0,0
0,0,0
0,0,0
0,0,0
0,0,0
0,0,0
0,0,0
0,0,0
0,0,0
0,0,0
0,0,0
0,0,0
0,0,0
0,0,0
0,0,0
0,0,0
0,0,0
0,0,0
0,0,0
0,0,0
0,0,0
0,0,0
0,0,0
0,0,0
0,0,0
0,0,0
0,0,0
0,0,0
0,0,0
0,0,0
0,0,0
0,0,0
0,0,0
0,0,0
0,0,0
0,0,0
0,0,0
0,0,0
0,0,0
0,0,0
0,0,0
0,0,0
0,0,0
0,0,0
0,0,0
0,0,0
0,0,0
0,0,0
0,0,0
0,0,0
0,0,0
0,0,0
0,0,0
0,0,0
0,0,0
0,0,0
0,0,0
0,0,0
0,0,0
0,0,0
0,0,0
0,0,0
0,0,0
0,0,0
0,0,0
0,0,0
0,0,0
0,0,0
0,0,0
0,0,0
0,0,0
0,0,0
0,0,0
0,0,0
0,0,0
0,0,0
0,0,0
0,0,0
0,0,0
0,0,0
0,0,0
0,0,0
0,0,0
0,0,0
0,0,0
0,0,0
0,0,0
0,0,0
0,0,0
0,0,0
0,0,0
0,0,0
0,0,0
0,0,0
0,0,0
0,0,0
0,0,0
0,0,0
0,0,0
0,0,0
0,0,0
0,0,0
0,0,0
0,0,0
0,0,0
0,0,0
0,0,0
0,0,0
0,0,0
0,0,0
0,0,0
0,0,0
0,0,0
0,0,0
0,0,0
0,0,0
0,0,0
0,0,0
0,0,0
0,0,0
0,0,0
0,0,0
0,0,0
0,0,0
0,0,0
0,0,0
0,0,0
0,0,0
0,0,0
0,0,0
0,0,0
0,0,0
0,0,0
0,0,0
0,0,0
0,0,0
0,0,0
0,0,0
0,0,0
0,0,0
0,0,0
0,0,0
0,0,0
0,0,0
0,0,0
0,0,0
0,0,0
0,0,0
0,0,0
0,0,0
0,0,0
0,0,0
0,0,0
0,0,0
0,0,0
0,0,0
0,0,0
0,0,0
0,0,0
0,0,0
0,0,0
0,0,0
0,0,0
0,0,0
0,0,0
0,0,0
0,0,0
0,0,0
0,0,0
0,0,0
0,0,0
0,0,0
0,0,0
0,0,0
0,0,0
0,0,0
0,0,0
0,0,0
0,0,0
0,0,0
0,0,0
0,0,0
0,0,0
0,0,0
0,0,0
0,0,0
0,0,0
0,0,0
0,0,0
0,0,0
0,0,0
0,0,0
0,0,0
0,0,0
0,0,0
0,0,0
0,0,0
0,0,0
0,0,0
0,0,0
0,0,0
0,0,0
0,0,0
0,0,0
0,0,0
0,0,0
0,0,0
0,0,0
0,0,0
0,0,0
0,0,0
0,0,0
0,0,0
0,0,0
0,0,0
0,0,0
0,0,0
0,0,0
0,0,0
0,0,0
0,0,0
0,0,0
0,0,0
0,0,0
0,0,0
0,0,0
0,0,0
0,0,0
0,0,0
0,0,0
0,0,0
0,0,0
0,0,0
0,0,0
0,0,0
0,0,0
0,0,0
0,0,0
0,0,0
0,0,0
0,0,0
0,0,0
0,0,0
0,0,0
0,0,0
0,0,0
0,0,0
0,0,0
0,0,0
0,0,0
0,0,0
0,0,0
0,0,0
0,0,0
0,0,0
0,0,0
0,0,0
0,0,0
0,0,0
0,0,0
0,0,0
0,0,0
6.01136,11.5853,1.16753
6.08883,11.5605,1.16874
6.19535,11.5897,1.17531
6.2844,11.5847,1.1786
6.37698,11.5852,1.18249
6.46689,11.5798,1.18586
6.55943,11.578,1.18966
6.64425,11.5618,1.19208
6.72661,11.5406,1.19407
6.80439,11.5111,1.19528
6.88463,11.4854,1.19693
6.97825,11.4812,1.20082
7.06321,11.4619,1.20324
7.13129,11.415,1.20289
6.11857,9.66161,1.02729
6.19873,9.65658,1.03066
6.28666,9.66262,1.03524
6.37161,9.66296,1.03931
6.46289,9.67172,1.04432
6.55898,9.68633,1.05003
6.64873,9.69026,1.0547
6.74275,9.69918,1.05997
6.86065,9.7407,1.06879
6.93939,9.72518,1.07164
7.01177,9.70018,1.07355
7.11825,9.72128,1.08046
7.20744,9.71743,1.08479
7.30044,9.71763,1.08963
7.39673,9.72101,1.0949
7.49273,9.72279,1.10009
7.58841,9.72297,1.10519
7.67387,9.70905,1.10882
7.65112,9.55911,1.09741
7.72218,9.52747,1.09914
7.81842,9.52611,1.10433
7.92639,9.53772,1.11107
8.02389,9.5354,1.11634
8.11132,9.52011,1.12024
8.2249,9.53428,1.12758
8.34682,9.55642,1.13597
8.49308,9.60428,1.14747
8.59837,9.60394,1.15352
8.72538,9.62629,1.16234
8.83615,9.62909,1.169
8.94254,9.62578,1.17505
9.06218,9.63532,1.18275
0,0,0
0,0,0
10.425,10.6833,1.33025
10.4554,10.5837,1.32592
10.4574,10.4566,1.31823
0,0,0
10.2955,10.045,1.28313
10.2866,9.91393,1.27465
10.4403,9.93924,1.28581
10.4467,9.8238,1.27932
10.5615,9.81037,1.28581
10.6127,9.7373,1.28477
3.6178,3.27907,0.458555
3.62894,3.24884,0.457518
3.59507,3.179,0.451292
3.57999,3.12674,0.447315
3.58854,3.0956,0.446105
3.63705,3.09872,0.449477
3.76501,3.16806,0.461841
3.80047,3.15827,0.463656
3.83133,3.14437,0.464953
3.8521,3.12206,0.465126
3.8774,3.10334,0.465818
3.90732,3.08814,0.467028
3.98353,3.10885,0.47334
4.0412,3.11414,0.477576
4.06974,3.09653,0.478614
4.1269,3.10021,0.482764
0,0,0
0,0,0
0,0,0
0,0,0
0,0,0
0,0,0
0,0,0
0,0,0
0,0,0
0,0,0
0,0,0
0,0,0
0,0,0
0,0,0
0,0,0
0,0,0
0,0,0
0,0,0
0,0,0
0,0,0
0,0,0
0,0,0
0,0,0
0,0,0
0,0,0
0,0,0
23.6729,12.2808,2.34927
23.6848,12.1031,2.34313
23.7115,11.9339,2.33855
23.7611,11.7766,2.3363
23.6565,11.5445,2.31927
0,0,0
0,0,0
0,0,0
0,0,0
0,0,0
0,0,0
0,0,0
0,0,0
0,0,0
0,0,0
0,0,0
0,0,0
0,0,0
0,0,0
0,0,0
0,0,0
0,0,0
0,0,0
0,0,0
0,0,0
0,0,0
0,0,0
0,0,0
0,0,0
0,0,0
0,0,0
0,0,0
0,0,0
0,0,0
0,0,0
0,0,0
0,0,0
0,0,0
0,0,0
0,0,0
0,0,0
0,0,0
0,0,0
0,0,0
0,0,0
0,0,0
0,0,0
0,0,0
0,0,0
0,0,0
0,0,0
0,0,0
0,0,0
0,0,0
0,0,0
0,0,0
0,0,0
0,0,0
0,0,0
0,0,0
0,0,0
0,0,0
0,0,0
0,0,0
0,0,0
0,0,0
0,0,0
0,0,0
0,0,0
0,0,0
0,0,0
0,0,0
0,0,0
0,0,0
0,0,0
0,0,0
0,0,0
0,0,0
0,0,0
0,0,0
0,0,0
0,0,0
0,0,0
0,0,0
0,0,0
0,0,0
0,0,0
0,0,0
0,0,0
0,0,0
0,0,0
0,0,0
0,0,0
0,0,0
0,0,0
0,0,0
0,0,0
0,0,0
0,0,0
0,0,0
0,0,0
0,0,0
0,0,0
0,0,0
0,0,0
0,0,0
0,0,0
0,0,0
0,0,0
0,0,0
0,0,0
0,0,0
0,0,0
0,0,0
0,0,0
0,0,0
0,0,0
0,0,0
0,0,0
0,0,0
0,0,0
0,0,0
0,0,0
0,0,0
0,0,0
0,0,0
0,0,0
0,0,0
0,0,0
0,0,0
0,0,0
0,0,0
0,0,0
0,0,0
0,0,0
0,0,0
0,0,0
0,0,0
0,0,0
0,0,0
0,0,0
0,0,0
0,0,0
0,0,0
0,0,0
0,0,0
0,0,0
0,0,0
0,0,0
0,0,0
0,0,0
0,0,0
0,0,0
0,0,0
0,0,0
0,0,0
0,0,0
0,0,0
0,0,0
0,0,0
0,0,0
0,0,0
0,0,0
0,0,0
0,0,0
0,0,0
0,0,0
67.9453,-41.2992,6.93529
0,0,0
0,0,0
0,0,0
0,0,0
0,0,0
0,0,0
0,0,0
0,0,0
57.3065,-39.3217,6.06637
57.1843,-39.7562,6.07908
56.9572,-40.1189,6.08098
0,0,0
0,0,0
0,0,0
51.3114,-38.0598,5.57916
51.0211,-38.3321,5.57311
50.6748,-38.5606,5.56109
0,0,0
49.886,-38.9362,5.52677
0,0,0
49.098,-39.3001,5.4927
0,0,0
48.6305,-39.9148,5.49478
0,0,0
48.9976,-41.2328,5.59239
0,0,0
48.7157,-42.0275,5.6185
0,0,0
0,0,0
0,0,0
0,0,0
0,0,0
0,0,0
0,0,0
42.4398,-40.4108,5.12058
42.2585,-40.7354,5.12871
41.9742,-40.9613,5.12464
0,0,0
0,0,0
40.5985,-41.1046,5.04873
40.2745,-41.2802,5.03991
0,0,0
39.6358,-41.6357,5.02366
0,0,0
0,0,0
0,0,0
0,0,0
0,0,0
0,0,0
0,0,0
0,0,0
32.5328,-38.1902,4.38869
32.2299,-38.3083,4.37953
32.0642,-38.5897,4.38904
32.3387,-39.4095,4.45907
31.752,-39.1823,4.4116
31.397,-39.234,4.39578
0,0,0
30.6895,-39.3296,4.36422
30.5869,-39.6979,4.38402
30.2878,-39.8127,4.37616
30.0848,-40.0536,4.38221
30.0581,-40.5335,4.4142
29.8753,-40.808,4.42397
29.7749,-41.1989,4.44627
29.7426,-41.6906,4.4793
0,0,0
0,0,0
0,0,0
0,0,0
0,0,0
0,0,0
0,0,0
0,0,0
0,0,0
0,0,0
0,0,0
0,0,0
0,0,0
0,0,0
0,0,0
0,0,0
0,0,0
0,0,0
0,0,0
0,0,0
0,0,0
0,0,0
0,0,0
0,0,0
0,0,0
0,0,0
0,0,0
0,0,0
0,0,0
0,0,0
0,0,0
0,0,0
0,0,0
0,0,0
0,0,0
0,0,0
0,0,0
0,0,0
0,0,0
0,0,0
0,0,0
0,0,0
0,0,0
0,0,0
0,0,0
0,0,0
0,0,0
0,0,0
0,0,0
0,0,0
0,0,0
0,0,0
0,0,0
0,0,0
0,0,0
0,0,0
0,0,0
0,0,0
0,0,0
0,0,0
0,0,0
0,0,0
0,0,0
0,0,0
0,0,0
0,0,0
0,0,0
0,0,0
0,0,0
0,0,0
0,0,0
0,0,0
0,0,0
0,0,0
0,0,0
0,0,0
0,0,0
0,0,0
0,0,0
0,0,0
0,0,0
0,0,0
0,0,0
0,0,0
0,0,0
0,0,0
0,0,0
0,0,0
0,0,0
0,0,0
0,0,0
0,0,0
0,0,0
0,0,0
0,0,0
0,0,0
0,0,0
0,0,0
0,0,0
0,0,0
0,0,0
0,0,0
0,0,0
0,0,0
0,0,0
0,0,0
0,0,0
0,0,0
0,0,0
0,0,0
0,0,0
0,0,0
0,0,0
0,0,0
0,0,0
0,0,0
0,0,0
0,0,0
0,0,0
0,0,0
0,0,0
0,0,0
0,0,0
0,0,0
0,0,0
0,0,0
0,0,0
0,0,0
0,0,0
0,0,0
0,0,0
0,0,0
0,0,0
0,0,0
0,0,0
0,0,0
0,0,0
0,0,0
0,0,0
0,0,0
0,0,0
0,0,0
0,0,0
0,0,0
0,0,0
0,0,0
0,0,0
0,0,0
0,0,0
0,0,0
0,0,0
0,0,0
0,0,0
0,0,0
0,0,0
0,0,0
0,0,0
0,0,0
0,0,0
0,0,0
0,0,0
0,0,0
0,0,0
0,0,0
0,0,0
0,0,0
0,0,0
0,0,0
0,0,0
0,0,0
0,0,0
0,0,0
0,0,0
0,0,0
0,0,0
0,0,0
0,0,0
0,0,0
0,0,0
0,0,0
0,0,0
0,0,0
0,0,0
0,0,0
0,0,0
0,0,0
0,0,0
0,0,0
0,0,0
0,0,0
0,0,0
0,0,0
0,0,0
0,0,0
0,0,0
0,0,0
0,0,0
0,0,0
0,0,0
0,0,0
0,0,0
0,0,0
0,0,0
0,0,0
0,0,0
0,0,0
0,0,0
0,0,0
0,0,0
0,0,0
0,0,0
0,0,0
0,0,0
0,0,0
0,0,0
0,0,0
0,0,0
0,0,0
0,0,0
0,0,0
0,0,0
0,0,0
0,0,0
0,0,0
0,0,0
0,0,0
0,0,0
0,0,0
0,0,0
0,0,0
0,0,0
0,0,0
0,0,0
0,0,0
0,0,0
0,0,0
0,0,0
0,0,0
0,0,0
0,0,0
0,0,0
0,0,0
0,0,0
0,0,0
0,0,0
0,0,0
0,0,0
0,0,0
0,0,0
0,0,0
0,0,0
0,0,0
0,0,0
0,0,0
0,0,0
0,0,0
0,0,0
0,0,0
0,0,0
0,0,0
0,0,0
0,0,0
0,0,0
0,0,0
0,0,0
0,0,0
0,0,0
0,0,0
0,0,0
0,0,0
0,0,0
0,0,0
0,0,0
0,0,0
0,0,0
0,0,0
0,0,0
0,0,0
0,0,0
0,0,0
0,0,0
0,0,0
0,0,0
0,0,0
0,0,0
0,0,0
0,0,0
0,0,0
0,0,0
0,0,0
0,0,0
0,0,0
0,0,0
0,0,0
0,0,0
0,0,0
0,0,0
0,0,0
0,0,0
0,0,0
0,0,0
0,0,0
0,0,0
0,0,0
0,0,0
0,0,0
0,0,0
0,0,0
0,0,0
0,0,0
0,0,0
0,0,0
0,0,0
0,0,0
0,0,0
0,0,0
0,0,0
0,0,0
0,0,0
0,0,0
0,0,0
0,0,0
0,0,0
0,0,0
0,0,0
0,0,0
0,0,0
0,0,0
0,0,0
0,0,0
0,0,0
0,0,0
0,0,0
0,0,0
0,0,0
0,0,0
0,0,0
0,0,0
0,0,0
0,0,0
0,0,0
0,0,0
0,0,0
0,0,0
0,0,0
0,0,0
0,0,0
0,0,0
0,0,0
0,0,0
0,0,0
0,0,0
0,0,0
0,0,0
0,0,0
0,0,0
0,0,0
0,0,0
0,0,0
0,0,0
0,0,0
0,0,0
0,0,0
0,0,0
0,0,0
0,0,0
0,0,0
0,0,0
0,0,0
0,0,0
0,0,0
0,0,0
0,0,0
0,0,0
0,0,0
0,0,0
0,0,0
0,0,0
0,0,0
0,0,0
0,0,0
0,0,0
0,0,0
0,0,0
0,0,0
0,0,0
0,0,0
0,0,0
0,0,0
0,0,0
0,0,0
0,0,0
0,0,0
0,0,0
0,0,0
0,0,0
0,0,0
0,0,0
0,0,0
0,0,0
0,0,0
0,0,0
0,0,0
0,0,0
0,0,0
0,0,0
0,0,0
0,0,0
0,0,0
0,0,0
0,0,0
0,0,0
0,0,0
0,0,0
0,0,0
0,0,0
0,0,0
0,0,0
0,0,0
0,0,0
0,0,0
0,0,0
0,0,0
0,0,0
0,0,0
0,0,0
0,0,0
0,0,0
0,0,0
0,0,0
0,0,0
0,0,0
0,0,0
0,0,0
0,0,0
0,0,0
0,0,0
0,0,0
0,0,0
0,0,0
0,0,0
0,0,0
0,0,0
0,0,0
0,0,0
0,0,0
0,0,0
0,0,0
0,0,0
0,0,0
0,0,0
0,0,0
0,0,0
0,0,0
0,0,0
0,0,0
0,0,0
0,0,0
0,0,0
0,0,0
0,0,0
0,0,0
0,0,0
0,0,0
0,0,0
0,0,0
0,0,0
0,0,0
0,0,0
0,0,0
0,0,0
0,0,0
0,0,0
0,0,0
0,0,0
0,0,0
0,0,0
0,0,0
0,0,0
0,0,0
0,0,0
0,0,0
0,0,0
0,0,0
0,0,0
0,0,0
0,0,0
0,0,0
0,0,0
0,0,0
0,0,0
0,0,0
0,0,0
0,0,0
0,0,0
0,0,0
0,0,0
0,0,0
0,0,0
0,0,0
0,0,0
0,0,0
0,0,0
0,0,0
0,0,0
0,0,0
0,0,0
0,0,0
0,0,0
0,0,0
0,0,0
0,0,0
0,0,0
0,0,0
0,0,0
0,0,0
0,0,0
0,0,0
0,0,0
0,0,0
0,0,0
0,0,0
0,0,0
0,0,0
0,0,0
0,0,0
0,0,0
0,0,0
0,0,0
0,0,0
0,0,0
0,0,0
0,0,0
0,0,0
0,0,0
0,0,0
0,0,0
0,0,0
0,0,0
0,0,0
0,0,0
0,0,0
0,0,0
0,0,0
0,0,0
0,0,0
0,0,0
0,0,0
0,0,0
0,0,0
0,0,0
0,0,0
0,0,0
0,0,0
0,0,0
0,0,0
0,0,0
0,0,0
0,0,0
0,0,0
0,0,0
0,0,0
0,0,0
0,0,0
0,0,0
0,0,0
0,0,0
0,0,0
0,0,0
0,0,0
0,0,0
0,0,0
0,0,0
0,0,0
0,0,0
0,0,0
0,0,0
0,0,0
0,0,0
0,0,0
0,0,0
0,0,0
0,0,0
0,0,0
0,0,0
0,0,0
0,0,0
0,0,0
0,0,0
0,0,0
0,0,0
0,0,0
0,0,0
0,0,0
0,0,0
0,0,0
0,0,0
0,0,0
0,0,0
0,0,0
0,0,0
0,0,0
0,0,0
0,0,0
0,0,0
0,0,0
0,0,0
0,0,0
0,0,0
0,0,0
0,0,0
0,0,0
0,0,0
0,0,0
0,0,0
0,0,0
0,0,0
0,0,0
0,0,0
0,0,0
0,0,0
0,0,0
0,0,0
0,0,0
0,0,0
0,0,0
0,0,0
0,0,0
0,0,0
0,0,0
0,0,0
0,0,0
0,0,0
0,0,0
0,0,0
0,0,0
0,0,0
0,0,0
0,0,0
0,0,0
0,0,0
0,0,0
0,0,0
0,0,0
0,0,0
0,0,0
0,0,0
0,0,0
0,0,0
0,0,0
0,0,0
0,0,0
0,0,0
0,0,0
0,0,0
0,0,0
0,0,0
0,0,0
0,0,0
0,0,0
0,0,0
0,0,0
0,0,0
0,0,0
0,0,0
0,0,0
0,0,0
0,0,0
0,0,0
0,0,0
0,0,0
0,0,0
0,0,0
0,0,0
0,0,0
0,0,0
0,0,0
0,0,0
0,0,0
0,0,0
0,0,0
0,0,0
0,0,0
0,0,0
0,0,0
23.6916,64.9906,5.1634
0,0,0
0,0,0
0,0,0
0,0,0
0,0,0
0,0,0
28.6636,69.2355,5.59045
0,0,0
0,0,0
0,0,0
0,0,0
0,0,0
0,0,0
0,0,0
0,0,0
0,0,0
0,0,0
0,0,0
0,0,0
0,0,0
5.99832,11.5641,1.00082
6.09006,11.5668,1.00414
6.19664,11.5961,1.00976
6.29049,11.5999,1.01331
6.38077,11.5961,1.01627
6.46639,11.5828,1.01849
6.5619,11.5863,1.02218
6.65125,11.5778,1.02492
6.73472,11.5583,1.02677
6.80906,11.5228,1.02729
6.90834,11.5287,1.03143
6.98982,11.504,1.03298
7.06027,11.4609,1.03298
7.14842,11.4461,1.03549
6.10805,9.64767,0.881561
6.19406,9.65198,0.885257
6.28307,9.65978,0.889324
6.36691,9.65851,0.892651
6.45763,9.66654,0.896865
6.55036,9.67628,0.901301
6.64288,9.68443,0.905663
6.73291,9.68771,0.909656
6.84562,9.72206,0.916532
6.95378,9.74807,0.922742
7.02865,9.72624,0.924664
7.10763,9.70949,0.927104
7.19202,9.69934,0.93021
7.28433,9.69889,0.934276
7.38959,9.71434,0.939895
7.48313,9.71305,0.944035
7.5751,9.70863,0.947954
7.6574,9.69092,0.950689
7.66065,9.57367,0.944035
7.70858,9.51331,0.942778
7.78768,9.49128,0.945218
7.91204,9.52309,0.952907
8.02296,9.53695,0.95897
8.09297,9.50121,0.960301
8.23056,9.54351,0.969321
8.33029,9.54016,0.973979
8.47056,9.58152,0.983147
8.58772,9.59477,0.989653
8.70267,9.60397,0.995863
8.81739,9.61139,1.002
8.92505,9.60972,1.00732
9.04328,9.618,1.01376
10.3396,10.8626,1.14684
10.3784,10.7703,1.14388
10.3886,10.6493,1.13797
10.4152,10.5463,1.1339
10.393,10.3954,1.1248
0,0,0
10.3928,10.1431,1.11164
10.4031,10.0293,1.10632
10.3865,9.89103,1.09834
10.4215,9.80319,1.09575
10.5509,9.80356,1.10277
10.6571,9.78112,1.10743
3.57727,3.24196,0.392928
3.58076,3.20531,0.391301
3.59214,3.17601,0.390488
3.61606,3.15785,0.390932
3.72371,3.21183,0.399582
3.74562,3.19086,0.399804
3.76666,3.1691,0.399952
3.79063,3.14976,0.400395
3.8122,3.12834,0.400617
3.83752,3.10991,0.401209
3.87599,3.10189,0.403057
3.92781,3.10402,0.406162
4.01281,3.13142,0.412373
4.06196,3.12987,0.415182
4.1295,3.14173,0.419692
4.1463,3.11454,0.41947
4.23261,3.13895,0.425681
4.27834,3.13237,0.428121
0,0,0
0,0,0
0,0,0
0,0,0
0,0,0
0,0,0
0,0,0
0,0,0
0,0,0
0,0,0
0,0,0
0,0,0
0,0,0
0,0,0
0,0,0
0,0,0
0,0,0
0,0,0
0,0,0
0,0,0
0,0,0
0,0,0
0,0,0
0,0,0
0,0,0
23.5891,12.0603,1.99915
23.7419,11.9552,2.00573
23.671,11.738,1.99383
0,0,0
0,0,0
0,0,0
0,0,0
0,0,0
0,0,0
0,0,0
0,0,0
0,0,0
0,0,0
0,0,0
0,0,0
0,0,0
0,0,0
0,0,0
0,0,0
0,0,0
0,0,0
0,0,0
0,0,0
0,0,0
0,0,0
0,0,0
0,0,0
0,0,0
0,0,0
0,0,0
0,0,0
0,0,0
0,0,0
0,0,0
0,0,0
0,0,0
0,0,0
0,0,0
0,0,0
0,0,0
0,0,0
0,0,0
0,0,0
0,0,0
0,0,0
0,0,0
0,0,0
0,0,0
0,0,0
0,0,0
0,0,0
0,0,0
0,0,0
0,0,0
0,0,0
0,0,0
0,0,0
0,0,0
0,0,0
0,0,0
0,0,0
0,0,0
0,0,0
0,0,0
0,0,0
0,0,0
0,0,0
0,0,0
0,0,0
0,0,0
0,0,0
0,0,0
0,0,0
0,0,0
0,0,0
0,0,0
0,0,0
0,0,0
0,0,0
0,0,0
0,0,0
0,0,0
0,0,0
0,0,0
0,0,0
0,0,0
0,0,0
0,0,0
0,0,0
0,0,0
0,0,0
0,0,0
0,0,0
0,0,0
0,0,0
0,0,0
0,0,0
0,0,0
0,0,0
0,0,0
0,0,0
0,0,0
0,0,0
0,0,0
0,0,0
0,0,0
0,0,0
0,0,0
0,0,0
0,0,0
0,0,0
0,0,0
0,0,0
0,0,0
0,0,0
0,0,0
0,0,0
0,0,0
0,0,0
0,0,0
0,0,0
0,0,0
0,0,0
0,0,0
0,0,0
0,0,0
0,0,0
0,0,0
0,0,0
0,0,0
0,0,0
0,0,0
0,0,0
0,0,0
0,0,0
0,0,0
0,0,0
0,0,0
0,0,0
0,0,0
0,0,0
0,0,0
0,0,0
0,0,0
0,0,0
0,0,0
0,0,0
0,0,0
0,0,0
0,0,0
0,0,0
0,0,0
0,0,0
0,0,0
77.0893,-39.3804,6.45274
0,0,0
0,0,0
0,0,0
0,0,0
0,0,0
0,0,0
0,0,0
0,0,0
0,0,0
0,0,0
67.5953,-40.4984,5.87694
0,0,0
0,0,0
0,0,0
0,0,0
0,0,0
0,0,0
0,0,0
0,0,0
0,0,0
0,0,0
57.0609,-39.6501,5.18639
56.8972,-40.0563,5.19371
56.6317,-40.3913,5.19201
0,0,0
0,0,0
52.0733,-38.6058,4.84082
51.0228,-38.3144,4.76548
50.8241,-38.6551,4.76896
50.2462,-38.7045,4.73717
49.672,-38.7502,4.7056
49.2831,-38.9356,4.6914
48.7037,-38.9656,4.65917
48.1971,-39.0478,4.63373
48.2959,-39.6211,4.66626
0,0,0
0,0,0
0,0,0
0,0,0
0,0,0
0,0,0
0,0,0
0,0,0
0,0,0
41.8058,-38.8219,4.26465
0,0,0
41.1124,-39.1285,4.24277
41.1409,-39.6395,4.27049
40.7184,-39.7171,4.25201
40.4711,-39.9634,4.25171
40.5397,-40.5254,4.28469
40.6267,-41.1139,4.32018
40.1285,-41.1112,4.29415
39.836,-41.3157,4.28994
39.6327,-41.6128,4.29541
0,0,0
0,0,0
0,0,0
0,0,0
0,0,0
0,0,0
0,0,0
33.4664,-38.7833,3.8328
33.2602,-39.0258,3.8365
32.4113,-38.5059,3.76641
32.1648,-38.6926,3.7653
31.4725,-38.3358,3.71221
31.0884,-38.3454,3.69477
30.9049,-38.6008,3.70098
30.5036,-38.5824,3.68138
30.2816,-38.7885,3.68323
30.9228,-40.1148,3.79007
30.9177,-40.6212,3.81964
30.6475,-40.7831,3.81713
30.4811,-41.0841,3.82763
30.1341,-41.1416,3.8158
0,0,0
29.9103,-41.9052,3.85195
0,0,0
0,0,0
0,0,0
0,0,0
0,0,0
0,0,0
0,0,0
0,0,0
0,0,0
0,0,0
0,0,0
0,0,0
23.4307,-39.0767,3.41293
0,0,0
0,0,0
25.4143,-44.2098,3.81558
0,0,0
0,0,0
24.4837,-44.4657,3.79827
24.1557,-44.5143,3.78977
23.8501,-44.6018,3.78474
23.4682,-44.5427,3.76759
23.1471,-44.5947,3.75998
22.7809,-44.5556,3.74497
22.4106,-44.503,3.72907
22.1003,-44.5656,3.72294
21.7543,-44.5525,3.71074
21.439,-44.5988,3.70364
21.0105,-44.4032,3.67687
20.6745,-44.3957,3.66578
20.381,-44.4764,3.66209
20.0577,-44.4897,3.65307
19.7516,-44.5381,3.64708
19.4285,-44.5451,3.63791
19.0923,-44.5177,3.62615
18.7606,-44.4962,3.61506
18.4323,-44.4778,3.60442
18.1425,-44.5494,3.60117
17.8199,-44.5377,3.59141
0,0,0
0,0,0
0,0,0
0,0,0
0,0,0
0,0,0
0,0,0
0,0,0
0,0,0
0,0,0
0,0,0
0,0,0
0,0,0
0,0,0
0,0,0
0,0,0
0,0,0
0,0,0
0,0,0
0,0,0
0,0,0
0,0,0
0,0,0
0,0,0
0,0,0
0,0,0
0,0,0
0,0,0
0,0,0
0,0,0
0,0,0
0,0,0
0,0,0
0,0,0
0,0,0
0,0,0
0,0,0
0,0,0
0,0,0
0,0,0
0,0,0
0,0,0
0,0,0
0,0,0
0,0,0
0,0,0
0,0,0
0,0,0
0,0,0
0,0,0
0,0,0
0,0,0
0,0,0
0,0,0
0,0,0
0,0,0
0,0,0
0,0,0
0,0,0
0,0,0
0,0,0
0,0,0
0,0,0
0,0,0
0,0,0
0,0,0
0,0,0
0,0,0
0,0,0
0,0,0
0,0,0
0,0,0
0,0,0
0,0,0
0,0,0
0,0,0
0,0,0
0,0,0
0,0,0
0,0,0
0,0,0
0,0,0
0,0,0
0,0,0
0,0,0
0,0,0
0,0,0
0,0,0
0,0,0
0,0,0
0,0,0
0,0,0
0,0,0
0,0,0
0,0,0
0,0,0
0,0,0
0,0,0
0,0,0
0,0,0
0,0,0
0,0,0
0,0,0
0,0,0
0,0,0
0,0,0
0,0,0
0,0,0
0,0,0
0,0,0
0,0,0
0,0,0
0,0,0
0,0,0
0,0,0
0,0,0
0,0,0
0,0,0
0,0,0
0,0,0
0,0,0
0,0,0
0,0,0
0,0,0
0,0,0
0,0,0
0,0,0
0,0,0
0,0,0
0,0,0
0,0,0
0,0,0
0,0,0
0,0,0
0,0,0
0,0,0
0,0,0
0,0,0
0,0,0
0,0,0
0,0,0
0,0,0
0,0,0
0,0,0
0,0,0
0,0,0
0,0,0
0,0,0
0,0,0
0,0,0
0,0,0
0,0,0
0,0,0
0,0,0
0,0,0
0,0,0
0,0,0
0,0,0
0,0,0
0,0,0
0,0,0
0,0,0
0,0,0
0,0,0
0,0,0
0,0,0
0,0,0
0,0,0
0,0,0
0,0,0
0,0,0
0,0,0
0,0,0
0,0,0
0,0,0
0,0,0
0,0,0
0,0,0
0,0,0
0,0,0
0,0,0
0,0,0
0,0,0
0,0,0
0,0,0
0,0,0
0,0,0
0,0,0
0,0,0
0,0,0
0,0,0
0,0,0
0,0,0
0,0,0
0,0,0
0,0,0
0,0,0
0,0,0
0,0,0
0,0,0
0,0,0
0,0,0
0,0,0
0,0,0
0,0,0
0,0,0
0,0,0
0,0,0
0,0,0
0,0,0
0,0,0
0,0,0
0,0,0
0,0,0
0,0,0
0,0,0
0,0,0
0,0,0
0,0,0
0,0,0
0,0,0
0,0,0
0,0,0
0,0,0
0,0,0
0,0,0
0,0,0
0,0,0
0,0,0
0,0,0
0,0,0
0,0,0
0,0,0
0,0,0
0,0,0
0,0,0
0,0,0
0,0,0
0,0,0
0,0,0
0,0,0
0,0,0
0,0,0
0,0,0
0,0,0
0,0,0
0,0,0
0,0,0
0,0,0
0,0,0
0,0,0
0,0,0
0,0,0
0,0,0
0,0,0
0,0,0
0,0,0
0,0,0
0,0,0
0,0,0
0,0,0
0,0,0
0,0,0
0,0,0
0,0,0
0,0,0
0,0,0
0,0,0
0,0,0
0,0,0
0,0,0
0,0,0
0,0,0
0,0,0
0,0,0
0,0,0
0,0,0
0,0,0
0,0,0
0,0,0
0,0,0
0,0,0
0,0,0
0,0,0
0,0,0
0,0,0
0,0,0
0,0,0
0,0,0
0,0,0
0,0,0
0,0,0
0,0,0
0,0,0
0,0,0
0,0,0
0,0,0
0,0,0
0,0,0
0,0,0
0,0,0
0,0,0
0,0,0
0,0,0
0,0,0
0,0,0
0,0,0
0,0,0
0,0,0
0,0,0
0,0,0
0,0,0
0,0,0
0,0,0
0,0,0
0,0,0
0,0,0
0,0,0
0,0,0
0,0,0
0,0,0
0,0,0
0,0,0
0,0,0
0,0,0
0,0,0
0,0,0
0,0,0
0,0,0
0,0,0
0,0,0
0,0,0
0,0,0
0,0,0
0,0,0
0,0,0
0,0,0
0,0,0
0,0,0
0,0,0
0,0,0
0,0,0
0,0,0
0,0,0
0,0,0
0,0,0
0,0,0
0,0,0
0,0,0
0,0,0
0,0,0
0,0,0
0,0,0
0,0,0
0,0,0
0,0,0
0,0,0
0,0,0
0,0,0
0,0,0
0,0,0
0,0,0
0,0,0
0,0,0
0,0,0
0,0,0
0,0,0
0,0,0
0,0,0
0,0,0
0,0,0
0,0,0
0,0,0
0,0,0
0,0,0
0,0,0
0,0,0
0,0,0
0,0,0
0,0,0
0,0,0
0,0,0
0,0,0
0,0,0
0,0,0
0,0,0
0,0,0
0,0,0
0,0,0
0,0,0
0,0,0
0,0,0
0,0,0
0,0,0
0,0,0
0,0,0
0,0,0
0,0,0
0,0,0
0,0,0
0,0,0
0,0,0
0,0,0
0,0,0
0,0,0
0,0,0
0,0,0
0,0,0
0,0,0
0,0,0
0,0,0
0,0,0
0,0,0
0,0,0
0,0,0
0,0,0
0,0,0
0,0,0
0,0,0
0,0,0
0,0,0
0,0,0
0,0,0
0,0,0
0,0,0
0,0,0
0,0,0
0,0,0
0,0,0
0,0,0
0,0,0
0,0,0
0,0,0
0,0,0
0,0,0
0,0,0
0,0,0
0,0,0
0,0,0
0,0,0
0,0,0
0,0,0
0,0,0
0,0,0
0,0,0
0,0,0
0,0,0
0,0,0
0,0,0
0,0,0
0,0,0
0,0,0
0,0,0
0,0,0
0,0,0
0,0,0
0,0,0
0,0,0
0,0,0
0,0,0
0,0,0
0,0,0
0,0,0
0,0,0
0,0,0
0,0,0
0,0,0
0,0,0
0,0,0
0,0,0
0,0,0
0,0,0
0,0,0
0,0,0
0,0,0
0,0,0
0,0,0
0,0,0
0,0,0
0,0,0
0,0,0
0,0,0
0,0,0
0,0,0
0,0,0
0,0,0
0,0,0
0,0,0
0,0,0
0,0,0
0,0,0
0,0,0
0,0,0
0,0,0
0,0,0
0,0,0
0,0,0
0,0,0
0,0,0
0,0,0
0,0,0
0,0,0
0,0,0
0,0,0
0,0,0
0,0,0
0,0,0
0,0,0
0,0,0
0,0,0
0,0,0
0,0,0
0,0,0
0,0,0
0,0,0
0,0,0
0,0,0
0,0,0
0,0,0
0,0,0
0,0,0
0,0,0
0,0,0
0,0,0
0,0,0
0,0,0
0,0,0
0,0,0
0,0,0
0,0,0
0,0,0
0,0,0
0,0,0
0,0,0
0,0,0
0,0,0
0,0,0
0,0,0
0,0,0
0,0,0
0,0,0
0,0,0
0,0,0
0,0,0
0,0,0
0,0,0
0,0,0
0,0,0
0,0,0
0,0,0
0,0,0
0,0,0
0,0,0
0,0,0
0,0,0
0,0,0
0,0,0
0,0,0
0,0,0
0,0,0
0,0,0
0,0,0
0,0,0
0,0,0
0,0,0
0,0,0
0,0,0
0,0,0
0,0,0
0,0,0
0,0,0
0,0,0
0,0,0
0,0,0
0,0,0
0,0,0
0,0,0
0,0,0
0,0,0
0,0,0
0,0,0
0,0,0
0,0,0
0,0,0
0,0,0
0,0,0
0,0,0
0,0,0
0,0,0
0,0,0
0,0,0
0,0,0
0,0,0
0,0,0
0,0,0
0,0,0
0,0,0
0,0,0
0,0,0
0,0,0
0,0,0
0,0,0
0,0,0
0,0,0
0,0,0
0,0,0
0,0,0
0,0,0
0,0,0
0,0,0
0,0,0
0,0,0
0,0,0
0,0,0
0,0,0
0,0,0
0,0,0
1.50242,3.8952,0.295663
1.52556,3.88405,0.295538
1.54455,3.86257,0.294729
1.56521,3.84563,0.29423
1.5903,3.83964,0.29448
1.61732,3.83808,0.29504
1.64005,3.82625,0.294915
0,0,0
0,0,0
30.4463,67.5528,4.65803
0,0,0
0,0,0
31.4404,66.4649,4.62241
32.1667,66.9346,4.66837
0,0,0
0,0,0
0,0,0
0,0,0
6.00477,11.5725,0.848602
6.10031,11.5823,0.851902
6.20326,11.6045,0.856136
6.29434,11.6031,0.858752
6.38467,11.5992,0.861242
6.47519,11.5946,0.863733
6.57032,11.5972,0.866784
6.65577,11.5818,0.86859
6.73576,11.5563,0.869711
6.80451,11.5113,0.869462
6.89708,11.5061,0.872139
6.99658,11.5114,0.875626
7.05975,11.4563,0.874754
7.14842,11.4424,0.876934
6.10187,9.63524,0.746732
6.19538,9.65137,0.750717
6.28007,9.65249,0.753643
6.3716,9.66294,0.757317
6.45572,9.661,0.760119
6.54398,9.66418,0.763357
6.64607,9.68639,0.768089
6.73273,9.68476,0.771078
6.84375,9.7167,0.776682
6.95368,9.74521,0.7821
7.02387,9.71692,0.783221
7.09987,9.69619,0.784964
7.18539,9.68771,0.787704
7.27767,9.68733,0.791129
7.37324,9.69014,0.794865
7.4679,9.69057,0.798476
7.56099,9.68784,0.801901
7.64752,9.67571,0.804641
7.6712,9.58419,0.801091
7.70472,9.50593,0.798601
7.78823,9.48934,0.801091
7.8865,9.48973,0.805014
8.00434,9.51217,0.810805
8.10917,9.51758,0.815289
8.20914,9.51601,0.819274
8.33303,9.54063,0.825501
8.43637,9.54016,0.829735
8.57597,9.57893,0.837331
8.68151,9.57789,0.84169
8.81839,9.60974,0.848913
8.90708,9.58762,0.851653
9.02865,9.59967,0.857382
0,0,0
0,0,0
10.3449,10.6012,0.959314
0,0,0
10.5321,10.5313,0.96442
0,0,0
0,0,0
10.349,9.97411,0.931916
10.3833,9.88496,0.929613
10.4176,9.79645,0.927371
10.925,10.148,0.965479
11.0297,10.1199,0.96909
3.60362,3.26623,0.338627
3.63475,3.25404,0.339561
3.71446,3.28456,0.344543
3.72853,3.25646,0.344045
3.73711,3.22374,0.343111
3.74998,3.19492,0.34255
3.77104,3.17314,0.342675
3.79044,3.14994,0.342675
3.81047,3.12726,0.342737
3.84354,3.11513,0.343858
3.87038,3.09772,0.344481
3.92377,3.10114,0.34722
4.02298,3.13963,0.353572
0,0,0
4.20975,3.20303,0.365216
4.16628,3.12979,0.360297
4.18219,3.10179,0.360048
0,0,0
0,0,0
0,0,0
0,0,0
0,0,0
0,0,0
0,0,0
0,0,0
0,0,0
0,0,0
0,0,0
0,0,0
0,0,0
0,0,0
0,0,0
0,0,0
0,0,0
0,0,0
0,0,0
0,0,0
0,0,0
0,0,0
0,0,0
0,0,0
0,0,0
0,0,0
0,0,0
0,0,0
0,0,0
23.7424,11.5864,1.68343
0,0,0
0,0,0
0,0,0
0,0,0
0,0,0
0,0,0
0,0,0
0,0,0
0,0,0
0,0,0
0,0,0
0,0,0
0,0,0
0,0,0
0,0,0
0,0,0
0,0,0
0,0,0
0,0,0
0,0,0
0,0,0
0,0,0
0,0,0
0,0,0
0,0,0
0,0,0
0,0,0
0,0,0
0,0,0
0,0,0
0,0,0
0,0,0
0,0,0
0,0,0
0,0,0
0,0,0
0,0,0
0,0,0
0,0,0
0,0,0
0,0,0
0,0,0
0,0,0
0,0,0
0,0,0
0,0,0
0,0,0
0,0,0
0,0,0
0,0,0
0,0,0
0,0,0
0,0,0
0,0,0
0,0,0
0,0,0
0,0,0
0,0,0
0,0,0
0,0,0
0,0,0
0,0,0
0,0,0
0,0,0
0,0,0
0,0,0
0,0,0
0,0,0
0,0,0
0,0,0
0,0,0
0,0,0
0,0,0
0,0,0
0,0,0
0,0,0
0,0,0
0,0,0
0,0,0
0,0,0
0,0,0
0,0,0
0,0,0
0,0,0
0,0,0
0,0,0
0,0,0
0,0,0
0,0,0
0,0,0
0,0,0
0,0,0
0,0,0
0,0,0
0,0,0
0,0,0
0,0,0
0,0,0
0,0,0
0,0,0
0,0,0
0,0,0
0,0,0
0,0,0
0,0,0
0,0,0
0,0,0
0,0,0
0,0,0
0,0,0
0,0,0
0,0,0
0,0,0
0,0,0
0,0,0
0,0,0
0,0,0
0,0,0
0,0,0
0,0,0
0,0,0
0,0,0
0,0,0
0,0,0
0,0,0
0,0,0
0,0,0
0,0,0
0,0,0
0,0,0
0,0,0
0,0,0
0,0,0
0,0,0
0,0,0
0,0,0
0,0,0
0,0,0
0,0,0
0,0,0
0,0,0
0,0,0
0,0,0
0,0,0
0,0,0
0,0,0
0,0,0
0,0,0
0,0,0
0,0,0
76.3592,-39.0309,5.38544
0,0,0
75.9778,-40.0195,5.39273
75.9033,-40.5771,5.40493
0,0,0
0,0,0
0,0,0
0,0,0
0,0,0
0,0,0
66.661,-39.4065,4.86644
66.0353,-39.5854,4.83861
0,0,0
0,0,0
0,0,0
0,0,0
0,0,0
0,0,0
58.2081,-38.3839,4.38523
57.5233,-38.4408,4.35161
57.3459,-38.8334,4.35609
0,0,0
0,0,0
57.461,-40.4738,4.42017
0,0,0
57.1347,-41.3021,4.43362
0,0,0
0,0,0
50.4321,-37.8895,3.97065
50.1613,-38.1698,3.96773
49.9096,-38.4641,3.96642
49.3783,-38.5399,3.94313
0,0,0
48.9087,-39.1486,3.94369
48.5265,-39.3336,3.93236
48.4778,-39.7895,3.94799
48.5421,-40.3433,3.97308
0,0,0
47.9515,-40.8577,3.96555
47.6447,-41.1035,3.961
0,0,0
0,0,0
0,0,0
0,0,0
0,0,0
0,0,0
41.2768,-38.8233,3.57052
41.0219,-39.0607,3.56915
40.4523,-38.9944,3.54063
40.203,-39.2328,3.53982
40.007,-39.5236,3.54381
40.5851,-40.5899,3.61629
40.3304,-40.8332,3.61585
40.1091,-41.1106,3.61853
39.8983,-41.3998,3.62233
39.6711,-41.6727,3.62482
39.4775,-41.9822,3.63055
41.5917,-44.778,3.84805
40.769,-44.436,3.79755
40.4547,-44.6402,3.79375
40.1607,-44.866,3.79195
39.7802,-44.9934,3.78211
39.3045,-45.0089,3.76324
32.6642,-37.8713,3.15538
32.7166,-38.406,3.18284
32.0023,-38.0378,3.13651
31.8403,-38.3202,3.14355
31.3881,-38.251,3.12225
31.1673,-38.4607,3.12369
31.0822,-38.8406,3.13882
0,0,0
31.1331,-39.8981,3.19255
31.4439,-40.8102,3.2494
31.0829,-40.8578,3.23807
30.8412,-41.0606,3.23907
30.6285,-41.3027,3.24324
30.2035,-41.2564,3.22518
30.2123,-41.8041,3.25314
31.8506,-44.6456,3.45676
31.4813,-44.7055,3.44648
30.9073,-44.4676,3.41379
30.5853,-44.5856,3.40844
30.2233,-44.6427,3.39866
29.8845,-44.731,3.39144
29.5018,-44.7502,3.37923
29.1271,-44.7773,3.36784
28.7214,-44.7519,3.35277
28.3074,-44.708,3.33658
27.8993,-44.6676,3.32089
27.5383,-44.6977,3.31061
0,0,0
0,0,0
26.4261,-44.715,3.27568
23.2025,-39.8162,2.91029
25.5706,-44.5054,3.23751
22.904,-40.4366,2.93458
22.5893,-40.4578,2.92611
24.5146,-44.5462,3.20744
24.148,-44.5247,3.19529
23.8443,-44.6157,3.19131
23.4901,-44.6093,3.1806
23.1231,-44.5736,3.16802
22.7706,-44.5609,3.15725
22.4164,-44.5402,3.1461
22.0851,-44.5607,3.13801
21.7456,-44.5608,3.12867
21.4216,-44.589,3.12144
21.0188,-44.4471,3.10264
20.6939,-44.464,3.09498
20.3708,-44.4812,3.08751
20.0721,-44.549,3.08365
19.7405,-44.5408,3.07474
19.4278,-44.5714,3.06864
19.0914,-44.5439,3.05874
18.7677,-44.5416,3.05071
18.4498,-44.5489,3.04348
18.1268,-44.5402,3.03533
17.8128,-44.5496,3.02854
17.4902,-44.5336,3.0202
17.1782,-44.5404,3.01353
16.8728,-44.561,3.00793
16.5719,-44.5907,3.00307
16.2737,-44.6249,2.99865
0,0,0
0,0,0
0,0,0
0,0,0
0,0,0
0,0,0
0,0,0
0,0,0
0,0,0
0,0,0
0,0,0
0,0,0
0,0,0
0,0,0
0,0,0
0,0,0
0,0,0
0,0,0
0,0,0
0,0,0
0,0,0
0,0,0
0,0,0
0,0,0
0,0,0
0,0,0
0,0,0
0,0,0
0,0,0
0,0,0
0,0,0
0,0,0
0,0,0
0,0,0
0,0,0
0,0,0
0,0,0
0,0,0
0,0,0
0,0,0
0,0,0
0,0,0
0,0,0
0,0,0
0,0,0
0,0,0
0,0,0
0,0,0
0,0,0
0,0,0
0,0,0
0,0,0
0,0,0
0,0,0
0,0,0
0,0,0
0,0,0
0,0,0
0,0,0
0,0,0
0,0,0
0,0,0
0,0,0
0,0,0
0,0,0
0,0,0
0,0,0
0,0,0
0,0,0
0,0,0
0,0,0
0,0,0
0,0,0
0,0,0
0,0,0
0,0,0
0,0,0
0,0,0
0,0,0
0,0,0
0,0,0
0,0,0
0,0,0
0,0,0
0,0,0
0,0,0
0,0,0
0,0,0
0,0,0
0,0,0
0,0,0
0,0,0
0,0,0
0,0,0
0,0,0
0,0,0
0,0,0
0,0,0
0,0,0
0,0,0
0,0,0
0,0,0
0,0,0
0,0,0
0,0,0
0,0,0
0,0,0
0,0,0
0,0,0
0,0,0
0,0,0
0,0,0
0,0,0
0,0,0
0,0,0
0,0,0
0,0,0
0,0,0
0,0,0
0,0,0
0,0,0
0,0,0
0,0,0
0,0,0
0,0,0
0,0,0
0,0,0
0,0,0
0,0,0
0,0,0
0,0,0
0,0,0
0,0,0
0,0,0
0,0,0
0,0,0
0,0,0
0,0,0
0,0,0
0,0,0
0,0,0
0,0,0
0,0,0
0,0,0
0,0,0
0,0,0
0,0,0
0,0,0
0,0,0
0,0,0
0,0,0
0,0,0
0,0,0
0,0,0
0,0,0
0,0,0
0,0,0
0,0,0
0,0,0
0,0,0
0,0,0
0,0,0
0,0,0
0,0,0
0,0,0
0,0,0
0,0,0
0,0,0
0,0,0
0,0,0
0,0,0
0,0,0
0,0,0
0,0,0
0,0,0
0,0,0
0,0,0
0,0,0
0,0,0
0,0,0
0,0,0
0,0,0
0,0,0
0,0,0
0,0,0
0,0,0
0,0,0
0,0,0
0,0,0
0,0,0
0,0,0
0,0,0
0,0,0
0,0,0
0,0,0
0,0,0
0,0,0
0,0,0
0,0,0
0,0,0
0,0,0
0,0,0
0,0,0
0,0,0
0,0,0
0,0,0
0,0,0
0,0,0
0,0,0
0,0,0
0,0,0
0,0,0
0,0,0
0,0,0
0,0,0
0,0,0
0,0,0
0,0,0
0,0,0
0,0,0
0,0,0
0,0,0
0,0,0
0,0,0
0,0,0
0,0,0
0,0,0
0,0,0
0,0,0
0,0,0
0,0,0
0,0,0
0,0,0
0,0,0
0,0,0
0,0,0
0,0,0
0,0,0
0,0,0
0,0,0
0,0,0
0,0,0
0,0,0
0,0,0
0,0,0
0,0,0
0,0,0
0,0,0
0,0,0
0,0,0
0,0,0
0,0,0
0,0,0
0,0,0
0,0,0
0,0,0
0,0,0
0,0,0
0,0,0
0,0,0
0,0,0
0,0,0
0,0,0
0,0,0
0,0,0
0,0,0
0,0,0
0,0,0
0,0,0
0,0,0
0,0,0
0,0,0
0,0,0
0,0,0
0,0,0
0,0,0
0,0,0
0,0,0
0,0,0
0,0,0
0,0,0
0,0,0
0,0,0
0,0,0
0,0,0
0,0,0
0,0,0
0,0,0
0,0,0
0,0,0
0,0,0
0,0,0
0,0,0
0,0,0
0,0,0
0,0,0
0,0,0
0,0,0
0,0,0
0,0,0
0,0,0
0,0,0
0,0,0
0,0,0
0,0,0
0,0,0
0,0,0
0,0,0
0,0,0
0,0,0
0,0,0
0,0,0
0,0,0
0,0,0
0,0,0
0,0,0
0,0,0
0,0,0
0,0,0
0,0,0
0,0,0
0,0,0
0,0,0
0,0,0
0,0,0
0,0,0
0,0,0
0,0,0
0,0,0
0,0,0
0,0,0
0,0,0
0,0,0
0,0,0
0,0,0
0,0,0
0,0,0
0,0,0
0,0,0
0,0,0
0,0,0
0,0,0
0,0,0
0,0,0
0,0,0
0,0,0
0,0,0
0,0,0
0,0,0
0,0,0
0,0,0
0,0,0
0,0,0
0,0,0
0,0,0
0,0,0
0,0,0
0,0,0
0,0,0
0,0,0
0,0,0
0,0,0
0,0,0
0,0,0
0,0,0
0,0,0
0,0,0
0,0,0
0,0,0
0,0,0
0,0,0
0,0,0
0,0,0
0,0,0
0,0,0
0,0,0
0,0,0
0,0,0
0,0,0
0,0,0
0,0,0
0,0,0
0,0,0
0,0,0
0,0,0
0,0,0
0,0,0
0,0,0
0,0,0
0,0,0
0,0,0
0,0,0
0,0,0
0,0,0
0,0,0
0,0,0
0,0,0
0,0,0
0,0,0
0,0,0
0,0,0
0,0,0
0,0,0
0,0,0
0,0,0
0,0,0
0,0,0
0,0,0
0,0,0
0,0,0
0,0,0
0,0,0
0,0,0
0,0,0
0,0,0
0,0,0
0,0,0
0,0,0
0,0,0
0,0,0
0,0,0
0,0,0
0,0,0
0,0,0
0,0,0
0,0,0
0,0,0
0,0,0
0,0,0
0,0,0
0,0,0
0,0,0
0,0,0
0,0,0
0,0,0
0,0,0
0,0,0
0,0,0
0,0,0
0,0,0
0,0,0
0,0,0
0,0,0
0,0,0
0,0,0
0,0,0
0,0,0
0,0,0
0,0,0
0,0,0
0,0,0
0,0,0
0,0,0
0,0,0
0,0,0
0,0,0
0,0,0
0,0,0
0,0,0
0,0,0
0,0,0
0,0,0
0,0,0
0,0,0
0,0,0
0,0,0
0,0,0
0,0,0
0,0,0
0,0,0
0,0,0
0,0,0
0,0,0
0,0,0
0,0,0
0,0,0
0,0,0
0,0,0
0,0,0
0,0,0
0,0,0
0,0,0
0,0,0
0,0,0
0,0,0
0,0,0
0,0,0
0,0,0
0,0,0
0,0,0
0,0,0
0,0,0
0,0,0
0,0,0
0,0,0
0,0,0
0,0,0
0,0,0
0,0,0
0,0,0
0,0,0
0,0,0
0,0,0
0,0,0
0,0,0
0,0,0
0,0,0
0,0,0
0,0,0
0,0,0
0,0,0
0,0,0
0,0,0
0,0,0
0,0,0
0,0,0
0,0,0
0,0,0
0,0,0
0,0,0
0,0,0
0,0,0
0,0,0
0,0,0
0,0,0
0,0,0
0,0,0
0,0,0
0,0,0
0,0,0
0,0,0
0,0,0
0,0,0
0,0,0
0,0,0
0,0,0
0,0,0
0,0,0
0,0,0
0,0,0
0,0,0
0,0,0
0,0,0
0,0,0
0,0,0
0,0,0
0,0,0
0,0,0
0,0,0
0,0,0
0,0,0
0,0,0
0,0,0
0,0,0
0,0,0
0,0,0
0,0,0
0,0,0
0,0,0
0,0,0
0,0,0
0,0,0
0,0,0
0,0,0
0,0,0
0,0,0
0,0,0
0,0,0
0,0,0
0,0,0
0,0,0
0,0,0
0,0,0
0,0,0
0,0,0
0,0,0
0,0,0
0,0,0
0,0,0
0,0,0
0,0,0
0,0,0
0,0,0
0,0,0
0,0,0
0,0,0
0,0,0
0,0,0
0,0,0
0,0,0
0,0,0
0,0,0
0,0,0
0,0,0
0,0,0
0,0,0
0,0,0
0,0,0
0,0,0
0,0,0
0,0,0
0,0,0
0,0,0
0,0,0
0,0,0
0,0,0
0,0,0
0,0,0
0,0,0
0,0,0
0,0,0
0,0,0
0,0,0
0,0,0
0,0,0
0,0,0
0,0,0
0,0,0
0,0,0
0,0,0
0,0,0
0,0,0
0,0,0
0,0,0
0,0,0
0,0,0
0,0,0
0,0,0
0,0,0
0,0,0
0,0,0
0,0,0
0,0,0
0,0,0
0,0,0
0,0,0
0,0,0
0,0,0
0,0,0
0,0,0
0,0,0
0,0,0
0,0,0
0,0,0
1.49133,3.86515,0.240918
1.51246,3.84942,0.240571
1.5368,3.84192,0.24067
1.56222,3.83705,0.240918
1.5865,3.82923,0.241017
1.61191,3.82403,0.241265
1.64281,3.83151,0.242206
1.67028,3.83051,0.242702
0,0,0
0,0,0
0,0,0
31.0979,66.8401,3.69251
0,0,0
0,0,0
0,0,0
0,0,0
0,0,0
0,0,0
6.00186,11.571,0.682036
6.10252,11.5905,0.685206
6.20035,11.603,0.688031
6.29333,11.6052,0.69031
6.3803,11.5952,0.691945
6.47518,11.5986,0.694373
6.56296,11.5882,0.696057
6.64986,11.5754,0.697643
6.73383,11.5568,0.698931
6.80461,11.5153,0.698931
6.91313,11.5367,0.702597
6.99364,11.5103,0.703539
7.04894,11.4425,0.702102
7.14388,11.4389,0.704431
6.10018,9.63524,0.601125
6.18184,9.63294,0.603206
6.27295,9.64423,0.606129
6.36004,9.64809,0.608656
6.45241,9.65871,0.611629
6.54178,9.66361,0.614305
6.63936,9.6793,0.617674
6.73396,9.68923,0.620746
6.84043,9.7147,0.624809
6.94225,9.7319,0.628426
7.00827,9.69803,0.628971
7.093,9.6895,0.631101
7.17909,9.6819,0.633331
7.27315,9.68399,0.636204
7.36871,9.68688,0.639177
7.46092,9.68421,0.641853
7.55276,9.67999,0.644479
7.64297,9.67265,0.646956
7.67659,9.59359,0.644925
7.69319,9.49431,0.641605
7.78107,9.48322,0.643934
7.89974,9.50829,0.648641
7.98172,9.48792,0.650474
8.10066,9.51024,0.655131
8.18886,9.49515,0.657411
8.32317,9.53201,0.663158
8.42515,9.53015,0.666428
8.55607,9.5594,0.671829
8.64876,9.54447,0.674356
8.78683,9.57807,0.680202
8.91951,9.60375,0.685603
8.99742,9.56922,0.68699
0,0,0
0,0,0
0,0,0
10.3538,10.4841,0.766365
10.3438,10.3462,0.761162
0,0,0
0,0,0
10.357,9.98487,0.749073
10.3161,9.824,0.742087
10.398,9.78105,0.743573
10.4791,9.73678,0.74501
0,0,0
0,0,0
3.69924,3.31143,0.281695
3.71575,3.28536,0.281448
3.72681,3.25461,0.280853
3.72554,3.21341,0.279466
3.74063,3.1866,0.279168
3.76164,3.16488,0.279267
3.78406,3.14429,0.279466
3.81332,3.12925,0.28011
3.84563,3.11649,0.280952
3.8678,3.09533,0.28115
3.94548,3.118,0.284866
3.99052,3.11401,0.286501
0,0,0
4.13334,3.14466,0.293042
4.14138,3.11084,0.292348
4.15718,3.08299,0.29215
0,0,0
0,0,0
0,0,0
0,0,0
0,0,0
0,0,0
0,0,0
0,0,0
0,0,0
0,0,0
0,0,0
0,0,0
0,0,0
0,0,0
0,0,0
0,0,0
0,0,0
0,0,0
0,0,0
0,0,0
0,0,0
0,0,0
0,0,0
0,0,0
0,0,0
0,0,0
23.7181,12.1262,1.35687
0,0,0
23.7524,11.7784,1.35062
0,0,0
0,0,0
0,0,0
0,0,0
0,0,0
0,0,0
0,0,0
0,0,0
0,0,0
0,0,0
0,0,0
0,0,0
0,0,0
0,0,0
0,0,0
0,0,0
0,0,0
0,0,0
0,0,0
0,0,0
0,0,0
0,0,0
0,0,0
0,0,0
0,0,0
0,0,0
0,0,0
0,0,0
0,0,0
0,0,0
0,0,0
0,0,0
0,0,0
0,0,0
0,0,0
0,0,0
0,0,0
0,0,0
0,0,0
0,0,0
0,0,0
0,0,0
0,0,0
0,0,0
0,0,0
0,0,0
0,0,0
0,0,0
0,0,0
0,0,0
0,0,0
0,0,0
0,0,0
0,0,0
0,0,0
0,0,0
0,0,0
0,0,0
0,0,0
0,0,0
0,0,0
0,0,0
0,0,0
0,0,0
0,0,0
0,0,0
0,0,0
0,0,0
0,0,0
0,0,0
0,0,0
0,0,0
0,0,0
0,0,0
0,0,0
0,0,0
0,0,0
0,0,0
0,0,0
0,0,0
0,0,0
0,0,0
0,0,0
0,0,0
0,0,0
0,0,0
0,0,0
0,0,0
0,0,0
0,0,0
0,0,0
0,0,0
0,0,0
0,0,0
0,0,0
0,0,0
0,0,0
0,0,0
0,0,0
0,0,0
0,0,0
0,0,0
0,0,0
0,0,0
0,0,0
0,0,0
0,0,0
0,0,0
0,0,0
0,0,0
0,0,0
0,0,0
0,0,0
0,0,0
0,0,0
0,0,0
0,0,0
0,0,0
0,0,0
0,0,0
0,0,0
0,0,0
0,0,0
0,0,0
0,0,0
0,0,0
0,0,0
0,0,0
0,0,0
0,0,0
0,0,0
0,0,0
0,0,0
0,0,0
0,0,0
0,0,0
0,0,0
0,0,0
0,0,0
0,0,0
0,0,0
0,0,0
0,0,0
0,0,0
85.7045,-39.2365,4.7114
0,0,0
0,0,0
0,0,0
0,0,0
0,0,0
0,0,0
0,0,0
0,0,0
75.2949,-39.6363,4.25656
0,0,0
0,0,0
0,0,0
0,0,0
0,0,0
67.6315,-38.8465,3.90453
67.3893,-39.2593,3.90438
66.602,-39.3499,3.87296
66.3353,-39.7435,3.87158
66.5127,-40.4064,3.8961
0,0,0
0,0,0
0,0,0
0,0,0
58.7009,-38.1741,3.50904
0,0,0
0,0,0
57.3804,-38.8367,3.47262
0,0,0
0,0,0
0,0,0
0,0,0
0,0,0
0,0,0
0,0,0
0,0,0
0,0,0
50.4243,-38.8417,3.19293
0,0,0
49.3921,-39.0217,3.15805
49.0535,-39.2454,3.15181
48.6565,-39.4199,3.1419
49.3867,-40.5159,3.20433
49.0757,-40.7671,3.20036
0,0,0
0,0,0
51.947,-44.7935,3.43814
51.4718,-44.9374,3.42501
50.6301,-44.7529,3.3876
50.1774,-44.9042,3.37581
49.6152,-44.9524,3.35668
48.9491,-44.8989,3.33047
0,0,0
0,0,0
41.7353,-39.7213,2.89362
40.8794,-39.3876,2.8515
40.6434,-39.644,2.85195
40.4136,-39.9066,2.85294
40.1793,-40.1652,2.85373
39.9328,-40.4117,2.85378
40.1362,-41.1191,2.88589
39.6987,-41.1733,2.87271
40.2774,-42.2898,2.93256
39.9248,-42.4379,2.92587
0,0,0
39.528,-43.063,2.93519
40.5216,-44.6928,3.02814
40.1007,-44.7776,3.01729
39.6511,-44.8261,3.00426
33.6489,-38.5145,2.5725
33.3135,-38.606,2.56502
32.8939,-38.5961,2.5511
32.6462,-38.785,2.55031
0,0,0
32.06,-39.0515,2.54188
31.6625,-39.0535,2.5295
31.6552,-39.5378,2.54798
31.4789,-39.8159,2.55333
31.6532,-40.5452,2.58712
0,0,0
31.149,-40.9251,2.58677
33.4924,-44.5687,2.80106
33.1309,-44.6554,2.79378
32.7329,-44.6895,2.78343
32.3287,-44.7106,2.77248
31.9168,-44.7163,2.76078
31.5107,-44.7251,2.74949
30.9397,-44.4921,2.72377
30.5763,-44.5501,2.71589
30.2704,-44.6898,2.71307
29.8724,-44.6903,2.70207
29.4635,-44.6693,2.68998
29.0521,-44.6392,2.67754
28.7172,-44.7225,2.67199
28.3129,-44.6937,2.66
27.9015,-44.648,2.64722
27.5269,-44.656,2.63776
27.159,-44.6704,2.62884
26.7945,-44.6863,2.62017
23.3827,-39.5446,2.31441
23.1527,-39.7098,2.3157
23.0713,-40.1343,2.3319
22.8463,-40.3133,2.33408
24.8953,-44.5639,2.5677
24.5477,-44.5819,2.56012
24.2127,-44.6193,2.55377
23.8589,-44.6182,2.5454
23.4976,-44.5985,2.53614
23.1572,-44.6142,2.529
22.8226,-44.6372,2.52241
22.4607,-44.6025,2.51275
22.1315,-44.6285,2.50661
21.7832,-44.6118,2.49823
21.397,-44.5114,2.4854
21.003,-44.3873,2.47143
20.6995,-44.4492,2.46781
20.4043,-44.5273,2.46518
20.0765,-44.5315,2.45864
19.7689,-44.5771,2.45448
19.4451,-44.5831,2.44829
19.1223,-44.5878,2.44215
18.7836,-44.5506,2.43387
18.4831,-44.6004,2.4304
0,0,0
17.8491,-44.6106,2.41901
17.5227,-44.5864,2.41192
0,0,0
16.8947,-44.5879,2.40077
16.5852,-44.5952,2.39572
0,0,0
0,0,0
0,0,0
0,0,0
0,0,0
0,0,0
0,0,0
0,0,0
0,0,0
0,0,0
0,0,0
0,0,0
0,0,0
0,0,0
0,0,0
0,0,0
0,0,0
0,0,0
0,0,0
0,0,0
0,0,0
0,0,0
0,0,0
0,0,0
0,0,0
0,0,0
0,0,0
0,0,0
0,0,0
0,0,0
0,0,0
0,0,0
0,0,0
0,0,0
0,0,0
0,0,0
0,0,0
0,0,0
0,0,0
0,0,0
0,0,0
0,0,0
0,0,0
0,0,0
0,0,0
0,0,0
0,0,0
0,0,0
0,0,0
0,0,0
0,0,0
0,0,0
0,0,0
0,0,0
0,0,0
0,0,0
0,0,0
0,0,0
0,0,0
0,0,0
0,0,0
0,0,0
0,0,0
0,0,0
0,0,0
0,0,0
0,0,0
0,0,0
0,0,0
0,0,0
0,0,0
0,0,0
0,0,0
0,0,0
0,0,0
0,0,0
0,0,0
0,0,0
0,0,0
0,0,0
0,0,0
0,0,0
0,0,0
0,0,0
0,0,0
0,0,0
0,0,0
0,0,0
0,0,0
0,0,0
0,0,0
0,0,0
0,0,0
0,0,0
0,0,0
0,0,0
0,0,0
0,0,0
0,0,0
0,0,0
0,0,0
0,0,0
0,0,0
0,0,0
0,0,0
0,0,0
0,0,0
0,0,0
0,0,0
0,0,0
0,0,0
0,0,0
0,0,0
0,0,0
0,0,0
0,0,0
0,0,0
0,0,0
0,0,0
0,0,0
0,0,0
0,0,0
0,0,0
0,0,0
0,0,0
0,0,0
0,0,0
0,0,0
0,0,0
0,0,0
0,0,0
0,0,0
0,0,0
0,0,0
0,0,0
0,0,0
0,0,0
0,0,0
0,0,0
0,0,0
0,0,0
0,0,0
0,0,0
0,0,0
0,0,0
0,0,0
0,0,0
0,0,0
0,0,0
0,0,0
0,0,0
0,0,0
0,0,0
0,0,0
0,0,0
0,0,0
0,0,0
0,0,0
0,0,0
0,0,0
0,0,0
0,0,0
0,0,0
0,0,0
0,0,0
0,0,0
0,0,0
0,0,0
0,0,0
0,0,0
0,0,0
0,0,0
0,0,0
0,0,0
0,0,0
0,0,0
0,0,0
0,0,0
0,0,0
0,0,0
0,0,0
0,0,0
0,0,0
0,0,0
0,0,0
0,0,0
0,0,0
0,0,0
0,0,0
0,0,0
0,0,0
0,0,0
0,0,0
0,0,0
0,0,0
0,0,0
0,0,0
0,0,0
0,0,0
0,0,0
0,0,0
0,0,0
0,0,0
0,0,0
0,0,0
0,0,0
0,0,0
0,0,0
0,0,0
0,0,0
0,0,0
0,0,0
0,0,0
0,0,0
0,0,0
0,0,0
0,0,0
0,0,0
0,0,0
0,0,0
0,0,0
0,0,0
0,0,0
0,0,0
0,0,0
0,0,0
0,0,0
0,0,0
0,0,0
0,0,0
0,0,0
0,0,0
0,0,0
0,0,0
0,0,0
0,0,0
0,0,0
0,0,0
0,0,0
0,0,0
0,0,0
0,0,0
0,0,0
0,0,0
0,0,0
0,0,0
0,0,0
0,0,0
0,0,0
0,0,0
0,0,0
0,0,0
0,0,0
0,0,0
0,0,0
0,0,0
0,0,0
0,0,0
0,0,0
0,0,0
0,0,0
0,0,0
0,0,0
0,0,0
0,0,0
0,0,0
0,0,0
0,0,0
0,0,0
0,0,0
0,0,0
0,0,0
0,0,0
0,0,0
0,0,0
0,0,0
0,0,0
0,0,0
0,0,0
0,0,0
0,0,0
0,0,0
0,0,0
0,0,0
0,0,0
0,0,0
0,0,0
0,0,0
0,0,0
0,0,0
0,0,0
0,0,0
0,0,0
0,0,0
0,0,0
0,0,0
0,0,0
0,0,0
0,0,0
0,0,0
0,0,0
0,0,0
0,0,0
0,0,0
0,0,0
0,0,0
0,0,0
0,0,0
0,0,0
0,0,0
0,0,0
0,0,0
0,0,0
0,0,0
0,0,0
0,0,0
0,0,0
0,0,0
0,0,0
0,0,0
0,0,0
0,0,0
0,0,0
0,0,0
0,0,0
0,0,0
0,0,0
0,0,0
0,0,0
0,0,0
0,0,0
0,0,0
0,0,0
0,0,0
0,0,0
0,0,0
0,0,0
0,0,0
0,0,0
0,0,0
0,0,0
0,0,0
0,0,0
0,0,0
0,0,0
0,0,0
0,0,0
0,0,0
0,0,0
0,0,0
0,0,0
0,0,0
0,0,0
0,0,0
0,0,0
0,0,0
0,0,0
0,0,0
0,0,0
0,0,0
0,0,0
0,0,0
0,0,0
0,0,0
0,0,0
0,0,0
0,0,0
0,0,0
0,0,0
0,0,0
0,0,0
0,0,0
0,0,0
0,0,0
0,0,0
0,0,0
0,0,0
0,0,0
0,0,0
0,0,0
0,0,0
0,0,0
0,0,0
0,0,0
0,0,0
0,0,0
0,0,0
0,0,0
0,0,0
0,0,0
0,0,0
0,0,0
0,0,0
0,0,0
0,0,0
0,0,0
0,0,0
0,0,0
0,0,0
0,0,0
0,0,0
0,0,0
0,0,0
0,0,0
0,0,0
0,0,0
0,0,0
0,0,0
0,0,0
0,0,0
0,0,0
0,0,0
0,0,0
0,0,0
0,0,0
0,0,0
0,0,0
0,0,0
0,0,0
0,0,0
0,0,0
0,0,0
0,0,0
0,0,0
0,0,0
0,0,0
0,0,0
0,0,0
0,0,0
0,0,0
0,0,0
0,0,0
0,0,0
0,0,0
0,0,0
0,0,0
0,0,0
0,0,0
0,0,0
0,0,0
0,0,0
0,0,0
0,0,0
0,0,0
0,0,0
0,0,0
0,0,0
0,0,0
0,0,0
0,0,0
0,0,0
0,0,0
0,0,0
0,0,0
0,0,0
0,0,0
0,0,0
0,0,0
0,0,0
0,0,0
0,0,0
0,0,0
0,0,0
0,0,0
0,0,0
0,0,0
0,0,0
0,0,0
0,0,0
0,0,0
0,0,0
0,0,0
0,0,0
0,0,0
0,0,0
0,0,0
0,0,0
0,0,0
0,0,0
0,0,0
0,0,0
0,0,0
0,0,0
0,0,0
0,0,0
0,0,0
0,0,0
0,0,0
0,0,0
0,0,0
0,0,0
0,0,0
0,0,0
0,0,0
0,0,0
0,0,0
0,0,0
0,0,0
0,0,0
0,0,0
0,0,0
0,0,0
0,0,0
0,0,0
0,0,0
0,0,0
0,0,0
0,0,0
0,0,0
0,0,0
0,0,0
0,0,0
0,0,0
0,0,0
0,0,0
0,0,0
0,0,0
0,0,0
0,0,0
0,0,0
0,0,0
0,0,0
0,0,0
0,0,0
0,0,0
0,0,0
0,0,0
0,0,0
0,0,0
0,0,0
0,0,0
0,0,0
0,0,0
0,0,0
0,0,0
0,0,0
0,0,0
0,0,0
0,0,0
0,0,0
0,0,0
0,0,0
0,0,0
0,0,0
0,0,0
0,0,0
0,0,0
0,0,0
0,0,0
0,0,0
0,0,0
0,0,0
0,0,0
0,0,0
0,0,0
0,0,0
0,0,0
0,0,0
0,0,0
0,0,0
0,0,0
0,0,0
0,0,0
0,0,0
0,0,0
0,0,0
0,0,0
0,0,0
0,0,0
0,0,0
0,0,0
0,0,0
0,0,0
0,0,0
0,0,0
0,0,0
0,0,0
0,0,0
0,0,0
0,0,0
0,0,0
0,0,0
0,0,0
0,0,0
0,0,0
0,0,0
0,0,0
0,0,0
0,0,0
0,0,0
0,0,0
0,0,0
0,0,0
0,0,0
0,0,0
0,0,0
0,0,0
0,0,0
0,0,0
0,0,0
0,0,0
0,0,0
0,0,0
0,0,0
0,0,0
0,0,0
0,0,0
0,0,0
0,0,0
0,0,0
0,0,0
0,0,0
0,0,0
1.49383,3.87295,0.192149
1.52049,3.87115,0.192451
1.54199,3.85618,0.192225
1.56449,3.84387,0.192112
1.58958,3.83789,0.192262
1.61155,3.82438,0.192112
1.64089,3.8282,0.192677
1.67233,3.83638,0.193431
1.6764,3.78219,0.191622
0,0,0
0,0,0
0,0,0
0,0,0
0,0,0
0,0,0
0,0,0
0,0,0
0,0,0
6.00295,11.569,0.527177
6.11481,11.6098,0.530494
6.20854,11.6144,0.532303
6.29542,11.605,0.533547
6.38964,11.6082,0.535356
6.48072,11.6046,0.536901
6.57249,11.6011,0.538484
6.65899,11.5874,0.539653
6.73147,11.5489,0.539766
6.80424,11.5108,0.539917
6.91328,11.5331,0.542743
6.99533,11.5093,0.543573
7.05324,11.4457,0.542668
6.02942,9.65135,0.4648
6.09174,9.61924,0.465026
6.17656,9.62204,0.466835
6.27581,9.64594,0.469624
6.35688,9.64062,0.471132
6.45201,9.65544,0.473582
6.53971,9.65787,0.475504
6.64577,9.68595,0.478632
6.73873,9.6934,0.480856
6.82685,9.69272,0.482741
6.92915,9.71084,0.48553
7.02198,9.7143,0.487678
7.0968,9.69199,0.488658
7.17697,9.67636,0.489977
7.26562,9.67128,0.491824
7.36295,9.67662,0.494198
7.46611,9.68825,0.496912
7.55001,9.67377,0.49842
7.63959,9.66567,0.500267
7.69375,9.61237,0.499965
7.69281,9.49124,0.496384
7.7769,9.47552,0.49793
7.88216,9.4845,0.500719
7.97945,9.4826,0.503018
8.09193,9.49735,0.506184
8.19313,9.49745,0.508671
8.30845,9.51248,0.51195
8.42756,9.53019,0.515418
8.54254,9.54158,0.518622
8.65461,9.54822,0.521637
8.77655,9.56414,0.52518
8.89152,9.57087,0.528308
8.99732,9.56636,0.530909
9.08066,9.53703,0.532266
0,0,0
0,0,0
10.3334,10.4602,0.590158
10.3105,10.3097,0.585522
10.3167,10.19,0.582507
0,0,0
10.3697,9.99402,0.578775
10.3816,9.88335,0.576212
10.4027,9.7825,0.574177
10.4757,9.73072,0.574855
0,0,0
0,0,0
0,0,0
3.7078,3.27867,0.222264
3.70451,3.23548,0.221095
3.71975,3.20877,0.220869
3.73557,3.18265,0.220681
3.75656,3.16095,0.220756
3.78126,3.14231,0.22102
3.80588,3.12349,0.221284
3.83196,3.10574,0.221623
3.86109,3.09029,0.222113
3.92153,3.09937,0.224111
3.97277,3.10046,0.225656
0,0,0
4.0996,3.11924,0.229877
4.12585,3.09942,0.230216
0,0,0
0,0,0
0,0,0
0,0,0
0,0,0
0,0,0
0,0,0
0,0,0
0,0,0
0,0,0
0,0,0
0,0,0
0,0,0
0,0,0
0,0,0
0,0,0
0,0,0
0,0,0
0,0,0
0,0,0
0,0,0
0,0,0
0,0,0
0,0,0
0,0,0
0,0,0
0,0,0
0,0,0
0,0,0
0,0,0
0,0,0
0,0,0
0,0,0
0,0,0
0,0,0
0,0,0
0,0,0
0,0,0
0,0,0
0,0,0
0,0,0
0,0,0
0,0,0
0,0,0
0,0,0
0,0,0
0,0,0
0,0,0
0,0,0
0,0,0
0,0,0
0,0,0
0,0,0
0,0,0
0,0,0
0,0,0
0,0,0
0,0,0
0,0,0
0,0,0
0,0,0
0,0,0
0,0,0
0,0,0
0,0,0
0,0,0
0,0,0
0,0,0
0,0,0
0,0,0
0,0,0
0,0,0
0,0,0
0,0,0
0,0,0
0,0,0
0,0,0
0,0,0
0,0,0
0,0,0
0,0,0
0,0,0
0,0,0
0,0,0
0,0,0
0,0,0
0,0,0
0,0,0
0,0,0
0,0,0
0,0,0
0,0,0
0,0,0
0,0,0
0,0,0
0,0,0
0,0,0
0,0,0
0,0,0
0,0,0
0,0,0
0,0,0
0,0,0
0,0,0
0,0,0
0,0,0
0,0,0
0,0,0
0,0,0
0,0,0
0,0,0
0,0,0
0,0,0
0,0,0
0,0,0
0,0,0
0,0,0
0,0,0
0,0,0
0,0,0
0,0,0
0,0,0
0,0,0
0,0,0
0,0,0
0,0,0
0,0,0
0,0,0
0,0,0
0,0,0
0,0,0
0,0,0
0,0,0
0,0,0
0,0,0
0,0,0
0,0,0
0,0,0
0,0,0
0,0,0
0,0,0
0,0,0
0,0,0
0,0,0
0,0,0
0,0,0
0,0,0
0,0,0
0,0,0
0,0,0
0,0,0
0,0,0
0,0,0
0,0,0
0,0,0
0,0,0
0,0,0
0,0,0
0,0,0
0,0,0
0,0,0
0,0,0
0,0,0
0,0,0
0,0,0
0,0,0
0,0,0
0,0,0
0,0,0
0,0,0
0,0,0
0,0,0
0,0,0
0,0,0
0,0,0
0,0,0
0,0,0
0,0,0
0,0,0
0,0,0
0,0,0
0,0,0
0,0,0
0,0,0
0,0,0
74.6561,-40.5013,3.23906
0,0,0
0,0,0
0,0,0
0,0,0
0,0,0
0,0,0
0,0,0
0,0,0
0,0,0
0,0,0
0,0,0
0,0,0
0,0,0
0,0,0
0,0,0
0,0,0
0,0,0
0,0,0
0,0,0
0,0,0
0,0,0
0,0,0
0,0,0
0,0,0
0,0,0
0,0,0
0,0,0
0,0,0
49.5424,-39.6558,2.42906
0,0,0
0,0,0
0,0,0
0,0,0
0,0,0
0,0,0
0,0,0
0,0,0
0,0,0
49.7613,-45.1064,2.56874
48.7731,-44.7588,2.53237
0,0,0
47.8154,-44.9733,2.51141
41.9141,-39.9102,2.21849
41.5691,-40.0709,2.21329
41.1086,-40.1166,2.20202
40.7039,-40.2121,2.19365
40.7348,-40.7396,2.2085
40.3562,-40.8593,2.20164
40.1327,-41.1348,2.20315
43.3037,-44.9333,2.38926
42.6344,-44.7856,2.36778
39.7603,-42.2829,2.22471
41.6661,-44.8581,2.34475
0,0,0
40.6052,-44.8062,2.31626
40.1416,-44.8446,2.30563
39.5784,-44.7651,2.28927
39.1873,-44.8747,2.28264
38.6971,-44.8661,2.27027
38.2306,-44.879,2.25919
37.7705,-44.894,2.24841
37.2108,-44.7837,2.23168
36.8415,-44.8968,2.2261
36.4753,-45.011,2.22071
32.2974,-40.3592,1.98522
31.9222,-40.3958,1.9775
31.678,-40.5965,1.97776
31.421,-40.7806,1.97731
33.9642,-44.6454,2.15136
33.5486,-44.6651,2.1425
33.1715,-44.7321,2.13602
32.776,-44.7703,2.12833
32.4006,-44.8321,2.12189
31.9665,-44.8079,2.1116
31.5425,-44.7924,2.10187
30.9032,-44.4616,2.07783
30.5744,-44.5697,2.07413
30.2768,-44.7217,2.07255
29.8831,-44.7288,2.06448
29.4793,-44.7161,2.05567
29.084,-44.711,2.04734
28.7022,-44.7221,2.03987
28.3578,-44.7876,2.03497
27.9194,-44.6997,2.02336
27.5209,-44.6694,2.01447
27.142,-44.6658,2.00689
26.7883,-44.6995,2.00109
23.7178,-40.1323,1.79383
25.9852,-44.5914,1.98217
23.1334,-40.2635,1.78701
25.2499,-44.5783,1.96792
22.5767,-40.4353,1.7823
24.5482,-44.6072,1.95597
24.2402,-44.6946,1.9533
23.8379,-44.6037,1.94308
23.5037,-44.6351,1.93822
23.1594,-44.6436,1.93249
22.8032,-44.6247,1.92571
22.4503,-44.6076,1.91911
22.1332,-44.6576,1.91546
21.772,-44.6148,1.90799
21.4182,-44.5818,1.90106
21.0374,-44.4865,1.89164
20.6932,-44.4626,1.88531
20.3992,-44.5433,1.88342
20.0845,-44.5765,1.87965
19.7697,-44.6066,1.87585
19.4513,-44.6254,1.87166
19.1181,-44.6062,1.86601
18.8262,-44.6803,1.86427
18.4687,-44.5946,1.8561
18.1182,-44.5192,1.84844
17.8151,-44.5553,1.84543
17.5205,-44.6107,1.84328
17.2001,-44.5971,1.83842
16.8946,-44.6187,1.83506
16.5975,-44.6597,1.83258
16.2855,-44.6574,1.82843
15.9247,-44.5147,1.81874
0,0,0
0,0,0
0,0,0
0,0,0
0,0,0
0,0,0
0,0,0
0,0,0
0,0,0
0,0,0
0,0,0
0,0,0
0,0,0
0,0,0
0,0,0
0,0,0
0,0,0
0,0,0
0,0,0
0,0,0
0,0,0
0,0,0
0,0,0
0,0,0
0,0,0
0,0,0
0,0,0
0,0,0
0,0,0
0,0,0
0,0,0
0,0,0
0,0,0
0,0,0
0,0,0
0,0,0
0,0,0
0,0,0
0,0,0
0,0,0
0,0,0
0,0,0
0,0,0
0,0,0
0,0,0
0,0,0
0,0,0
0,0,0
0,0,0
0,0,0
0,0,0
0,0,0
0,0,0
0,0,0
0,0,0
0,0,0
0,0,0
0,0,0
0,0,0
0,0,0
0,0,0
0,0,0
0,0,0
0,0,0
0,0,0
0,0,0
0,0,0
0,0,0
0,0,0
0,0,0
0,0,0
0,0,0
0,0,0
0,0,0
0,0,0
0,0,0
0,0,0
0,0,0
0,0,0
0,0,0
0,0,0
0,0,0
0,0,0
0,0,0
0,0,0
0,0,0
0,0,0
0,0,0
0,0,0
0,0,0
0,0,0
0,0,0
0,0,0
0,0,0
0,0,0
0,0,0
0,0,0
0,0,0
0,0,0
0,0,0
0,0,0
0,0,0
0,0,0
0,0,0
0,0,0
0,0,0
0,0,0
0,0,0
0,0,0
0,0,0
0,0,0
0,0,0
0,0,0
0,0,0
0,0,0
0,0,0
0,0,0
0,0,0
0,0,0
0,0,0
0,0,0
0,0,0
0,0,0
0,0,0
0,0,0
0,0,0
0,0,0
0,0,0
0,0,0
0,0,0
0,0,0
0,0,0
0,0,0
0,0,0
0,0,0
0,0,0
0,0,0
0,0,0
0,0,0
0,0,0
0,0,0
0,0,0
0,0,0
0,0,0
0,0,0
0,0,0
0,0,0
0,0,0
0,0,0
0,0,0
0,0,0
0,0,0
0,0,0
0,0,0
0,0,0
0,0,0
0,0,0
0,0,0
0,0,0
0,0,0
0,0,0
0,0,0
0,0,0
0,0,0
0,0,0
0,0,0
0,0,0
0,0,0
0,0,0
0,0,0
0,0,0
0,0,0
0,0,0
0,0,0
0,0,0
0,0,0
0,0,0
0,0,0
0,0,0
0,0,0
0,0,0
0,0,0
0,0,0
0,0,0
0,0,0
0,0,0
0,0,0
0,0,0
0,0,0
0,0,0
0,0,0
0,0,0
0,0,0
0,0,0
0,0,0
0,0,0
0,0,0
0,0,0
0,0,0
0,0,0
0,0,0
0,0,0
0,0,0
0,0,0
0,0,0
0,0,0
0,0,0
0,0,0
0,0,0
0,0,0
0,0,0
0,0,0
0,0,0
0,0,0
0,0,0
0,0,0
0,0,0
0,0,0
0,0,0
0,0,0
0,0,0
0,0,0
0,0,0
0,0,0
0,0,0
0,0,0
0,0,0
0,0,0
0,0,0
0,0,0
0,0,0
0,0,0
0,0,0
0,0,0
0,0,0
0,0,0
0,0,0
0,0,0
0,0,0
0,0,0
0,0,0
0,0,0
0,0,0
0,0,0
0,0,0
0,0,0
0,0,0
0,0,0
0,0,0
0,0,0
0,0,0
0,0,0
0,0,0
0,0,0
0,0,0
0,0,0
0,0,0
0,0,0
0,0,0
0,0,0
0,0,0
0,0,0
0,0,0
0,0,0
0,0,0
0,0,0
0,0,0
0,0,0
0,0,0
0,0,0
0,0,0
0,0,0
0,0,0
0,0,0
0,0,0
0,0,0
0,0,0
0,0,0
0,0,0
0,0,0
0,0,0
0,0,0
0,0,0
0,0,0
0,0,0
0,0,0
0,0,0
0,0,0
0,0,0
0,0,0
0,0,0
0,0,0
0,0,0
0,0,0
0,0,0
0,0,0
0,0,0
0,0,0
0,0,0
0,0,0
0,0,0
0,0,0
0,0,0
0,0,0
0,0,0
0,0,0
0,0,0
0,0,0
0,0,0
0,0,0
0,0,0
0,0,0
0,0,0
0,0,0
0,0,0
0,0,0
0,0,0
0,0,0
0,0,0
0,0,0
0,0,0
0,0,0
0,0,0
0,0,0
0,0,0
0,0,0
0,0,0
0,0,0
0,0,0
0,0,0
0,0,0
0,0,0
0,0,0
0,0,0
0,0,0
0,0,0
0,0,0
0,0,0
0,0,0
0,0,0
0,0,0
0,0,0
0,0,0
0,0,0
0,0,0
0,0,0
0,0,0
0,0,0
0,0,0
0,0,0
0,0,0
0,0,0
0,0,0
0,0,0
0,0,0
0,0,0
0,0,0
0,0,0
0,0,0
0,0,0
0,0,0
0,0,0
0,0,0
0,0,0
0,0,0
0,0,0
0,0,0
0,0,0
0,0,0
0,0,0
0,0,0
0,0,0
0,0,0
0,0,0
0,0,0
0,0,0
0,0,0
0,0,0
0,0,0
0,0,0
0,0,0
0,0,0
0,0,0
0,0,0
0,0,0
0,0,0
0,0,0
0,0,0
0,0,0
0,0,0
0,0,0
0,0,0
0,0,0
0,0,0
0,0,0
0,0,0
0,0,0
0,0,0
0,0,0
0,0,0
0,0,0
0,0,0
0,0,0
0,0,0
0,0,0
0,0,0
0,0,0
0,0,0
0,0,0
0,0,0
0,0,0
0,0,0
0,0,0
0,0,0
0,0,0
0,0,0
0,0,0
0,0,0
0,0,0
0,0,0
0,0,0
0,0,0
0,0,0
0,0,0
0,0,0
0,0,0
0,0,0
0,0,0
0,0,0
0,0,0
0,0,0
0,0,0
0,0,0
0,0,0
0,0,0
0,0,0
0,0,0
0,0,0
0,0,0
0,0,0
0,0,0
0,0,0
0,0,0
0,0,0
0,0,0
0,0,0
0,0,0
0,0,0
0,0,0
0,0,0
0,0,0
0,0,0
0,0,0
0,0,0
0,0,0
0,0,0
0,0,0
0,0,0
0,0,0
0,0,0
0,0,0
0,0,0
0,0,0
0,0,0
0,0,0
0,0,0
0,0,0
0,0,0
0,0,0
0,0,0
0,0,0
0,0,0
0,0,0
0,0,0
0,0,0
0,0,0
0,0,0
0,0,0
0,0,0
0,0,0
0,0,0
0,0,0
0,0,0
0,0,0
0,0,0
0,0,0
0,0,0
0,0,0
0,0,0
0,0,0
0,0,0
0,0,0
0,0,0
0,0,0
0,0,0
0,0,0
0,0,0
0,0,0
0,0,0
0,0,0
0,0,0
0,0,0
0,0,0
0,0,0
0,0,0
0,0,0
0,0,0
0,0,0
0,0,0
0,0,0
0,0,0
0,0,0
0,0,0
0,0,0
0,0,0
0,0,0
0,0,0
0,0,0
0,0,0
0,0,0
0,0,0
0,0,0
0,0,0
0,0,0
0,0,0
0,0,0
0,0,0
0,0,0
0,0,0
0,0,0
0,0,0
0,0,0
0,0,0
0,0,0
0,0,0
0,0,0
0,0,0
0,0,0
0,0,0
0,0,0
0,0,0
0,0,0
0,0,0
0,0,0
0,0,0
0,0,0
0,0,0
0,0,0
0,0,0
0,0,0
0,0,0
0,0,0
0,0,0
0,0,0
0,0,0
0,0,0
0,0,0
0,0,0
0,0,0
0,0,0
0,0,0
0,0,0
0,0,0
0,0,0
0,0,0
0,0,0
0,0,0
0,0,0
0,0,0
0,0,0
0,0,0
0,0,0
0,0,0
0,0,0
0,0,0
0,0,0
0,0,0
0,0,0
0,0,0
0,0,0
0,0,0
0,0,0
0,0,0
0,0,0
0,0,0
0,0,0
0,0,0
0,0,0
0,0,0
0,0,0
0,0,0
0,0,0
0,0,0
0,0,0
0,0,0
0,0,0
0,0,0
0,0,0
0,0,0
0,0,0
0,0,0
0,0,0
0,0,0
0,0,0
0,0,0
0,0,0
0,0,0
0,0,0
0,0,0
0,0,0
0,0,0
0,0,0
0,0,0
0,0,0
0,0,0
0,0,0
0,0,0
0,0,0
0,0,0
0,0,0
0,0,0
0,0,0
0,0,0
0,0,0
0,0,0
0,0,0
0,0,0
0,0,0
0,0,0
0,0,0
0,0,0
0,0,0
0,0,0
0,0,0
0,0,0
0,0,0
0,0,0
0,0,0
0,0,0
0,0,0
0,0,0
0,0,0
0,0,0
1.49691,3.87561,0.140223
1.52286,3.87194,0.140374
1.54213,3.85138,0.140073
1.56385,3.83722,0.139947
1.58354,3.81831,0.139696
1.60344,3.80024,0.13947
1.62909,3.79584,0.13962
1.67233,3.83159,0.140877
4.14638,9.34736,0.292839
4.20406,9.32265,0.292864
0,0,0
0,0,0
0,0,0
0,0,0
0,0,0
0,0,0
0,0,0
5.993,11.7194,0.366671
5.99249,11.5431,0.362725
6.07718,11.5326,0.363479
6.2044,11.6009,0.366495
6.27833,11.5679,0.366646
6.35545,11.5405,0.366972
6.44175,11.5292,0.367776
6.53307,11.526,0.368832
6.61712,11.5091,0.36951
6.7143,11.5141,0.370842
6.78635,11.4752,0.370918
6.89056,11.49,0.372576
6.9708,11.4637,0.373054
7.05307,11.4403,0.373632
7.12472,11.3993,0.373707
6.07968,9.59546,0.321336
6.15195,9.579,0.321964
6.25968,9.61648,0.324226
6.34389,9.61628,0.325382
6.43222,9.62123,0.326714
6.52028,9.62462,0.328021
6.60976,9.62894,0.329378
6.72636,9.6711,0.331916
6.80803,9.66151,0.332896
6.96533,9.75707,0.337143
7.01277,9.69714,0.336615
7.08632,9.67328,0.337218
7.17711,9.67217,0.33855
7.25854,9.65752,0.33948
7.34611,9.65019,0.340661
7.41251,9.61443,0.340963
7.55257,9.67279,0.34428
7.59876,9.6098,0.343752
7.61759,9.51304,0.342144
7.66889,9.45758,0.341867
7.74962,9.43816,0.342772
7.86426,9.45886,0.345009
7.96721,9.46396,0.346768
8.06533,9.46207,0.348326
8.18332,9.48204,0.350638
8.28212,9.47832,0.352196
8.38715,9.48049,0.35398
8.52186,9.51449,0.35687
8.62775,9.51461,0.358654
8.74343,9.52409,0.36079
8.85682,9.52958,0.362826
8.96993,9.53331,0.364836
9.06548,9.51718,0.366193
0,0,0
0,0,0
0,0,0
0,0,0
0,0,0
0,0,0
10.3131,9.93556,0.395771
10.3637,9.86245,0.39542
10.4116,9.78703,0.394992
10.4759,9.72705,0.395143
11.3288,10.3904,0.422208
11.3368,10.2703,0.420324
11.3243,10.1332,0.417785
3.70006,3.26918,0.1599
3.69821,3.22735,0.159172
3.70961,3.19741,0.158895
3.72764,3.1733,0.158845
3.74704,3.15036,0.158845
3.77783,3.13689,0.159222
3.8001,3.11619,0.159322
3.83236,3.10351,0.15975
3.87865,3.1018,0.160629
3.91251,3.08972,0.161107
3.9779,3.10193,0.162589
4.0024,3.08174,0.162765
4.03953,3.07104,0.163343
4.10866,3.08402,0.164926
0,0,0
0,0,0
0,0,0
0,0,0
0,0,0
0,0,0
0,0,0
0,0,0
76.127,50.8482,2.3371
0,0,0
76.0874,49.4824,2.31737
76.4241,49.0367,2.3184
0,0,0
76.8556,47.9924,2.31352
77.1895,47.5451,2.31473
0,0,0
0,0,0
0,0,0
0,0,0
0,0,0
0,0,0
0,0,0
0,0,0
0,0,0
0,0,0
0,0,0
0,0,0
0,0,0
0,0,0
0,0,0
0,0,0
0,0,0
0,0,0
0,0,0
0,0,0
0,0,0
0,0,0
0,0,0
0,0,0
0,0,0
0,0,0
0,0,0
0,0,0
0,0,0
0,0,0
0,0,0
0,0,0
0,0,0
0,0,0
0,0,0
0,0,0
0,0,0
0,0,0
0,0,0
0,0,0
0,0,0
0,0,0
0,0,0
0,0,0
0,0,0
0,0,0
0,0,0
0,0,0
0,0,0
102.527,25.6639,2.69264
102.52,24.9946,2.68842
0,0,0
0,0,0
0,0,0
0,0,0
0,0,0
0,0,0
0,0,0
0,0,0
0,0,0
0,0,0
0,0,0
0,0,0
0,0,0
0,0,0
0,0,0
0,0,0
0,0,0
0,0,0
0,0,0
0,0,0
0,0,0
0,0,0
0,0,0
0,0,0
0,0,0
0,0,0
56.4145,4.15156,1.45777
56.4908,3.80883,1.45908
56.4992,3.46128,1.45872
0,0,0
0,0,0
0,0,0
0,0,0
36.1927,1.10403,0.94602
36.6025,0.891788,0.956173
0,0,0
36.7237,0.44392,0.959012
0,0,0
0,0,0
36.5937,-0.231288,0.955695
36.6365,-0.456377,0.956826
36.6191,-0.680906,0.956474
37.0689,-0.916816,0.967908
36.7728,-1.13531,0.960621
36.1118,-1.33676,0.944185
36.3966,-1.57098,0.951574
36.1077,-1.78055,0.944562
36.2198,-2.00893,0.947679
36.1699,-2.22885,0.946749
36.1416,-2.4498,0.946397
36.1398,-2.67255,0.946749
0,0,0
0,0,0
0,0,0
0,0,0
0,0,0
0,0,0
0,0,0
0,0,0
0,0,0
0,0,0
0,0,0
0,0,0
0,0,0
0,0,0
0,0,0
0,0,0
41.5861,-7.48674,1.09798
0,0,0
41.333,-7.96604,1.09394
0,0,0
0,0,0
0,0,0
0,0,0
0,0,0
0,0,0
0,0,0
0,0,0
0,0,0
42.9548,-11.0484,1.15073
0,0,0
42.5738,-11.5092,1.14442
42.6835,-11.8203,1.14915
42.3313,-12.0029,1.14186
0,0,0
0,0,0
0,0,0
0,0,0
0,0,0
0,0,0
0,0,0
0,0,0
0,0,0
0,0,0
0,0,0
42.1759,-15.3919,1.1644
0,0,0
0,0,0
0,0,0
0,0,0
0,0,0
0,0,0
0,0,0
0,0,0
0,0,0
0,0,0
0,0,0
0,0,0
0,0,0
0,0,0
0,0,0
0,0,0
0,0,0
0,0,0
0,0,0
0,0,0
0,0,0
0,0,0
0,0,0
0,0,0
0,0,0
0,0,0
0,0,0
0,0,0
0,0,0
0,0,0
0,0,0
0,0,0
0,0,0
0,0,0
0,0,0
0,0,0
0,0,0
0,0,0
0,0,0
0,0,0
0,0,0
0,0,0
0,0,0
0,0,0
0,0,0
61.733,-45.2158,1.95937
0,0,0
0,0,0
59.0432,-44.9386,1.90101
58.5929,-45.1664,1.89551
0,0,0
0,0,0
0,0,0
0,0,0
54.6231,-44.8435,1.81235
0,0,0
0,0,0
0,0,0
0,0,0
0,0,0
50.6075,-44.7645,1.73423
50.1211,-44.8854,1.72711
49.673,-45.0363,1.72128
49.1085,-45.0766,1.71148
48.3579,-44.9375,1.69525
0,0,0
0,0,0
41.5644,-40.0755,1.4872
41.2848,-40.2977,1.48604
40.977,-40.4912,1.48393
40.7709,-40.785,1.48546
44.2863,-44.8485,1.62021
43.9049,-45.0113,1.61642
43.1909,-44.8263,1.60058
42.6214,-44.782,1.58988
42.1034,-44.7849,1.58098
41.7176,-44.9237,1.57691
41.008,-44.7066,1.5608
40.549,-44.7544,1.55392
40.1563,-44.8713,1.54949
39.6723,-44.8816,1.5416
39.1155,-44.8027,1.53087
38.7014,-44.8813,1.52555
38.1731,-44.8219,1.51577
37.6374,-44.7462,1.50562
37.2152,-44.7994,1.49984
36.8052,-44.8631,1.49451
36.3103,-44.8178,1.48576
35.6386,-44.5448,1.46983
31.9635,-40.4579,1.33192
34.927,-44.7707,1.4632
34.4503,-44.7229,1.4549
33.9773,-44.6732,1.44669
33.5915,-44.733,1.44204
33.2098,-44.7945,1.43754
32.7584,-44.757,1.43005
32.3877,-44.8251,1.42595
31.9536,-44.8008,1.41909
31.5031,-44.7475,1.41145
30.957,-44.5501,1.39952
30.5802,-44.5891,1.39494
30.2656,-44.7163,1.39313
29.863,-44.71,1.38735
29.521,-44.7905,1.38429
29.1001,-44.7471,1.37758
28.6857,-44.7077,1.3711
28.3119,-44.7266,1.36645
27.9374,-44.7401,1.36172
27.5438,-44.7183,1.35604
27.1864,-44.7506,1.35205
26.769,-44.6791,1.34509
26.418,-44.7134,1.34132
25.9358,-44.5187,1.33096
23.1949,-40.3818,1.20644
25.2669,-44.6205,1.32481
24.9137,-44.6333,1.32073
24.5753,-44.6689,1.31739
24.2145,-44.6598,1.31284
23.874,-44.6841,1.30933
23.4984,-44.6377,1.30387
23.1467,-44.632,1.29965
22.8092,-44.6494,1.29616
22.4521,-44.6242,1.29153
22.1189,-44.642,1.28819
21.7796,-44.6439,1.28447
21.4265,-44.6127,1.2799
21.0067,-44.4352,1.27133
20.6822,-44.4527,1.26826
20.3882,-44.5333,1.26701
20.0871,-44.5965,1.26532
19.7588,-44.5964,1.26196
19.4513,-44.6398,1.25984
19.1018,-44.5828,1.25504
18.7902,-44.6098,1.25261
18.4626,-44.595,1.24909
18.1419,-44.5926,1.24597
17.8245,-44.5945,1.24303
17.5056,-44.5885,1.23994
0,0,0
16.8903,-44.6233,1.23519
0,0,0
0,0,0
0,0,0
0,0,0
0,0,0
0,0,0
0,0,0
0,0,0
0,0,0
0,0,0
0,0,0
0,0,0
0,0,0
0,0,0
0,0,0
0,0,0
0,0,0
0,0,0
0,0,0
0,0,0
0,0,0
0,0,0
0,0,0
0,0,0
0,0,0
0,0,0
0,0,0
0,0,0
0,0,0
0,0,0
0,0,0
0,0,0
0,0,0
0,0,0
0,0,0
0,0,0
0,0,0
0,0,0
0,0,0
0,0,0
0,0,0
0,0,0
0,0,0
0,0,0
0,0,0
0,0,0
0,0,0
0,0,0
0,0,0
0,0,0
0,0,0
0,0,0
0,0,0
0,0,0
0,0,0
0,0,0
0,0,0
0,0,0
0,0,0
0,0,0
0,0,0
0,0,0
0,0,0
0,0,0
0,0,0
0,0,0
0,0,0
0,0,0
0,0,0
0,0,0
0,0,0
0,0,0
0,0,0
0,0,0
0,0,0
0,0,0
0,0,0
0,0,0
0,0,0
0,0,0
0,0,0
0,0,0
0,0,0
0,0,0
0,0,0
0,0,0
0,0,0
0,0,0
0,0,0
0,0,0
0,0,0
0,0,0
0,0,0
0,0,0
0,0,0
0,0,0
0,0,0
0,0,0
0,0,0
0,0,0
0,0,0
0,0,0
0,0,0
0,0,0
0,0,0
0,0,0
0,0,0
0,0,0
0,0,0
0,0,0
0,0,0
0,0,0
0,0,0
0,0,0
0,0,0
0,0,0
0,0,0
0,0,0
0,0,0
0,0,0
0,0,0
0,0,0
0,0,0
0,0,0
0,0,0
0,0,0
0,0,0
0,0,0
0,0,0
0,0,0
0,0,0
0,0,0
0,0,0
0,0,0
0,0,0
0,0,0
0,0,0
0,0,0
0,0,0
0,0,0
0,0,0
0,0,0
0,0,0
0,0,0
0,0,0
0,0,0
0,0,0
0,0,0
0,0,0
0,0,0
0,0,0
0,0,0
0,0,0
0,0,0
0,0,0
0,0,0
0,0,0
0,0,0
0,0,0
0,0,0
0,0,0
0,0,0
0,0,0
0,0,0
0,0,0
0,0,0
0,0,0
0,0,0
0,0,0
0,0,0
0,0,0
0,0,0
0,0,0
0,0,0
0,0,0
0,0,0
0,0,0
0,0,0
0,0,0
0,0,0
0,0,0
0,0,0
0,0,0
0,0,0
0,0,0
0,0,0
0,0,0
0,0,0
0,0,0
0,0,0
0,0,0
0,0,0
0,0,0
0,0,0
0,0,0
0,0,0
0,0,0
0,0,0
0,0,0
0,0,0
0,0,0
0,0,0
0,0,0
0,0,0
0,0,0
0,0,0
0,0,0
0,0,0
0,0,0
0,0,0
0,0,0
0,0,0
0,0,0
0,0,0
0,0,0
0,0,0
0,0,0
0,0,0
0,0,0
0,0,0
0,0,0
0,0,0
0,0,0
0,0,0
0,0,0
0,0,0
0,0,0
0,0,0
0,0,0
0,0,0
0,0,0
0,0,0
0,0,0
0,0,0
0,0,0
0,0,0
0,0,0
0,0,0
0,0,0
0,0,0
0,0,0
0,0,0
0,0,0
0,0,0
0,0,0
0,0,0
0,0,0
0,0,0
0,0,0
0,0,0
0,0,0
0,0,0
0,0,0
0,0,0
0,0,0
0,0,0
0,0,0
0,0,0
0,0,0
0,0,0
0,0,0
0,0,0
0,0,0
0,0,0
0,0,0
0,0,0
0,0,0
0,0,0
0,0,0
0,0,0
0,0,0
0,0,0
0,0,0
0,0,0
0,0,0
0,0,0
0,0,0
0,0,0
0,0,0
0,0,0
0,0,0
0,0,0
0,0,0
0,0,0
0,0,0
0,0,0
0,0,0
0,0,0
0,0,0
0,0,0
0,0,0
0,0,0
0,0,0
0,0,0
0,0,0
0,0,0
0,0,0
0,0,0
0,0,0
0,0,0
0,0,0
0,0,0
0,0,0
0,0,0
0,0,0
0,0,0
0,0,0
0,0,0
0,0,0
0,0,0
0,0,0
0,0,0
0,0,0
0,0,0
0,0,0
0,0,0
0,0,0
0,0,0
0,0,0
0,0,0
0,0,0
0,0,0
0,0,0
0,0,0
0,0,0
0,0,0
0,0,0
0,0,0
0,0,0
0,0,0
0,0,0
0,0,0
0,0,0
0,0,0
0,0,0
0,0,0
0,0,0
0,0,0
0,0,0
0,0,0
0,0,0
0,0,0
0,0,0
0,0,0
0,0,0
0,0,0
0,0,0
0,0,0
0,0,0
0,0,0
0,0,0
0,0,0
0,0,0
0,0,0
0,0,0
0,0,0
0,0,0
0,0,0
0,0,0
0,0,0
0,0,0
0,0,0
0,0,0
0,0,0
0,0,0
0,0,0
0,0,0
0,0,0
0,0,0
0,0,0
0,0,0
0,0,0
0,0,0
0,0,0
0,0,0
0,0,0
0,0,0
0,0,0
0,0,0
0,0,0
0,0,0
0,0,0
0,0,0
0,0,0
0,0,0
0,0,0
0,0,0
0,0,0
0,0,0
0,0,0
0,0,0
0,0,0
0,0,0
0,0,0
0,0,0
0,0,0
0,0,0
0,0,0
0,0,0
0,0,0
0,0,0
0,0,0
0,0,0
0,0,0
0,0,0
0,0,0
0,0,0
0,0,0
0,0,0
0,0,0
0,0,0
0,0,0
0,0,0
0,0,0
0,0,0
0,0,0
0,0,0
0,0,0
0,0,0
0,0,0
0,0,0
0,0,0
0,0,0
0,0,0
0,0,0
0,0,0
0,0,0
0,0,0
0,0,0
0,0,0
0,0,0
0,0,0
0,0,0
0,0,0
0,0,0
0,0,0
0,0,0
0,0,0
0,0,0
0,0,0
0,0,0
0,0,0
0,0,0
0,0,0
0,0,0
0,0,0
0,0,0
0,0,0
0,0,0
0,0,0
0,0,0
0,0,0
0,0,0
0,0,0
0,0,0
0,0,0
0,0,0
0,0,0
0,0,0
0,0,0
0,0,0
0,0,0
0,0,0
0,0,0
0,0,0
0,0,0
0,0,0
0,0,0
0,0,0
0,0,0
0,0,0
0,0,0
0,0,0
0,0,0
0,0,0
0,0,0
0,0,0
0,0,0
0,0,0
0,0,0
0,0,0
0,0,0
0,0,0
0,0,0
0,0,0
0,0,0
0,0,0
0,0,0
0,0,0
0,0,0
0,0,0
0,0,0
0,0,0
0,0,0
0,0,0
0,0,0
0,0,0
0,0,0
0,0,0
0,0,0
0,0,0
0,0,0
0,0,0
0,0,0
0,0,0
0,0,0
0,0,0
0,0,0
0,0,0
0,0,0
0,0,0
0,0,0
0,0,0
0,0,0
0,0,0
0,0,0
0,0,0
0,0,0
0,0,0
0,0,0
0,0,0
0,0,0
0,0,0
0,0,0
0,0,0
0,0,0
0,0,0
0,0,0
0,0,0
0,0,0
0,0,0
0,0,0
0,0,0
0,0,0
0,0,0
0,0,0
0,0,0
0,0,0
0,0,0
0,0,0
0,0,0
0,0,0
0,0,0
0,0,0
0,0,0
0,0,0
0,0,0
0,0,0
0,0,0
0,0,0
0,0,0
0,0,0
0,0,0
0,0,0
0,0,0
0,0,0
0,0,0
0,0,0
0,0,0
0,0,0
0,0,0
0,0,0
0,0,0
0,0,0
0,0,0
0,0,0
0,0,0
0,0,0
0,0,0
0,0,0
0,0,0
0,0,0
0,0,0
0,0,0
0,0,0
0,0,0
0,0,0
0,0,0
0,0,0
0,0,0
0,0,0
0,0,0
0,0,0
0,0,0
0,0,0
0,0,0
0,0,0
0,0,0
0,0,0
0,0,0
0,0,0
0,0,0
0,0,0
0,0,0
0,0,0
0,0,0
0,0,0
0,0,0
0,0,0
0,0,0
0,0,0
0,0,0
0,0,0
0,0,0
0,0,0
0,0,0
0,0,0
0,0,0
0,0,0
0,0,0
0,0,0
0,0,0
0,0,0
0,0,0
1.51244,3.92321,0.0902838
1.52296,3.87942,0.0898059
1.53894,3.8505,0.0895347
1.56254,3.84099,0.0895347
1.58723,3.8341,0.0895734
1.61383,3.83166,0.0896768
1.64912,3.84926,0.0900642
1.6791,3.85373,0.0902709
1.71973,3.88175,0.0908133
1.75625,3.89939,0.0912137
4.26751,9.32064,0.168381
0,0,0
0,0,0
0,0,0
0,0,0
0,0,0
0,0,0
5.91308,11.5739,0.203846
5.9826,11.5347,0.203807
6.04208,11.4766,0.203497
6.17035,11.5478,0.205086
6.27065,11.5642,0.205887
6.3492,11.5395,0.206093
6.43402,11.5257,0.206468
6.52285,11.5182,0.206946
6.61432,11.5143,0.207488
6.68938,11.4813,0.207604
6.78513,11.4831,0.20825
6.92999,11.5656,0.210123
6.97175,11.475,0.2094
7.04884,11.4431,0.209567
7.12634,11.4115,0.209748
6.07195,9.59169,0.182601
6.15283,9.58875,0.18313
6.24317,9.59944,0.183879
6.33552,9.61188,0.184667
6.41937,9.61024,0.185248
6.50681,9.6129,0.185907
6.61318,9.64206,0.186992
6.71387,9.66124,0.187935
6.80123,9.65992,0.188568
6.94574,9.73767,0.190466
7.00594,9.69568,0.190479
7.07771,9.66945,0.19075
7.17145,9.67243,0.191499
7.25708,9.66342,0.192067
7.34651,9.6585,0.192713
7.4453,9.66473,0.193553
7.53214,9.65434,0.194134
7.63525,9.66365,0.195051
7.70939,9.63535,0.195361
7.67394,9.47134,0.193424
7.76934,9.46968,0.194186
7.86436,9.46644,0.194935
7.97057,9.47539,0.195903
8.06487,9.46893,0.196627
8.17375,9.47833,0.197634
8.27977,9.48299,0.198577
8.39542,9.49718,0.1997
8.49688,9.49392,0.20054
8.61473,9.50755,0.201689
8.73374,9.52082,0.202852
8.84507,9.5242,0.203859
8.94992,9.51929,0.204737
9.05159,9.50982,0.205551
9.5795,9.94156,0.214294
9.66546,9.90836,0.214759
0,0,0
10.3137,10.3165,0.224394
10.3341,10.2109,0.223619
10.378,10.1291,0.223283
10.3932,10.0201,0.222444
10.4298,9.93273,0.222005
10.3886,9.77263,0.220197
10.474,9.73253,0.220649
11.2157,10.2942,0.232608
11.252,10.201,0.232143
11.301,10.1197,0.231911
3.6721,3.24824,0.0992985
3.68744,3.2217,0.099221
3.69805,3.19118,0.099066
3.72365,3.17361,0.0991693
3.74306,3.15071,0.0991693
3.75386,3.12065,0.0990273
3.77757,3.10136,0.0991048
3.81129,3.09009,0.0993502
3.84969,3.08227,0.099673
3.90148,3.08463,0.100215
3.94162,3.07725,0.100564
3.98656,3.07315,0.10099
4.00057,3.045,0.100913
0,0,0
0,0,0
0,0,0
0,0,0
0,0,0
0,0,0
0,0,0
0,0,0
0,0,0
0,0,0
0,0,0
0,0,0
0,0,0
76.6712,48.5637,1.20821
0,0,0
0,0,0
0,0,0
0,0,0
0,0,0
0,0,0
0,0,0
0,0,0
0,0,0
0,0,0
0,0,0
0,0,0
0,0,0
0,0,0
0,0,0
0,0,0
0,0,0
0,0,0
0,0,0
0,0,0
0,0,0
0,0,0
0,0,0
0,0,0
0,0,0
0,0,0
0,0,0
0,0,0
0,0,0
0,0,0
0,0,0
0,0,0
39.038,14.7894,0.575167
39.1655,14.5635,0.575684
39.1799,14.2958,0.574664
39.2076,14.0339,0.57385
39.2892,13.7918,0.573798
39.4562,13.5791,0.574935
39.3266,13.2651,0.572042
40.0414,13.2332,0.580669
0,0,0
40.1141,12.7133,0.579494
39.2086,12.1621,0.566204
39.2806,11.9207,0.566179
39.3214,11.6701,0.565752
0,0,0
0,0,0
39.8716,11.039,0.570337
0,0,0
45.493,11.9963,0.643656
45.5735,11.7189,0.643759
0,0,0
0,0,0
0,0,0
0,0,0
0,0,0
0,0,0
0,0,0
0,0,0
0,0,0
0,0,0
0,0,0
0,0,0
0,0,0
0,0,0
0,0,0
38.6952,5.98749,0.541717
38.1813,5.66831,0.534537
39.1657,5.56905,0.546935
39.0406,5.30708,0.544869
39.4731,5.11939,0.550086
39.5157,4.87856,0.550241
39.5597,4.63775,0.550435
36.9529,4.10247,0.516197
37.0012,3.87815,0.516507
37.1139,3.65987,0.517669
37.1516,3.43355,0.517876
37.1799,3.20621,0.51798
37.2318,2.98066,0.518406
37.2164,2.74972,0.51798
37.2087,2.51969,0.517669
37.3083,2.29656,0.518767
36.5,2.02208,0.508138
36.4777,1.79641,0.507699
36.4411,1.57053,0.507092
36.3571,1.34347,0.505891
36.3127,1.11876,0.505219
36.3349,0.896324,0.505426
36.3427,0.673416,0.505465
36.3622,0.450607,0.505671
36.4042,0.227734,0.506188
36.412,0.0043581,0.506278
36.4853,-0.219508,0.507234
36.4873,-0.443422,0.507286
36.4719,-0.667075,0.507131
36.4561,-0.890581,0.506989
36.2161,-1.1071,0.503967
36.0427,-1.32321,0.501823
36.1078,-1.54751,0.502778
36.1116,-1.76972,0.502959
36.0851,-1.99043,0.502766
36.1022,-2.21365,0.503153
36.058,-2.4331,0.502766
36.0813,-2.65717,0.503269
36.0912,-2.88066,0.503618
36.1844,-3.11165,0.505064
36.1457,-3.33187,0.504819
36.1276,-3.55389,0.504858
36.125,-3.77758,0.505116
36.0813,-3.99696,0.504858
36.1693,-4.23153,0.50633
36.2141,-4.46218,0.50726
36.1999,-4.6861,0.507441
38.8527,-5.27212,0.542402
36.9851,-5.25,0.51847
0,0,0
36.7983,-5.68499,0.516908
36.6058,-5.88544,0.514854
0,0,0
37.187,-6.44798,0.523455
0,0,0
36.3412,-6.76171,0.51342
36.1989,-6.9653,0.512103
36.2143,-7.19897,0.512878
36.5084,-7.49059,0.517347
36.7855,-7.78297,0.521622
36.3414,-7.92227,0.516391
0,0,0
0,0,0
37.4308,-8.88453,0.532871
36.9831,-9.01833,0.527653
36.5197,-9.14308,0.522229
36.7593,-9.44312,0.526181
39.0193,-10.2794,0.557151
38.5964,-10.4216,0.552347
38.7813,-10.7273,0.555691
36.3366,-10.2914,0.523765
0,0,0
0,0,0
36.5371,-11.0787,0.529112
36.5793,-11.337,0.53061
36.8445,-11.6675,0.535157
36.8817,-11.9287,0.536642
36.7736,-12.1435,0.536177
36.7922,-12.4005,0.537455
0,0,0
0,0,0
39.0725,-13.9751,0.571952
0,0,0
38.7818,-14.4104,0.57035
36.8467,-13.9492,0.544856
36.6643,-14.138,0.543526
37.0376,-14.5436,0.549918
0,0,0
0,0,0
36.4172,-15.0794,0.545075
0,0,0
36.7735,-15.7583,0.552721
36.3232,-15.8299,0.547749
36.6578,-16.2441,0.553858
38.3151,-17.2605,0.578758
38.0785,-17.4358,0.576911
36.1159,-16.806,0.550487
36.0375,-17.0392,0.550848
37.7835,-18.1493,0.577376
37.6499,-18.3703,0.577066
37.5463,-18.6058,0.577208
35.9773,-18.1041,0.556182
35.8789,-18.3314,0.556376
37.0422,-19.2132,0.574948
36.0211,-18.965,0.561774
0,0,0
36.1926,-19.6263,0.567754
36.2082,-19.9232,0.569769
36.1455,-20.1786,0.57066
36.0593,-20.4217,0.571228
35.8952,-20.6207,0.57066
36.0064,-20.9795,0.574225
35.9502,-21.2432,0.575322
36.0833,-21.6217,0.5793
36.6986,-22.2975,0.590614
36.2299,-22.3183,0.58559
36.0889,-22.5381,0.585538
35.8933,-22.7232,0.584673
35.8087,-22.9787,0.585525
0,0,0
0,0,0
0,0,0
0,0,0
0,0,0
0,0,0
0,0,0
0,0,0
0,0,0
0,0,0
0,0,0
0,0,0
0,0,0
0,0,0
49.0339,-38.2573,0.839268
48.4256,-38.263,0.833133
48.2188,-38.5825,0.833611
0,0,0
47.7223,-39.1555,0.833288
0,0,0
47.1862,-39.6944,0.83241
46.8466,-39.9021,0.830796
46.6236,-40.2084,0.831183
45.8277,-40.015,0.821781
0,0,0
0,0,0
0,0,0
42.1329,-38.6516,0.774473
41.9294,-38.9413,0.77508
41.4754,-38.9965,0.771283
40.8718,-38.9042,0.7648
40.5063,-39.0328,0.762539
40.2281,-39.2436,0.761855
0,0,0
39.3086,-39.2995,0.753912
39.0281,-39.5009,0.753202
38.176,-39.1156,0.74194
0,0,0
0,0,0
37.046,-39.3827,0.734333
0,0,0
0,0,0
35.5512,-39.2156,0.719648
35.2546,-39.3712,0.718576
0,0,0
34.2392,-39.1946,0.70818
33.7571,-39.1246,0.703414
33.3828,-39.1742,0.700754
33.1611,-39.4013,0.701141
32.8177,-39.4825,0.699101
0,0,0
31.9114,-39.3649,0.690499
31.4449,-39.2797,0.685863
31.1903,-39.4555,0.685591
30.723,-39.3584,0.680877
30.4754,-39.5391,0.680761
30.1814,-39.6585,0.679676
0,0,0
29.2856,-39.4774,0.670855
28.7799,-39.2973,0.665108
0,0,0
28.2014,-39.5157,0.663016
27.9256,-39.6414,0.66228
27.7046,-39.8448,0.662796
27.3968,-39.9226,0.661363
27.1676,-40.1139,0.661737
26.9582,-40.3356,0.662603
26.7603,-40.5762,0.663778
26.4426,-40.6348,0.662163
26.2052,-40.8157,0.66246
25.8409,-40.7966,0.659722
25.6028,-40.9748,0.660032
0,0,0
24.7796,-40.7621,0.652115
0,0,0
23.703,-40.0913,0.637534
23.3115,-39.9872,0.633815
22.9631,-39.9509,0.631154
22.6032,-39.8892,0.628158
22.339,-39.9931,0.627654
22.0734,-40.0935,0.627125
0,0,0
21.4472,-40.1136,0.623496
21.2725,-40.3807,0.625485
20.9534,-40.3738,0.623496
0,0,0
0,0,0
0,0,0
19.7711,-40.4967,0.618046
0,0,0
18.9635,-40.0827,0.608708
18.7822,-40.3379,0.610697
18.5427,-40.4706,0.610955
18.2619,-40.5125,0.609948
17.9595,-40.5031,0.608243
17.6371,-40.4439,0.605867
17.3551,-40.4733,0.604769
17.0859,-40.5302,0.604084
16.7312,-40.3793,0.60052
16.4748,-40.4608,0.600236
16.1494,-40.369,0.597562
15.9402,-40.5659,0.598931
15.6298,-40.5044,0.596736
15.4185,-40.6986,0.598105
0,0,0
0,0,0
0,0,0
0,0,0
0,0,0
0,0,0
0,0,0
0,0,0
0,0,0
0,0,0
0,0,0
0,0,0
0,0,0
0,0,0
0,0,0
0,0,0
0,0,0
0,0,0
0,0,0
0,0,0
0,0,0
0,0,0
0,0,0
0,0,0
0,0,0
0,0,0
0,0,0
0,0,0
0,0,0
0,0,0
0,0,0
0,0,0
0,0,0
0,0,0
0,0,0
0,0,0
0,0,0
0,0,0
0,0,0
0,0,0
0,0,0
0,0,0
0,0,0
0,0,0
0,0,0
0,0,0
0,0,0
0,0,0
0,0,0
0,0,0
0,0,0
0,0,0
0,0,0
0,0,0
0,0,0
0,0,0
0,0,0
0,0,0
0,0,0
0,0,0
0,0,0
0,0,0
0,0,0
0,0,0
0,0,0
0,0,0
0,0,0
0,0,0
0,0,0
0,0,0
0,0,0
0,0,0
0,0,0
0,0,0
0,0,0
0,0,0
0,0,0
0,0,0
0,0,0
0,0,0
0,0,0
0,0,0
0,0,0
0,0,0
0,0,0
0,0,0
0,0,0
0,0,0
0,0,0
0,0,0
0,0,0
0,0,0
0,0,0
0,0,0
0,0,0
0,0,0
0,0,0
0,0,0
0,0,0
0,0,0
0,0,0
0,0,0
0,0,0
0,0,0
0,0,0
0,0,0
0,0,0
0,0,0
0,0,0
0,0,0
0,0,0
0,0,0
0,0,0
0,0,0
0,0,0
0,0,0
0,0,0
0,0,0
0,0,0
0,0,0
0,0,0
0,0,0
0,0,0
0,0,0
0,0,0
0,0,0
0,0,0
0,0,0
0,0,0
0,0,0
0,0,0
0,0,0
0,0,0
0,0,0
0,0,0
0,0,0
0,0,0
0,0,0
0,0,0
0,0,0
0,0,0
0,0,0
0,0,0
0,0,0
0,0,0
0,0,0
0,0,0
0,0,0
0,0,0
0,0,0
0,0,0
0,0,0
0,0,0
0,0,0
0,0,0
0,0,0
0,0,0
0,0,0
0,0,0
0,0,0
0,0,0
0,0,0
0,0,0
0,0,0
0,0,0
0,0,0
0,0,0
0,0,0
0,0,0
0,0,0
0,0,0
0,0,0
0,0,0
0,0,0
0,0,0
0,0,0
0,0,0
0,0,0
0,0,0
0,0,0
0,0,0
0,0,0
0,0,0
0,0,0
0,0,0
0,0,0
0,0,0
0,0,0
0,0,0
0,0,0
0,0,0
0,0,0
0,0,0
0,0,0
0,0,0
0,0,0
0,0,0
0,0,0
0,0,0
0,0,0
0,0,0
0,0,0
0,0,0
0,0,0
0,0,0
0,0,0
0,0,0
0,0,0
0,0,0
0,0,0
0,0,0
0,0,0
0,0,0
0,0,0
0,0,0
0,0,0
0,0,0
0,0,0
0,0,0
0,0,0
0,0,0
0,0,0
0,0,0
0,0,0
0,0,0
0,0,0
0,0,0
0,0,0
0,0,0
0,0,0
0,0,0
0,0,0
0,0,0
0,0,0
0,0,0
0,0,0
0,0,0
0,0,0
0,0,0
0,0,0
0,0,0
0,0,0
0,0,0
0,0,0
0,0,0
0,0,0
0,0,0
0,0,0
0,0,0
0,0,0
0,0,0
0,0,0
0,0,0
0,0,0
0,0,0
0,0,0
0,0,0
0,0,0
0,0,0
0,0,0
0,0,0
0,0,0
0,0,0
0,0,0
0,0,0
0,0,0
0,0,0
0,0,0
0,0,0
0,0,0
0,0,0
0,0,0
0,0,0
0,0,0
0,0,0
0,0,0
0,0,0
0,0,0
0,0,0
0,0,0
0,0,0
0,0,0
0,0,0
0,0,0
0,0,0
0,0,0
0,0,0
0,0,0
0,0,0
0,0,0
0,0,0
0,0,0
0,0,0
0,0,0
0,0,0
0,0,0
0,0,0
0,0,0
0,0,0
0,0,0
0,0,0
0,0,0
0,0,0
0,0,0
0,0,0
0,0,0
0,0,0
0,0,0
0,0,0
0,0,0
0,0,0
0,0,0
0,0,0
0,0,0
0,0,0
0,0,0
0,0,0
0,0,0
0,0,0
0,0,0
0,0,0
0,0,0
0,0,0
0,0,0
0,0,0
0,0,0
0,0,0
0,0,0
0,0,0
0,0,0
0,0,0
0,0,0
0,0,0
0,0,0
0,0,0
0,0,0
0,0,0
0,0,0
0,0,0
0,0,0
0,0,0
0,0,0
0,0,0
0,0,0
0,0,0
0,0,0
0,0,0
0,0,0
0,0,0
0,0,0
0,0,0
0,0,0
0,0,0
0,0,0
0,0,0
0,0,0
0,0,0
0,0,0
0,0,0
0,0,0
0,0,0
0,0,0
0,0,0
0,0,0
0,0,0
0,0,0
0,0,0
0,0,0
0,0,0
0,0,0
0,0,0
0,0,0
0,0,0
0,0,0
0,0,0
0,0,0
0,0,0
0,0,0
0,0,0
0,0,0
0,0,0
0,0,0
0,0,0
0,0,0
0,0,0
0,0,0
0,0,0
0,0,0
0,0,0
0,0,0
0,0,0
0,0,0
0,0,0
0,0,0
0,0,0
0,0,0
0,0,0
0,0,0
0,0,0
0,0,0
0,0,0
0,0,0
0,0,0
0,0,0
0,0,0
0,0,0
0,0,0
0,0,0
0,0,0
0,0,0
0,0,0
0,0,0
0,0,0
0,0,0
0,0,0
0,0,0
0,0,0
0,0,0
0,0,0
0,0,0
0,0,0
0,0,0
0,0,0
0,0,0
0,0,0
0,0,0
0,0,0
0,0,0
0,0,0
0,0,0
0,0,0
0,0,0
0,0,0
0,0,0
0,0,0
0,0,0
0,0,0
0,0,0
0,0,0
0,0,0
0,0,0
0,0,0
0,0,0
0,0,0
0,0,0
0,0,0
0,0,0
0,0,0
0,0,0
0,0,0
0,0,0
0,0,0
0,0,0
0,0,0
0,0,0
0,0,0
0,0,0
0,0,0
0,0,0
0,0,0
0,0,0
0,0,0
0,0,0
0,0,0
0,0,0
0,0,0
0,0,0
0,0,0
0,0,0
0,0,0
0,0,0
0,0,0
0,0,0
0,0,0
0,0,0
0,0,0
0,0,0
0,0,0
0,0,0
0,0,0
0,0,0
0,0,0
0,0,0
0,0,0
0,0,0
0,0,0
0,0,0
0,0,0
0,0,0
0,0,0
0,0,0
0,0,0
0,0,0
0,0,0
0,0,0
0,0,0
0,0,0
0,0,0
0,0,0
0,0,0
0,0,0
0,0,0
0,0,0
0,0,0
0,0,0
0,0,0
0,0,0
0,0,0
0,0,0
0,0,0
0,0,0
0,0,0
0,0,0
0,0,0
0,0,0
0,0,0
0,0,0
0,0,0
0,0,0
0,0,0
0,0,0
0,0,0
0,0,0
0,0,0
0,0,0
0,0,0
0,0,0
0,0,0
0,0,0
0,0,0
0,0,0
0,0,0
0,0,0
0,0,0
0,0,0
0,0,0
0,0,0
0,0,0
0,0,0
0,0,0
0,0,0
0,0,0
0,0,0
0,0,0
0,0,0
0,0,0
0,0,0
0,0,0
0,0,0
0,0,0
0,0,0
0,0,0
0,0,0
0,0,0
0,0,0
0,0,0
0,0,0
0,0,0
0,0,0
0,0,0
0,0,0
0,0,0
0,0,0
0,0,0
0,0,0
0,0,0
0,0,0
0,0,0
0,0,0
0,0,0
0,0,0
0,0,0
0,0,0
0,0,0
0,0,0
0,0,0
0,0,0
0,0,0
0,0,0
0,0,0
0,0,0
0,0,0
0,0,0
0,0,0
0,0,0
0,0,0
0,0,0
0,0,0
0,0,0
0,0,0
0,0,0
0,0,0
0,0,0
0,0,0
0,0,0
0,0,0
0,0,0
0,0,0
0,0,0
0,0,0
0,0,0
0,0,0
0,0,0
0,0,0
0,0,0
0,0,0
0,0,0
0,0,0
0,0,0
0,0,0
0,0,0
0,0,0
0,0,0
0,0,0
0,0,0
0,0,0
0,0,0
0,0,0
0,0,0
0,0,0
0,0,0
0,0,0
0,0,0
0,0,0
0,0,0
0,0,0
0,0,0
0,0,0
0,0,0
0,0,0
0,0,0
0,0,0
0,0,0
0,0,0
0,0,0
0,0,0
0,0,0
0,0,0
0,0,0
0,0,0
0,0,0
0,0,0
1.38966,3.87639,0.0390439
1.41719,3.87813,0.0390516
1.43991,3.86655,0.0390495
1.46751,3.86792,0.0390571
1.49481,3.86818,0.0390641
1.5273,3.88127,0.0390809
1.55518,3.88203,0.0390886
1.57142,3.8539,0.0390746
1.60423,3.86635,0.0390913
1.63064,3.86289,0.0390962
1.66575,3.87946,0.0391165
1.69272,3.8765,0.0391221
1.7181,3.86969,0.0391249
1.74551,3.86728,0.0391311
1.77379,3.8665,0.0391388
1.79959,3.86007,0.0391423
1.81554,3.83269,0.0391297
0,0,0
0,0,0
0,0,0
0,0,0
5.9432,11.617,0.0452789
5.99179,11.5368,0.0452447
6.10582,11.5821,0.0453096
6.18574,11.5611,0.0453229
6.27373,11.5546,0.045348
6.35658,11.5378,0.0453655
6.44384,11.5283,0.0453892
6.53073,11.5172,0.0454122
6.6247,11.5177,0.045445
6.70381,11.4915,0.0454569
6.77623,11.4536,0.0454597
6.89011,11.4847,0.045519
6.97032,11.4584,0.0455323
7.04627,11.4248,0.04554
7.12949,11.4025,0.0455574
6.06614,9.57039,0.0440795
6.14367,9.56244,0.0441039
6.22405,9.55809,0.0441319
6.31728,9.5723,0.0441758
6.40646,9.57908,0.0442142
6.50046,9.59174,0.0442582
6.59372,9.60197,0.0443008
6.69191,9.61797,0.044349
6.81532,9.66828,0.0444272
7.00177,9.80451,0.0445801
7.00554,9.68358,0.044513
7.07605,9.65574,0.0445263
7.17092,9.66032,0.0445682
7.26371,9.6609,0.0446073
7.35435,9.65752,0.0446436
7.44095,9.64785,0.044675
7.54309,9.65718,0.0447239
7.63694,9.65464,0.044763
7.70792,9.62243,0.0447762
7.67422,9.46078,0.0446736
7.76005,9.44752,0.0447043
7.85687,9.44663,0.0447469
7.96235,9.45485,0.0447986
8.07342,9.46821,0.0448558
8.17841,9.473,0.0449061
8.28441,9.47761,0.044957
8.39145,9.48202,0.0450087
8.51887,9.50781,0.0450813
8.62004,9.50277,0.045126
8.72147,9.49684,0.0451707
8.86264,9.53251,0.0452558
8.95386,9.5129,0.0452894
9.06034,9.50847,0.0453382
9.58849,9.93998,0.0458109
9.66398,9.89599,0.0458255
9.80536,9.91829,0.0459058
10.1546,10.1463,0.0461906
10.0096,9.87941,0.0459875
10.2612,10.0042,0.0461739
10.3685,9.98546,0.0462186
10.418,9.91062,0.0462074
10.3962,9.76913,0.0461285
10.4736,9.72148,0.0461453
10.7836,9.88682,0.0463826
10.8841,9.85672,0.0464203
11.3461,10.1491,0.0467966
3.66807,3.23977,0.0395856
3.67281,3.20405,0.0395717
3.68028,3.171,0.0395605
3.69815,3.14707,0.0395591
3.73652,3.14041,0.0395765
3.75418,3.11614,0.0395752
3.77246,3.09241,0.0395745
3.80923,3.08368,0.0395905
3.85151,3.07899,0.0396115
3.89544,3.07513,0.0396338
3.93316,3.06593,0.0396505
3.96775,3.05394,0.0396645
3.99278,3.03438,0.0396701
0,0,0
0,0,0
0,0,0
0,0,0
0,0,0
0,0,0
0,0,0
0,0,0
0,0,0
0,0,0
0,0,0
0,0,0
0,0,0
0,0,0
0,0,0
0,0,0
0,0,0
0,0,0
0,0,0
0,0,0
0,0,0
0,0,0
38.6866,21.5853,0.0670969
0,0,0
0,0,0
0,0,0
37.325,19.6402,0.0656141
37.4865,19.4325,0.0656469
36.8303,18.8064,0.0650395
36.9173,18.5662,0.0650179
36.9059,18.2776,0.0649208
36.8924,17.9899,0.0648238
36.9345,17.7307,0.0647714
37.0616,17.5127,0.0647861
37.2064,17.3027,0.0648154
36.7363,16.8107,0.0643735
36.8269,16.5796,0.0643644
36.9015,16.3416,0.0643442
36.7351,15.999,0.0641417
36.8198,15.7678,0.0641319
36.7637,15.4776,0.0640167
36.846,15.2467,0.0640077
36.8194,14.9718,0.0639176
36.9226,14.7504,0.0639267
37.0087,14.5221,0.0639239
36.8302,14.1919,0.0637242
36.9484,13.9777,0.063748
36.9201,13.7086,0.0636635
36.6887,13.3671,0.0634296
36.7277,13.1266,0.0633982
36.7575,12.8835,0.0633612
36.764,12.633,0.0633081
37.7212,12.7037,0.0639567
0,0,0
36.7591,11.8794,0.0631385
36.6902,11.609,0.0630352
36.648,11.3487,0.0629528
37.2443,11.2834,0.0633375
37.4863,11.1061,0.0634638
39.3682,11.4014,0.0647826
39.4769,11.1708,0.0648112
0,0,0
37.065,9.99863,0.0629702
37.1344,9.7733,0.0629765
0,0,0
0,0,0
38.7527,9.44011,0.0640146
36.9573,8.76282,0.0626854
36.9334,8.51813,0.0626303
36.7693,8.243,0.062476
38.9121,8.47303,0.0639714
36.5116,7.71589,0.0622218
36.5063,7.48107,0.0621848
36.4593,7.23863,0.0621192
36.5246,7.01893,0.0621346
36.6457,6.80931,0.0621904
36.6592,6.57938,0.0621709
36.5974,6.33674,0.062099
36.7471,6.13066,0.0621779
37.0397,5.94613,0.0623587
36.5665,5.64022,0.0619991
36.7053,5.43127,0.0620731
36.6914,5.19935,0.0620403
36.682,4.96862,0.0620117
36.5174,4.71832,0.0618749
36.369,4.47244,0.0617506
36.5765,4.27031,0.0618777
36.5563,4.04074,0.0618456
36.4601,3.8038,0.0617611
36.6161,3.59311,0.0618546
36.5179,3.35738,0.0617708
36.6654,3.14418,0.0618602
36.8993,2.93629,0.062011
36.8279,2.70331,0.0619489
36.7081,2.46816,0.0618539
36.6037,2.23562,0.0617708
36.472,2.00302,0.0616696
36.4347,1.77681,0.0616354
36.337,1.54861,0.06156
36.3328,1.32515,0.0615509
36.3103,1.10128,0.06153
36.3203,0.878563,0.0615328
36.322,0.655635,0.0615307
36.3574,0.433137,0.061553
36.3333,0.209893,0.0615349
36.3259,-0.0130452,0.0615293
36.3362,-0.236008,0.061537
36.3461,-0.459109,0.0615454
36.3246,-0.681779,0.0615328
36.2967,-0.904077,0.0615167
36.2345,-1.12504,0.0614776
36.13,-1.34374,0.0614099
36.158,-1.56701,0.0614357
36.1507,-1.78899,0.0614378
36.15,-2.01138,0.0614455
36.164,-2.23482,0.0614644
36.1416,-2.45613,0.0614588
36.1338,-2.67844,0.0614644
36.1287,-2.90106,0.0614727
36.1012,-3.12191,0.0614665
36.0953,-3.34466,0.0614762
36.0811,-3.56676,0.0614811
36.0645,-3.78871,0.0614853
36.0734,-4.01358,0.0615084
36.0888,-4.23962,0.061537
36.1931,-4.47718,0.0616291
36.1491,-4.69711,0.061618
36.069,-4.91195,0.0615824
36.0105,-5.12923,0.0615628
35.9833,-5.35082,0.0615663
35.9695,-5.57457,0.0615803
35.9327,-5.79485,0.0615789
36.0483,-6.04067,0.0616864
36.0825,-6.27425,0.0617373
36.064,-6.49925,0.061752
36.0372,-6.72298,0.0617618
36.0012,-6.94511,0.061766
36.002,-7.17467,0.0617974
35.9642,-7.39685,0.0618023
35.9377,-7.62153,0.0618162
35.9234,-7.84916,0.06184
35.9058,-8.07645,0.0618623
35.8614,-8.29797,0.0618665
35.8867,-8.53613,0.0619216
35.8628,-8.76329,0.0619426
35.8927,-9.00434,0.0620033
35.6141,-9.16708,0.0618428
35.9555,-9.49056,0.0621304
34.6929,-9.3854,0.0612598
35.7901,-9.91826,0.0620969
35.768,-10.1489,0.0621255
35.6407,-10.3495,0.0620787
35.6513,-10.5902,0.0621332
35.3904,-10.7494,0.0619908
35.5826,-11.0467,0.06218
34.8126,-11.0423,0.0616661
34.6929,-11.2391,0.0616284
34.6422,-11.458,0.0616424
34.4945,-11.6445,0.0615858
34.7259,-11.9604,0.0618099
35.2114,-12.3698,0.0622239
34.7262,-12.4393,0.0619209
34.4614,-12.5835,0.0617813
34.3545,-12.7839,0.0617597
34.3408,-13.0193,0.0618085
34.2631,-13.2309,0.0618106
34.2362,-13.4624,0.0618518
34.5196,-13.819,0.0621276
34.3981,-14.0159,0.0621004
34.3059,-14.2244,0.0620962
34.1498,-14.4058,0.0620445
34.1232,-14.6419,0.062092
34.1152,-14.887,0.0621548
34.1183,-15.1382,0.0622274
33.9874,-15.3304,0.0621988
33.9836,-15.5804,0.0622686
33.93,-15.8084,0.0623014
33.8432,-16.0215,0.0623098
33.8154,-16.2631,0.062365
33.7887,-16.5062,0.0624222
33.8095,-16.7741,0.0625179
33.8042,-17.0308,0.0625946
33.7729,-17.2757,0.0626526
33.763,-17.5328,0.0627287
33.7053,-17.7662,0.0627685
33.6617,-18.0081,0.0628208
33.5691,-18.2243,0.0628355
31.1661,-17.1683,0.0610099
30.9057,-17.2728,0.0608863
30.4572,-17.2683,0.060612
30.251,-17.3975,0.0605317
29.7075,-17.3284,0.0601791
29.1444,-17.2405,0.0598091
28.7859,-17.2678,0.0596039
28.5598,-17.3713,0.0595061
28.0748,-17.3132,0.0591961
27.9171,-17.4533,0.0591543
27.1186,-17.1865,0.0585832
26.9159,-17.2904,0.0585029
26.7271,-17.4017,0.0584345
26.3235,-17.3699,0.0581866
26.199,-17.5194,0.058172
25.6514,-17.382,0.0578013
25.3835,-17.4287,0.0576651
25.066,-17.4379,0.0574864
24.3953,-17.1945,0.0570054
24.1811,-17.2666,0.0569126
24.0909,-17.4263,0.0569265
23.9908,-17.5791,0.0569328
23.4047,-17.3714,0.0565174
23.4271,-17.612,0.0566305
23.29,-17.7336,0.0566054
22.921,-17.6759,0.0563764
22.7948,-17.8027,0.056361
22.6749,-17.9342,0.056352
22.1109,-17.7098,0.0559463
22.0065,-17.8489,0.0559505
21.3008,-17.4943,0.0554123
21.7812,-18.1137,0.0559463
21.3377,-17.9675,0.0556433
21.243,-18.1117,0.055658
20.7848,-17.9425,0.0553383
20.6698,-18.0657,0.0553341
20.4896,-18.1312,0.0552698
19.8201,-17.7569,0.0547469
20.1626,-18.2879,0.0551728
19.9808,-18.3477,0.0551072
18.9303,-17.5985,0.0542136
18.8992,-17.787,0.0542876
18.768,-17.8819,0.0542666
18.6032,-17.944,0.0542136
18.4791,-18.0445,0.0542003
18.3531,-18.1428,0.0541857
18.0775,-18.091,0.0540237
18.557,-18.8,0.0546108
18.7687,-19.2493,0.0549382
17.7837,-18.4646,0.0540663
17.6053,-18.5052,0.0540006
18.3187,-19.4932,0.054844
18.1518,-19.5546,0.0547958
17.7422,-19.3502,0.054497
17.6098,-19.4439,0.0544831
16.754,-18.7288,0.0537123
16.6666,-18.8627,0.0537416
17.2771,-19.7971,0.0545131
17.1671,-19.9164,0.0545256
16.3639,-19.2219,0.0537926
16.8718,-20.0666,0.0544719
16.8922,-20.3429,0.054629
16.7816,-20.4639,0.054645
15.9665,-19.7156,0.0538806
16.4493,-20.5683,0.0545557
16.306,-20.6477,0.0545368
16.0511,-20.5833,0.0543916
15.7756,-20.4881,0.0542213
16.3638,-21.5239,0.055045
16.0813,-21.4239,0.0548705
15.3411,-20.7011,0.054157
15.7659,-21.5494,0.0548098
15.5174,-21.4853,0.0546715
15.4277,-21.6395,0.0547225
15.8241,-22.4861,0.0553648
14.1597,-20.3858,0.0534973
15.4367,-22.5178,0.0552287
14.6392,-21.6381,0.0544077
14.5251,-21.7558,0.0544314
14.3935,-21.8478,0.0544342
14.2466,-21.9164,0.0544181
0,0,0
14.2188,-22.4724,0.0547344
0,0,0
15.2224,-24.7246,0.0564392
0,0,0
12.3543,-20.6295,0.0529562
12.0083,-20.3339,0.0526553
13.292,-22.8259,0.0546094
12.3883,-21.5776,0.0535392
0,0,0
13.9542,-25.0105,0.0561635
13.7644,-25.03,0.0561111
13.844,-25.5447,0.0564532
13.6988,-25.6513,0.0564706
11.2113,-21.3074,0.0529779
12.7124,-24.5239,0.0554535
10.9599,-21.4648,0.0529946
12.7156,-25.2847,0.0559275
12.5757,-25.3936,0.0559519
12.1922,-25.0038,0.0555896
12.2614,-25.5424,0.0559491
12.0199,-25.4381,0.0558109
11.8168,-25.4108,0.0557334
9.20002,-20.1061,0.0516054
9.08592,-20.1831,0.0516214
10.981,-24.7974,0.0551023
0,0,0
9.52388,-22.2406,0.0530596
0,0,0
10.4257,-25.1962,0.0552056
10.2946,-25.318,0.0552496
10.1331,-25.3658,0.0552384
0,0,0
0,0,0
0,0,0
0,0,0
0,0,0
0,0,0
0,0,0
0,0,0
0,0,0
0,0,0
0,0,0
0,0,0
0,0,0
0,0,0
0,0,0
0,0,0
0,0,0
0,0,0
0,0,0
0,0,0
0,0,0
0,0,0
0,0,0
0,0,0
0,0,0
0,0,0
0,0,0
0,0,0
0,0,0
0,0,0
0,0,0
0,0,0
0,0,0
0,0,0
0,0,0
0,0,0
0,0,0
0,0,0
0,0,0
0,0,0
0,0,0
0,0,0
0,0,0
0,0,0
0,0,0
0,0,0
0,0,0
0,0,0
0,0,0
0,0,0
0,0,0
0,0,0
0,0,0
0,0,0
0,0,0
0,0,0
0,0,0
0,0,0
0,0,0
0,0,0
0,0,0
0,0,0
0,0,0
0,0,0
0,0,0
0,0,0
0,0,0
0,0,0
0,0,0
0,0,0
0,0,0
0,0,0
0,0,0
0,0,0
0,0,0
0,0,0
0,0,0
0,0,0
0,0,0
0,0,0
0,0,0
0,0,0
0,0,0
0,0,0
0,0,0
0,0,0
0,0,0
0,0,0
0,0,0
0,0,0
0,0,0
0,0,0
0,0,0
0,0,0
0,0,0
0,0,0
0,0,0
0,0,0
0,0,0
0,0,0
0,0,0
0,0,0
0,0,0
0,0,0
0,0,0
0,0,0
0,0,0
0,0,0
0,0,0
0,0,0
0,0,0
0,0,0
0,0,0
0,0,0
0,0,0
0,0,0
0,0,0
0,0,0
0,0,0
0,0,0
0,0,0
0,0,0
0,0,0
0,0,0
0,0,0
0,0,0
0,0,0
0,0,0
0,0,0
0,0,0
0,0,0
0,0,0
0,0,0
0,0,0
0,0,0
0,0,0
0,0,0
0,0,0
0,0,0
0,0,0
0,0,0
0,0,0
0,0,0
0,0,0
0,0,0
0,0,0
0,0,0
0,0,0
0,0,0
0,0,0
0,0,0
0,0,0
0,0,0
0,0,0
0,0,0
0,0,0
0,0,0
0,0,0
0,0,0
0,0,0
0,0,0
0,0,0
0,0,0
0,0,0
0,0,0
0,0,0
0,0,0
0,0,0
0,0,0
0,0,0
0,0,0
0,0,0
0,0,0
0,0,0
0,0,0
0,0,0
0,0,0
0,0,0
0,0,0
0,0,0
0,0,0
0,0,0
0,0,0
0,0,0
0,0,0
0,0,0
0,0,0
0,0,0
0,0,0
0,0,0
0,0,0
0,0,0
0,0,0
0,0,0
0,0,0
0,0,0
0,0,0
0,0,0
0,0,0
0,0,0
0,0,0
0,0,0
0,0,0
0,0,0
0,0,0
0,0,0
0,0,0
0,0,0
0,0,0
0,0,0
0,0,0
0,0,0
0,0,0
0,0,0
0,0,0
0,0,0
0,0,0
0,0,0
0,0,0
0,0,0
0,0,0
0,0,0
0,0,0
0,0,0
0,0,0
0,0,0
0,0,0
0,0,0
0,0,0
0,0,0
0,0,0
0,0,0
0,0,0
0,0,0
0,0,0
0,0,0
0,0,0
0,0,0
0,0,0
0,0,0
0,0,0
0,0,0
0,0,0
0,0,0
0,0,0
0,0,0
0,0,0
0,0,0
0,0,0
0,0,0
0,0,0
0,0,0
0,0,0
0,0,0
0,0,0
0,0,0
0,0,0
0,0,0
0,0,0
0,0,0
0,0,0
0,0,0
0,0,0
0,0,0
0,0,0
0,0,0
0,0,0
0,0,0
0,0,0
0,0,0
0,0,0
0,0,0
0,0,0
0,0,0
0,0,0
0,0,0
0,0,0
0,0,0
0,0,0
0,0,0
0,0,0
0,0,0
0,0,0
0,0,0
0,0,0
0,0,0
0,0,0
0,0,0
0,0,0
0,0,0
0,0,0
0,0,0
0,0,0
0,0,0
0,0,0
0,0,0
0,0,0
0,0,0
0,0,0
0,0,0
0,0,0
0,0,0
0,0,0
0,0,0
0,0,0
0,0,0
0,0,0
0,0,0
0,0,0
0,0,0
0,0,0
0,0,0
0,0,0
0,0,0
0,0,0
0,0,0
0,0,0
0,0,0
0,0,0
0,0,0
0,0,0
0,0,0
0,0,0
0,0,0
0,0,0
0,0,0
0,0,0
0,0,0
0,0,0
0,0,0
0,0,0
0,0,0
0,0,0
0,0,0
0,0,0
0,0,0
0,0,0
0,0,0
0,0,0
0,0,0
0,0,0
0,0,0
0,0,0
0,0,0
0,0,0
0,0,0
0,0,0
0,0,0
0,0,0
0,0,0
0,0,0
0,0,0
0,0,0
0,0,0
0,0,0
0,0,0
0,0,0
0,0,0
0,0,0
0,0,0
0,0,0
0,0,0
0,0,0
0,0,0
0,0,0
0,0,0
0,0,0
0,0,0
0,0,0
0,0,0
0,0,0
0,0,0
0,0,0
0,0,0
0,0,0
0,0,0
0,0,0
0,0,0
0,0,0
0,0,0
0,0,0
0,0,0
0,0,0
0,0,0
0,0,0
0,0,0
0,0,0
0,0,0
0,0,0
0,0,0
0,0,0
0,0,0
0,0,0
0,0,0
0,0,0
0,0,0
0,0,0
0,0,0
0,0,0
0,0,0
0,0,0
0,0,0
0,0,0
0,0,0
0,0,0
0,0,0
0,0,0
0,0,0
0,0,0
0,0,0
0,0,0
0,0,0
0,0,0
0,0,0
0,0,0
0,0,0
0,0,0
0,0,0
0,0,0
0,0,0
0,0,0
0,0,0
0,0,0
0,0,0
0,0,0
0,0,0
0,0,0
0,0,0
0,0,0
0,0,0
0,0,0
0,0,0
0,0,0
0,0,0
0,0,0
0,0,0
0,0,0
0,0,0
0,0,0
0,0,0
0,0,0
0,0,0
0,0,0
0,0,0
0,0,0
0,0,0
0,0,0
0,0,0
0,0,0
0,0,0
0,0,0
0,0,0
0,0,0
0,0,0
0,0,0
0,0,0
0,0,0
0,0,0
0,0,0
0,0,0
0,0,0
0,0,0
0,0,0
0,0,0
0,0,0
0,0,0
0,0,0
0,0,0
0,0,0
0,0,0
0,0,0
0,0,0
0,0,0
0,0,0
0,0,0
0,0,0
0,0,0
0,0,0
0,0,0
0,0,0
0,0,0
0,0,0
0,0,0
0,0,0
0,0,0
0,0,0
0,0,0
0,0,0
0,0,0
0,0,0
0,0,0
0,0,0
0,0,0
0,0,0
0,0,0
0,0,0
0,0,0
0,0,0
0,0,0
0,0,0
0,0,0
0,0,0
0,0,0
0,0,0
0,0,0
0,0,0
0,0,0
0,0,0
0,0,0
0,0,0
0,0,0
0,0,0
0,0,0
0,0,0
0,0,0
0,0,0
0,0,0
0,0,0
0,0,0
0,0,0
0,0,0
0,0,0
0,0,0
0,0,0
0,0,0
0,0,0
0,0,0
0,0,0
0,0,0
0,0,0
0,0,0
0,0,0
0,0,0
0,0,0
0,0,0
0,0,0
0,0,0
0,0,0
0,0,0
0,0,0
0,0,0
0,0,0
0,0,0
0,0,0
0,0,0
0,0,0
0,0,0
0,0,0
0,0,0
0,0,0
0,0,0
0,0,0
0,0,0
0,0,0
0,0,0
0,0,0
0,0,0
0,0,0
0,0,0
0,0,0
0,0,0
0,0,0
0,0,0
0,0,0
0,0,0
0,0,0
0,0,0
0,0,0
0,0,0
0,0,0
0,0,0
0,0,0
0,0,0
0,0,0
0,0,0
0,0,0
0,0,0
0,0,0
0,0,0
0,0,0
0,0,0
0,0,0
0,0,0
0,0,0
0,0,0
0,0,0
0,0,0
0,0,0
0,0,0
0,0,0
0,0,0
0,0,0
0,0,0
0,0,0
0,0,0
0,0,0
0,0,0
0,0,0
0,0,0
0,0,0
0,0,0
0,0,0
0,0,0
0,0,0
0,0,0
0,0,0
0,0,0
0,0,0
0,0,0
0,0,0
0,0,0
0,0,0
1.3719,3.91003,-0.0113723
1.38576,3.87329,-0.0110268
1.4023,3.84499,-0.0107849
1.42761,3.841,-0.0108425
1.45434,3.84058,-0.0109461
1.48076,3.83905,-0.0110383
1.50684,3.83641,-0.0111189
1.53036,3.82709,-0.0111189
1.55532,3.82133,-0.011165
1.58218,3.82003,-0.0112687
1.60909,3.81854,-0.0113723
1.64076,3.8279,-0.0116142
1.66941,3.82967,-0.011764
1.70463,3.84587,-0.012098
1.73477,3.84992,-0.0122823
1.76502,3.85375,-0.0124666
1.79159,3.84919,-0.0125473
1.8186,3.84536,-0.0126394
1.86858,3.88911,-0.0133421
3.87158,7.93199,-0.0653154
3.92284,7.91346,-0.0653845
3.97851,7.90353,-0.0655688
4.03058,7.88609,-0.065661
5.99024,11.5445,-0.113465
6.08426,11.5518,-0.11404
6.18803,11.576,-0.114847
6.27134,11.5607,-0.115146
6.35662,11.5482,-0.115492
6.44589,11.5422,-0.11593
6.52792,11.5224,-0.116194
6.61195,11.5056,-0.116506
6.70609,11.5054,-0.117047
6.74858,11.4167,-0.116413
6.89459,11.502,-0.118118
6.9775,11.48,-0.118395
7.04309,11.4293,-0.118291
6.00787,9.61686,-0.0942625
6.04109,9.53926,-0.0937096
6.1384,9.5626,-0.0945389
6.22804,9.57253,-0.0951955
6.31198,9.57253,-0.0957254
6.40282,9.58185,-0.0963935
6.49009,9.5846,-0.0969809
6.57537,9.58335,-0.0975223
6.69626,9.63232,-0.0987779
6.81973,9.68261,-0.100068
5.76092,8.07374,-0.0778941
7.01185,9.70029,-0.101519
7.08483,9.67564,-0.101784
6.0557,8.1647,-0.0807393
7.2667,9.67271,-0.103005
7.35195,9.66216,-0.103501
7.4526,9.67073,-0.104284
7.55056,9.67448,-0.10501
7.62404,9.64601,-0.105275
7.69808,9.61778,-0.105551
7.67636,9.47094,-0.104077
7.75589,9.44993,-0.104468
7.89298,9.49753,-0.105897
7.96849,9.46957,-0.106208
8.08028,9.48367,-0.107164
8.18992,9.49373,-0.108074
8.2888,9.48999,-0.108788
8.41709,9.51835,-0.110009
8.50868,9.50377,-0.110585
8.62459,9.5151,-0.111575
8.7342,9.51799,-0.112451
8.8496,9.52575,-0.113418
8.95653,9.52299,-0.114236
9.1527,9.61268,-0.11654
9.39749,9.74928,-0.119627
9.81121,10.0543,-0.125467
3.66388,3.70919,-0.0236976
9.93032,9.92957,-0.12541
9.97754,9.8551,-0.125191
3.88613,3.79195,-0.0261857
3.91797,3.77636,-0.0263239
3.95555,3.76604,-0.0265543
3.99388,3.75608,-0.0267962
4.03517,3.74852,-0.0270841
4.06841,3.73315,-0.0272454
11.5014,10.4235,-0.142446
11.5682,10.3554,-0.142492
3.68246,3.25627,-0.0202649
3.66999,3.20533,-0.0197696
3.67444,3.16969,-0.0195392
3.69687,3.14968,-0.0195853
3.72301,3.13273,-0.019689
3.75985,3.12452,-0.0199539
3.80059,3.11915,-0.0202765
3.86239,3.1304,-0.02091
3.88387,3.10852,-0.0209446
3.90522,3.08649,-0.0209791
3.92487,3.06308,-0.0209906
3.95389,3.04688,-0.0211404
4.01628,3.05586,-0.0217739
0,0,0
0,0,0
0,0,0
0,0,0
0,0,0
50.9956,35.9106,-0.68213
51.2881,35.6478,-0.683156
52.0401,35.699,-0.69062
52.6333,35.633,-0.695838
0,0,0
0,0,0
35.9194,23.3652,-0.457258
36.0335,23.126,-0.456867
36.2026,22.9222,-0.457247
36.3366,22.6959,-0.457166
36.3441,22.3917,-0.455392
36.4244,22.134,-0.454632
36.544,21.9009,-0.454425
36.8051,21.7515,-0.456129
36.8498,21.4739,-0.454954
36.6722,21.0701,-0.450854
36.5346,20.6939,-0.447329
36.7324,20.5093,-0.448273
36.8173,20.2613,-0.447744
35.0933,19.033,-0.423531
35.2156,18.8206,-0.423611
36.7805,19.3678,-0.442491
34.8208,18.0638,-0.415525
34.8962,17.8321,-0.415076
0,0,0
34.9162,17.3052,-0.412553
34.7728,16.9692,-0.409362
35.0061,16.8179,-0.411021
35.0625,16.581,-0.410434
35.0222,16.2997,-0.408637
34.927,15.9954,-0.406172
34.9233,15.7352,-0.404893
34.8555,15.4481,-0.402831
34.8516,15.1912,-0.401599
34.8706,14.9455,-0.400677
34.8336,14.6773,-0.399076
34.8417,14.4296,-0.398062
34.8647,14.1892,-0.397256
34.8109,13.919,-0.395517
34.7542,13.6495,-0.393766
34.7254,13.3929,-0.392384
34.7003,13.1392,-0.39107
34.6753,12.887,-0.38978
34.7011,12.6548,-0.389135
34.7065,12.416,-0.38826
34.6471,12.1555,-0.386613
34.6274,11.9105,-0.385472
34.6364,11.6764,-0.3847
34.64,11.4414,-0.383883
34.6305,11.2031,-0.382927
34.6186,10.965,-0.381959
34.6212,10.7326,-0.381187
34.6003,10.4938,-0.380151
34.5404,10.2446,-0.378665
34.4988,10.0024,-0.377421
34.4643,9.76358,-0.37628
34.4696,9.537,-0.375635
34.4049,9.29221,-0.374172
34.3965,9.06386,-0.3734
34.4214,8.84492,-0.373043
34.3868,8.61144,-0.371995
34.3826,8.38655,-0.371327
34.3663,8.15948,-0.370532
34.3475,7.93271,-0.369726
34.3097,7.70254,-0.368712
34.3055,7.48079,-0.368113
34.295,7.25836,-0.367457
0,0,0
34.203,6.80147,-0.36536
34.2843,6.59922,-0.365833
0,0,0
33.8923,6.09343,-0.360326
0,0,0
33.571,5.61129,-0.35573
32.891,5.2904,-0.347402
33.4842,5.17523,-0.353945
32.7378,4.8544,-0.344891
32.7037,4.64444,-0.344154
33.112,4.49534,-0.348577
0,0,0
32.7201,4.03386,-0.343417
32.6767,3.82511,-0.342633
32.6926,3.62377,-0.342553
32.4865,3.39927,-0.339915
32.3863,3.18802,-0.338521
32.459,2.9942,-0.339143
32.4818,2.79541,-0.339201
32.278,2.57846,-0.336655
32.3411,2.38388,-0.337208
32.1366,2.17064,-0.334685
32.1863,1.97568,-0.335112
32.1379,1.77485,-0.33442
32.1252,1.57649,-0.334155
32.1053,1.3781,-0.333821
32.0992,1.18057,-0.33366
32.0918,0.98316,-0.333499
32.0902,0.786059,-0.333418
32.0955,0.58916,-0.33343
32.0895,0.392105,-0.333326
32.0413,0.194897,-0.33275
32.0409,-0.00170814,-0.332739
32.0333,-0.198264,-0.332658
32.0234,-0.394714,-0.332566
32.0254,-0.591291,-0.332623
32.0332,-0.788079,-0.332762
32.0227,-0.984462,-0.332704
32.0101,-1.18071,-0.332635
31.9993,-1.37697,-0.3326
31.9962,-1.57358,-0.33267
31.9859,-1.76988,-0.33267
31.9715,-1.96592,-0.332635
31.9648,-2.16246,-0.332704
31.9569,-2.359,-0.332773
31.9727,-2.55751,-0.33313
31.9824,-2.75587,-0.33343
31.9479,-2.9505,-0.333234
31.9352,-3.14706,-0.333303
31.9222,-3.34368,-0.333384
31.9051,-3.53993,-0.33343
31.9483,-3.74331,-0.33419
31.9376,-3.94086,-0.33434
31.9238,-4.13817,-0.334466
31.9017,-4.33451,-0.334513
31.8904,-4.53242,-0.334697
31.8976,-4.7333,-0.335112
31.8857,-4.93168,-0.335319
31.8815,-5.13153,-0.33563
31.8761,-5.33151,-0.335941
31.8595,-5.5299,-0.336137
31.8466,-5.72918,-0.33639
31.8364,-5.92924,-0.33669
31.8417,-6.1326,-0.337185
31.8417,-6.33547,-0.337634
31.8257,-6.53556,-0.337911
31.8026,-6.73444,-0.338118
31.7969,-6.93734,-0.338544
31.8317,-7.14985,-0.339466
31.8331,-7.35561,-0.340007
31.7542,-7.54294,-0.339615
31.7317,-7.74356,-0.339903
31.733,-7.95051,-0.340491
31.6575,-8.13835,-0.34018
30.9214,-8.15171,-0.332013
30.5774,-8.26199,-0.328511
30.4779,-8.43612,-0.327935
30.416,-8.62024,-0.32782
30.2204,-8.76548,-0.326115
0,0,0
0,0,0
0,0,0
29.7902,-9.43924,-0.323627
29.6842,-9.60646,-0.323051
29.6418,-9.79406,-0.323259
29.3556,-9.89971,-0.320517
29.5846,-10.1795,-0.324053
29.1998,-10.2479,-0.320125
29.2588,-10.4707,-0.321623
29.1489,-10.6336,-0.32107
28.3905,-10.5547,-0.312557
0,0,0
28.9147,-11.1554,-0.320655
0,0,0
0,0,0
0,0,0
0,0,0
0,0,0
27.5912,-11.8291,-0.309459
27.3604,-11.9294,-0.307478
27.2355,-12.0744,-0.306833
27.0497,-12.1911,-0.305427
26.9717,-12.3556,-0.305393
27.1745,-12.6509,-0.308941
26.7927,-12.6737,-0.30507
26.8082,-12.8829,-0.306268
19.7017,-9.61696,-0.21619
26.5343,-13.1545,-0.304805
0,0,0
0,0,0
25.7418,-13.3575,-0.297721
25.6443,-13.5072,-0.297525
25.568,-13.6681,-0.297617
25.5531,-13.8624,-0.298527
25.4185,-13.9919,-0.297882
25.498,-14.2403,-0.300071
25.2788,-14.322,-0.298332
25.0032,-14.3692,-0.295844
24.6934,-14.3935,-0.292895
24.1742,-14.2903,-0.287135
23.9617,-14.3638,-0.285465
23.6108,-14.3511,-0.281929
23.284,-14.3488,-0.278703
23.0005,-14.3696,-0.276054
22.6888,-14.3692,-0.273013
22.347,-14.3455,-0.269546
22.044,-14.3428,-0.266597
21.7769,-14.3599,-0.264132
21.5221,-14.3822,-0.261828
21.1817,-14.3435,-0.258326
20.9326,-14.3629,-0.25608
20.6577,-14.3615,-0.253465
20.3672,-14.3457,-0.25062
16.8871,-12.0501,-0.202621
19.8153,-14.324,-0.245299
19.5689,-14.3295,-0.243041
19.2983,-14.3141,-0.240426
19.0102,-14.282,-0.237546
18.7718,-14.284,-0.235369
18.5967,-14.3317,-0.234102
18.4777,-14.4216,-0.233653
18.2359,-14.4138,-0.231407
18.0878,-14.4779,-0.230531
17.9598,-14.5571,-0.229955
17.8701,-14.6671,-0.229955
17.7613,-14.7611,-0.229679
17.6138,-14.8222,-0.228826
17.4411,-14.8606,-0.227594
17.2216,-14.8569,-0.225647
17.0902,-14.9274,-0.225037
16.9564,-14.9949,-0.224392
16.8298,-15.068,-0.223862
16.7148,-15.1508,-0.223516
16.5618,-15.1984,-0.222583
16.4272,-15.2616,-0.221938
13.3171,-12.5251,-0.174238
16.1598,-15.3869,-0.220683
16.0614,-15.4822,-0.220625
15.8874,-15.5037,-0.219358
15.7258,-15.5355,-0.218287
15.6076,-15.6091,-0.217918
15.4729,-15.6654,-0.217285
15.3674,-15.7508,-0.217135
15.2032,-15.7749,-0.216017
15.0523,-15.8114,-0.215119
14.9344,-15.8816,-0.214773
14.8211,-15.9561,-0.214508
14.7499,-16.0762,-0.214969
14.6436,-16.1583,-0.214843
14.5615,-16.2672,-0.215142
14.4641,-16.3592,-0.215188
14.3338,-16.4138,-0.21467
14.2427,-16.5128,-0.214843
14.108,-16.5611,-0.214255
14.0048,-16.6458,-0.214232
13.8673,-16.6891,-0.213598
13.7456,-16.7507,-0.213253
13.5059,-16.6661,-0.210753
13.3978,-16.7416,-0.21065
13.2632,-16.7835,-0.210062
13.1268,-16.822,-0.20944
12.9958,-16.8666,-0.208922
12.791,-16.8131,-0.206998
12.6594,-16.8537,-0.206457
12.4908,-16.8435,-0.205201
12.34,-16.8553,-0.20428
12.183,-16.857,-0.203231
12.034,-16.8679,-0.202333
11.8963,-16.8932,-0.201653
11.7525,-16.9084,-0.200847
11.609,-16.9225,-0.200041
11.4971,-16.9818,-0.199879
11.3665,-17.0129,-0.199338
11.2355,-17.0423,-0.198785
11.086,-17.0422,-0.197841
10.9208,-17.0156,-0.19655
10.7878,-17.0375,-0.19594
10.6248,-17.0101,-0.194673
10.4567,-16.972,-0.193279
10.3348,-17.0068,-0.192887
10.2117,-17.039,-0.192473
10.1283,-17.1375,-0.192957
10.0144,-17.1846,-0.192761
9.87941,-17.1946,-0.192081
9.74513,-17.2044,-0.191413
9.60088,-17.1949,-0.190503
9.49374,-17.2509,-0.190468
9.37437,-17.2842,-0.190146
9.23279,-17.2752,-0.189282
9.11916,-17.3174,-0.189098
9.00767,-17.3633,-0.188971
8.92098,-17.4574,-0.189478
8.77324,-17.4314,-0.188441
8.59107,-17.3335,-0.186494
8.48017,-17.3769,-0.186379
8.35347,-17.3871,-0.185849
8.1808,-17.2989,-0.184075
8.07619,-17.3524,-0.184122
7.95457,-17.3689,-0.183707
7.83799,-17.3955,-0.18343
7.70639,-17.3875,-0.182728
7.59037,-17.4133,-0.182463
7.47944,-17.4504,-0.182348
7.37223,-17.496,-0.182348
7.21462,-17.4198,-0.180839
7.05596,-17.3369,-0.179261
6.93868,-17.3529,-0.178927
6.91322,-17.6018,-0.181484
6.77738,-17.5721,-0.180597
6.66483,-17.6012,-0.180447
6.53616,-17.5864,-0.179767
6.39147,-17.5257,-0.178535
6.29022,-17.5824,-0.178754
6.16367,-17.5679,-0.178109
6.02682,-17.5212,-0.177083
5.86202,-17.3882,-0.175022
5.73264,-17.3555,-0.174192
0,0,0
0,0,0
0,0,0
0,0,0
0,0,0
0,0,0
0,0,0
0,0,0
0,0,0
0,0,0
0,0,0
0,0,0
0,0,0
0,0,0
0,0,0
0,0,0
0,0,0
0,0,0
0,0,0
0,0,0
0,0,0
0,0,0
0,0,0
0,0,0
0,0,0
0,0,0
0,0,0
0,0,0
0,0,0
0,0,0
0,0,0
0,0,0
0,0,0
0,0,0
0,0,0
0,0,0
0,0,0
0,0,0
0,0,0
0,0,0
0,0,0
0,0,0
0,0,0
0,0,0
0,0,0
0,0,0
0,0,0
0,0,0
0,0,0
0,0,0
0,0,0
0,0,0
0,0,0
0,0,0
0,0,0
0,0,0
0,0,0
0,0,0
0,0,0
0,0,0
0,0,0
0,0,0
0,0,0
0,0,0
0,0,0
0,0,0
0,0,0
0,0,0
0,0,0
0,0,0
0,0,0
0,0,0
0,0,0
0,0,0
0,0,0
0,0,0
0,0,0
0,0,0
0,0,0
0,0,0
0,0,0
0,0,0
0,0,0
0,0,0
0,0,0
0,0,0
0,0,0
0,0,0
0,0,0
0,0,0
0,0,0
0,0,0
0,0,0
0,0,0
0,0,0
0,0,0
0,0,0
0,0,0
0,0,0
0,0,0
0,0,0
0,0,0
0,0,0
0,0,0
0,0,0
0,0,0
0,0,0
0,0,0
0,0,0
0,0,0
0,0,0
0,0,0
0,0,0
0,0,0
0,0,0
0,0,0
0,0,0
0,0,0
0,0,0
0,0,0
0,0,0
0,0,0
0,0,0
0,0,0
0,0,0
0,0,0
0,0,0
0,0,0
0,0,0
0,0,0
0,0,0
0,0,0
0,0,0
0,0,0
0,0,0
0,0,0
0,0,0
0,0,0
0,0,0
0,0,0
0,0,0
0,0,0
0,0,0
0,0,0
0,0,0
0,0,0
0,0,0
0,0,0
0,0,0
0,0,0
0,0,0
0,0,0
0,0,0
0,0,0
0,0,0
0,0,0
0,0,0
0,0,0
0,0,0
0,0,0
0,0,0
0,0,0
0,0,0
0,0,0
0,0,0
0,0,0
0,0,0
0,0,0
0,0,0
0,0,0
0,0,0
0,0,0
0,0,0
0,0,0
0,0,0
0,0,0
0,0,0
0,0,0
0,0,0
0,0,0
0,0,0
0,0,0
0,0,0
0,0,0
0,0,0
0,0,0
0,0,0
0,0,0
0,0,0
0,0,0
0,0,0
0,0,0
0,0,0
0,0,0
0,0,0
0,0,0
0,0,0
0,0,0
0,0,0
0,0,0
0,0,0
0,0,0
0,0,0
0,0,0
0,0,0
0,0,0
0,0,0
0,0,0
0,0,0
0,0,0
0,0,0
0,0,0
0,0,0
0,0,0
0,0,0
0,0,0
0,0,0
0,0,0
0,0,0
0,0,0
0,0,0
0,0,0
0,0,0
0,0,0
0,0,0
0,0,0
0,0,0
0,0,0
0,0,0
0,0,0
0,0,0
0,0,0
0,0,0
0,0,0
0,0,0
0,0,0
0,0,0
0,0,0
0,0,0
0,0,0
0,0,0
0,0,0
0,0,0
0,0,0
0,0,0
0,0,0
0,0,0
0,0,0
0,0,0
0,0,0
0,0,0
0,0,0
0,0,0
0,0,0
0,0,0
0,0,0
0,0,0
0,0,0
0,0,0
0,0,0
0,0,0
0,0,0
0,0,0
0,0,0
0,0,0
0,0,0
0,0,0
0,0,0
0,0,0
0,0,0
0,0,0
0,0,0
0,0,0
0,0,0
0,0,0
0,0,0
0,0,0
0,0,0
0,0,0
0,0,0
0,0,0
0,0,0
0,0,0
0,0,0
0,0,0
0,0,0
0,0,0
0,0,0
0,0,0
0,0,0
0,0,0
0,0,0
0,0,0
0,0,0
0,0,0
0,0,0
0,0,0
0,0,0
0,0,0
0,0,0
0,0,0
0,0,0
0,0,0
0,0,0
0,0,0
0,0,0
0,0,0
0,0,0
0,0,0
0,0,0
0,0,0
0,0,0
0,0,0
0,0,0
0,0,0
0,0,0
0,0,0
0,0,0
0,0,0
0,0,0
0,0,0
0,0,0
0,0,0
0,0,0
0,0,0
0,0,0
0,0,0
0,0,0
0,0,0
0,0,0
0,0,0
0,0,0
0,0,0
0,0,0
0,0,0
0,0,0
0,0,0
0,0,0
0,0,0
0,0,0
0,0,0
0,0,0
0,0,0
0,0,0
0,0,0
0,0,0
0,0,0
0,0,0
0,0,0
0,0,0
0,0,0
0,0,0
0,0,0
0,0,0
0,0,0
0,0,0
0,0,0
0,0,0
0,0,0
0,0,0
0,0,0
0,0,0
0,0,0
0,0,0
0,0,0
0,0,0
0,0,0
0,0,0
0,0,0
0,0,0
0,0,0
0,0,0
0,0,0
0,0,0
0,0,0
0,0,0
0,0,0
0,0,0
0,0,0
0,0,0
0,0,0
0,0,0
0,0,0
0,0,0
0,0,0
0,0,0
0,0,0
0,0,0
0,0,0
0,0,0
0,0,0
0,0,0
0,0,0
0,0,0
0,0,0
0,0,0
0,0,0
0,0,0
0,0,0
0,0,0
0,0,0
0,0,0
0,0,0
0,0,0
0,0,0
0,0,0
0,0,0
0,0,0
0,0,0
0,0,0
0,0,0
0,0,0
0,0,0
0,0,0
0,0,0
0,0,0
0,0,0
0,0,0
0,0,0
0,0,0
0,0,0
0,0,0
0,0,0
0,0,0
0,0,0
0,0,0
0,0,0
0,0,0
0,0,0
0,0,0
0,0,0
0,0,0
0,0,0
0,0,0
0,0,0
0,0,0
0,0,0
0,0,0
0,0,0
0,0,0
0,0,0
0,0,0
0,0,0
0,0,0
0,0,0
0,0,0
0,0,0
0,0,0
0,0,0
0,0,0
0,0,0
0,0,0
0,0,0
0,0,0
0,0,0
0,0,0
0,0,0
0,0,0
0,0,0
0,0,0
0,0,0
0,0,0
0,0,0
0,0,0
0,0,0
0,0,0
0,0,0
0,0,0
0,0,0
0,0,0
0,0,0
0,0,0
0,0,0
0,0,0
0,0,0
0,0,0
0,0,0
0,0,0
0,0,0
0,0,0
0,0,0
0,0,0
0,0,0
0,0,0
0,0,0
0,0,0
0,0,0
0,0,0
0,0,0
0,0,0
0,0,0
0,0,0
0,0,0
0,0,0
0,0,0
0,0,0
0,0,0
0,0,0
0,0,0
0,0,0
0,0,0
0,0,0
0,0,0
0,0,0
0,0,0
0,0,0
0,0,0
0,0,0
0,0,0
0,0,0
0,0,0
0,0,0
0,0,0
0,0,0
0,0,0
0,0,0
0,0,0
0,0,0
0,0,0
0,0,0
0,0,0
0,0,0
0,0,0
0,0,0
0,0,0
0,0,0
0,0,0
0,0,0
0,0,0
0,0,0
0,0,0
0,0,0
0,0,0
0,0,0
0,0,0
0,0,0
0,0,0
0,0,0
0,0,0
0,0,0
0,0,0
0,0,0
0,0,0
0,0,0
0,0,0
0,0,0
0,0,0
0,0,0
0,0,0
0,0,0
0,0,0
0,0,0
0,0,0
0,0,0
0,0,0
0,0,0
0,0,0
0,0,0
0,0,0
0,0,0
0,0,0
0,0,0
0,0,0
0,0,0
0,0,0
0,0,0
0,0,0
0,0,0
0,0,0
0,0,0
0,0,0
0,0,0
0,0,0
0,0,0
0,0,0
0,0,0
0,0,0
0,0,0
0,0,0
0,0,0
0,0,0
0,0,0
0,0,0
0,0,0
0,0,0
0,0,0
0,0,0
0,0,0
0,0,0
0,0,0
0,0,0
0,0,0
0,0,0
0,0,0
0,0,0
0,0,0
0,0,0
0,0,0
0,0,0
0,0,0
0,0,0
0,0,0
0,0,0
0,0,0
0,0,0
0,0,0
0,0,0
0,0,0
0,0,0
0,0,0
0,0,0
0,0,0
0,0,0
0,0,0
0,0,0
0,0,0
0,0,0
9.16469,38.5595,-0.911304
9.41534,38.5608,-0.912738
9.6576,38.5256,-0.913312
9.90476,38.5082,-0.914364
0,0,0
10.4194,38.542,-0.918285
10.6655,38.513,-0.91917
0,0,0
0,0,0
0,0,0
11.7039,38.5573,-0.927108
0,0,0
0,0,0
0,0,0
0,0,0
0,0,0
1.33214,3.86676,-0.0612527
1.34822,3.83681,-0.0607028
1.36635,3.81341,-0.0603203
1.39246,3.81247,-0.0605116
1.41722,3.8076,-0.0606072
1.44623,3.81379,-0.0609897
1.47392,3.81604,-0.0612766
1.49804,3.80878,-0.0613245
1.5225,3.8023,-0.0613962
1.55221,3.80863,-0.0618026
1.57593,3.79996,-0.0618265
1.60582,3.80588,-0.062233
1.6319,3.80238,-0.0624003
1.66039,3.80421,-0.0627112
1.68776,3.80309,-0.0629502
1.71517,3.80178,-0.0631893
1.74388,3.803,-0.0635001
1.77225,3.8031,-0.0637871
1.80837,3.81926,-0.0645043
1.8387,3.82251,-0.0648869
1.87792,3.8435,-0.0657476
3.92271,7.90797,-0.174556
3.98375,7.90876,-0.175226
5.91854,11.5737,-0.274327
5.99083,11.5399,-0.274399
6.06851,11.5161,-0.274758
6.16593,11.5289,-0.276121
6.26612,11.5454,-0.277603
6.34793,11.5269,-0.278153
6.459,11.5601,-0.280137
6.54214,11.542,-0.280735
6.62031,11.5147,-0.281094
6.70997,11.5066,-0.282002
6.84049,11.5668,-0.284823
6.93344,11.5615,-0.285851
7.011,11.5298,-0.286162
7.03492,11.4108,-0.284034
7.11222,11.3793,-0.284369
6.07238,9.58392,-0.234782
6.14565,9.5692,-0.235428
6.21734,9.55142,-0.236002
6.30555,9.55815,-0.237293
6.40019,9.57331,-0.238847
6.48404,9.5711,-0.239923
6.57093,9.57235,-0.241118
6.6752,9.59752,-0.243031
6.83415,9.69858,-0.247191
5.76102,8.06972,-0.200569
6.97022,9.63829,-0.247908
5.93109,8.09601,-0.203462
6.0563,8.16143,-0.206498
7.24374,9.63783,-0.251781
7.33059,9.6298,-0.252881
7.4164,9.61947,-0.253933
7.4962,9.60058,-0.254746
7.57604,9.58107,-0.255559
7.95521,9.93475,-0.267824
7.70438,9.50135,-0.255989
7.77268,9.46626,-0.256372
7.85874,9.45222,-0.257424
7.94942,9.44283,-0.258643
8.04741,9.44105,-0.260126
8.15091,9.44448,-0.261799
8.26133,9.45452,-0.263712
8.37283,9.4643,-0.265648
8.4941,9.4835,-0.26792
8.60518,9.48971,-0.269809
8.68691,9.46251,-0.270645
8.80197,9.47055,-0.272654
8.8969,9.45568,-0.273945
9.37394,9.84107,-0.288481
9.44178,9.79128,-0.288744
9.52054,9.75248,-0.28939
3.62864,3.67068,-0.0868829
3.74018,3.7374,-0.0898954
3.78794,3.73897,-0.0907322
3.83658,3.74078,-0.0915929
3.88249,3.73937,-0.092358
3.92347,3.73271,-0.0929557
3.95868,3.7202,-0.0933622
4.00561,3.71829,-0.0941511
4.05929,3.72203,-0.0951553
11.1075,10.0626,-0.321882
11.1824,10.0062,-0.322312
3.65747,3.23154,-0.0801645
3.6584,3.1926,-0.0795668
3.6696,3.16291,-0.0793038
3.68513,3.13709,-0.0791843
3.71349,3.12214,-0.0794712
3.75257,3.11591,-0.0800928
3.7979,3.11438,-0.0809057
3.85966,3.12563,-0.0822207
3.87486,3.09877,-0.0821011
3.89145,3.07308,-0.0820294
3.91969,3.05652,-0.0823163
3.97638,3.0617,-0.0834639
31.0903,23.6461,-0.897604
0,0,0
0,0,0
0,0,0
31.1111,22.4784,-0.88137
0,0,0
31.1001,21.8946,-0.87305
0,0,0
31.0556,21.2982,-0.864036
30.7925,20.841,-0.85268
31.1384,20.7978,-0.858968
30.9399,20.3917,-0.849643
30.9815,20.1475,-0.847276
31.033,19.9112,-0.845244
31.065,19.6637,-0.84271
31.0808,19.4076,-0.839769
30.9712,19.076,-0.833361
30.6468,18.6178,-0.821024
30.8393,18.4766,-0.823224
30.7679,18.1782,-0.818108
30.5956,17.824,-0.810266
30.674,17.6185,-0.809429
30.946,17.5231,-0.813947
30.8417,17.215,-0.808162
30.7347,16.9088,-0.802376
30.866,16.7351,-0.803141
30.6313,16.3655,-0.794008
30.5383,16.0757,-0.788795
30.5254,15.8305,-0.785807
30.549,15.6056,-0.783846
30.6513,15.4214,-0.784038
23.7332,11.7585,-0.59688
30.4402,14.8499,-0.773446
0,0,0
30.2415,14.2962,-0.763428
30.1972,14.0492,-0.759962
30.2238,13.8366,-0.758407
0,0,0
27.0213,11.9715,-0.670256
30.2185,13.1669,-0.751761
30.2877,12.9766,-0.751474
0,0,0
29.8221,12.3461,-0.735359
29.8686,12.1512,-0.734618
29.8628,11.9358,-0.732562
0,0,0
29.5313,11.3851,-0.720369
0,0,0
0,0,0
29.4259,10.7266,-0.712479
0,0,0
19.8527,6.96167,-0.466577
19.0754,6.55789,-0.445849
19.3332,6.51415,-0.451348
24.0699,7.94634,-0.569648
21.3131,6.89134,-0.499141
20.3381,6.43844,-0.473631
19.2428,5.96197,-0.445227
19.2656,5.83973,-0.444892
20.7723,6.15762,-0.481592
17.81,5.16066,-0.406901
19.7219,5.58382,-0.453643
20.6625,5.71347,-0.476141
19.6046,5.29161,-0.449076
20.0659,5.28428,-0.459692
18.9234,4.85938,-0.43069
18.9005,4.73007,-0.429399
20.6784,5.0405,-0.472459
20.1798,4.78794,-0.459453
19.7237,4.55205,-0.447546
19.9639,4.47865,-0.452758
20.7304,4.51724,-0.470857
20.7832,4.39533,-0.471479
20.7481,4.25507,-0.469973
20.9317,4.15906,-0.473822
19.4773,3.74593,-0.437791
20.357,3.78578,-0.45864
20.006,3.59362,-0.449554
21.1417,3.66393,-0.476595
21.2012,3.5404,-0.477504
21.3371,3.42864,-0.480277
21.4091,3.30559,-0.48152
21.5278,3.18882,-0.483911
22.0983,3.13491,-0.497228
22.0726,2.99321,-0.496153
21.5115,2.78279,-0.48219
21.9568,2.70354,-0.492518
22.9451,2.68246,-0.515925
23.2463,2.5732,-0.522787
23.3362,2.43831,-0.52458
23.5915,2.31876,-0.530366
23.3972,2.15479,-0.525369
23.3473,2.00579,-0.523863
23.3442,1.8613,-0.523504
23.3372,1.71671,-0.523074
23.3154,1.57133,-0.522309
23.3066,1.42714,-0.521878
23.295,1.283,-0.5214
23.2775,1.13882,-0.520802
23.248,0.994434,-0.519942
23.2197,0.850522,-0.519129
23.1706,0.706384,-0.517838
23.1785,0.564297,-0.517933
23.1605,0.421683,-0.517431
23.1487,0.279395,-0.517097
23.0999,0.137053,-0.515901
23.0744,-0.00468419,-0.51528
23.0079,-0.145851,-0.513702
23.0496,-0.287556,-0.51473
22.9654,-0.427459,-0.512769
23.0243,-0.569894,-0.514251
23.0214,-0.711189,-0.514275
23.0436,-0.85343,-0.514921
19.1806,-0.828437,-0.422585
23.0254,-1.13585,-0.514777
23.021,-1.27728,-0.514849
23.0137,-1.41857,-0.514873
23.0065,-1.55989,-0.514921
22.9965,-1.70102,-0.514921
22.9827,-1.84185,-0.514849
22.9819,-1.98378,-0.515112
22.9972,-2.12734,-0.515782
23.0464,-2.27459,-0.517288
23.2666,-2.44056,-0.52293
24.3313,-2.70321,-0.548919
24.7322,-2.90148,-0.558985
24.3478,-3.00796,-0.550162
24.6135,-3.19422,-0.557024
24.4389,-3.32417,-0.553294
24.3764,-3.46815,-0.55229
24.2479,-3.60179,-0.549708
24.2056,-3.74745,-0.54923
20.4316,-3.29184,-0.458377
20.406,-3.41632,-0.458257
24.1089,-4.18826,-0.548656
24.0621,-4.33239,-0.548154
23.9702,-4.46786,-0.546576
23.9217,-4.61088,-0.546074
23.837,-4.74645,-0.544711
23.7703,-4.88498,-0.543803
23.6469,-5.01105,-0.541531
23.5718,-5.14646,-0.540455
23.4793,-5.27741,-0.538973
17.0705,-3.94742,-0.382467
23.3301,-5.54549,-0.536941
23.249,-5.67716,-0.535793
23.2205,-5.8214,-0.535961
23.0478,-5.92866,-0.532589
22.9791,-6.06156,-0.531801
22.9029,-6.192,-0.530844
22.798,-6.31401,-0.529194
22.7165,-6.44178,-0.528142
22.6305,-6.56767,-0.526995
22.5485,-6.69417,-0.525967
22.441,-6.81237,-0.524317
22.3091,-6.92209,-0.52207
22.1489,-7.02169,-0.519129
20.8899,-6.76396,-0.488574
20.8452,-6.89107,-0.488502
21.8786,-7.38186,-0.515662
21.7922,-7.50197,-0.514634
21.7166,-7.62528,-0.513893
21.6148,-7.73884,-0.512506
21.5265,-7.85659,-0.511478
21.447,-7.97703,-0.510689
21.3312,-8.08332,-0.508992
21.3223,-8.22989,-0.510044
21.1755,-8.32291,-0.507581
20.9208,-8.37136,-0.502345
20.7644,-8.45696,-0.499643
20.6844,-8.57273,-0.498926
20.5881,-8.68123,-0.497802
20.4454,-8.76917,-0.495483
20.2895,-8.8501,-0.492829
20.2192,-8.96753,-0.492423
20.0955,-9.06061,-0.49063
19.9859,-9.15918,-0.489219
19.9021,-9.26897,-0.488502
19.769,-9.355,-0.486493
19.6463,-9.44494,-0.484772
19.5637,-9.55347,-0.484126
19.4859,-9.664,-0.483624
19.237,-9.68806,-0.478556
19.1113,-9.77224,-0.476786
18.9898,-9.85754,-0.475137
18.8493,-9.93194,-0.472985
18.714,-10.0078,-0.470977
18.5371,-10.06,-0.467845
18.3909,-10.1273,-0.465549
18.2979,-10.2228,-0.464713
18.2035,-10.3172,-0.463852
18.1113,-10.4122,-0.463063
18.0272,-10.5116,-0.462513
17.9279,-10.6017,-0.461557
17.8162,-10.6837,-0.460266
17.7017,-10.7632,-0.458903
0,0,0
17.5411,-10.9627,-0.458138
17.4541,-11.0578,-0.457588
17.3598,-11.1479,-0.456847
17.2903,-11.2537,-0.456823
17.2,-11.3458,-0.456225
17.1093,-11.4373,-0.455627
17.0339,-11.5387,-0.455484
16.9281,-11.6192,-0.45448
16.8475,-11.7166,-0.454217
16.7744,-11.8191,-0.454193
16.7602,-11.9637,-0.455914
16.6281,-12.0241,-0.454193
16.4952,-12.0828,-0.452447
16.4031,-12.1707,-0.451921
16.2985,-12.2489,-0.451037
16.2071,-12.3365,-0.450559
16.1256,-12.4315,-0.450391
16.034,-12.5185,-0.449937
11.8828,-9.39574,-0.325731
15.8308,-12.6756,-0.448455
15.6984,-12.7284,-0.446781
15.5953,-12.8042,-0.446016
15.4964,-12.883,-0.445394
15.4018,-12.965,-0.444916
15.3075,-13.0469,-0.444462
15.2324,-13.1452,-0.444629
15.156,-13.2423,-0.444773
15.052,-13.3152,-0.444055
14.9812,-13.4173,-0.444414
14.8956,-13.5063,-0.444318
14.8095,-13.5948,-0.444223
13.3241,-12.3829,-0.398461
13.296,-12.5096,-0.400039
14.3671,-13.6844,-0.437959
14.3095,-13.798,-0.438843
14.2911,-13.9505,-0.441067
14.1498,-13.9831,-0.439202
14.0425,-14.0484,-0.438485
13.8977,-14.0753,-0.4365
13.7392,-14.0866,-0.434038
13.5901,-14.1058,-0.431886
13.4385,-14.1209,-0.429638
13.292,-14.1397,-0.427558
13.1254,-14.1353,-0.424761
12.9972,-14.1706,-0.423303
12.859,-14.1938,-0.421486
12.6617,-14.1495,-0.417541
12.5157,-14.1603,-0.415413
12.3746,-14.1751,-0.413452
12.2326,-14.1871,-0.411444
12.0649,-14.1675,-0.408479
11.9121,-14.1633,-0.406041
11.7899,-14.1938,-0.404726
11.6315,-14.1793,-0.402048
11.5116,-14.21,-0.400805
11.3355,-14.1695,-0.397409
11.1944,-14.1706,-0.395329
11.0519,-14.1681,-0.393178
10.9239,-14.1825,-0.391576
10.7889,-14.1864,-0.389687
10.6578,-14.194,-0.387942
10.4865,-14.1459,-0.384571
10.3623,-14.1592,-0.383064
10.2308,-14.1609,-0.381247
10.1152,-14.1835,-0.380076
8.51958,-12.1028,-0.317411
9.8132,-14.1235,-0.374744
9.7077,-14.1563,-0.373955
9.59039,-14.1709,-0.372664
9.46606,-14.1737,-0.371062
9.34975,-14.1873,-0.369795
9.20312,-14.1531,-0.367189
9.08479,-14.1605,-0.365802
8.96351,-14.1619,-0.364272
8.85367,-14.1801,-0.363244
8.74186,-14.1942,-0.36212
8.61359,-14.1801,-0.360231
8.49713,-14.1838,-0.358869
8.39367,-14.2081,-0.358104
8.29426,-14.2386,-0.35753
8.17686,-14.2372,-0.356095
8.07604,-14.2636,-0.35545
7.98009,-14.2981,-0.355043
7.87004,-14.3065,-0.353943
7.75685,-14.3079,-0.352676
7.69058,-14.3958,-0.353776
7.59792,-14.4348,-0.353561
7.49494,-14.4536,-0.35282
7.38109,-14.4504,-0.351505
7.29229,-14.4954,-0.351505
7.20587,-14.5452,-0.351648
7.11649,-14.5892,-0.351648
7.0264,-14.6317,-0.351624
6.93051,-14.6618,-0.35129
6.83198,-14.686,-0.350811
6.74133,-14.7267,-0.350787
6.6533,-14.7733,-0.350931
6.56739,-14.8248,-0.351218
6.4807,-14.8749,-0.351481
6.39127,-14.9189,-0.3516
6.3,-14.9588,-0.351624
6.20198,-14.9824,-0.351242
6.09298,-14.9785,-0.350166
6.01914,-15.0611,-0.351337
5.92624,-15.0968,-0.351313
5.85112,-15.1786,-0.352485
5.76708,-15.2385,-0.353107
5.67556,-15.2792,-0.35325
5.5865,-15.3269,-0.353585
0,0,0
0,0,0
0,0,0
0,0,0
0,0,0
0,0,0
0,0,0
0,0,0
0,0,0
0,0,0
0,0,0
0,0,0
0,0,0
0,0,0
0,0,0
0,0,0
0,0,0
0,0,0
0,0,0
0,0,0
0,0,0
0,0,0
0,0,0
0,0,0
0,0,0
0,0,0
0,0,0
0,0,0
0,0,0
0,0,0
0,0,0
0,0,0
0,0,0
0,0,0
0,0,0
0,0,0
0,0,0
0,0,0
0,0,0
0,0,0
0,0,0
0,0,0
0,0,0
0,0,0
0,0,0
0,0,0
0,0,0
0,0,0
0,0,0
0,0,0
0,0,0
0,0,0
0,0,0
0,0,0
0,0,0
0,0,0
0,0,0
0,0,0
0,0,0
0,0,0
0,0,0
0,0,0
0,0,0
0,0,0
0,0,0
0,0,0
0,0,0
0,0,0
0,0,0
0,0,0
0,0,0
0,0,0
0,0,0
0,0,0
0,0,0
0,0,0
0,0,0
0,0,0
0,0,0
0,0,0
0,0,0
0,0,0
0,0,0
0,0,0
0,0,0
0,0,0
0,0,0
0,0,0
0,0,0
0,0,0
0,0,0
0,0,0
0,0,0
0,0,0
0,0,0
0,0,0
0,0,0
0,0,0
0,0,0
0,0,0
0,0,0
0,0,0
0,0,0
0,0,0
0,0,0
0,0,0
0,0,0
0,0,0
0,0,0
0,0,0
0,0,0
0,0,0
0,0,0
0,0,0
0,0,0
0,0,0
0,0,0
0,0,0
0,0,0
0,0,0
0,0,0
0,0,0
0,0,0
0,0,0
0,0,0
0,0,0
0,0,0
0,0,0
0,0,0
0,0,0
0,0,0
0,0,0
0,0,0
0,0,0
0,0,0
0,0,0
0,0,0
0,0,0
0,0,0
0,0,0
0,0,0
0,0,0
0,0,0
0,0,0
0,0,0
0,0,0
0,0,0
0,0,0
0,0,0
0,0,0
0,0,0
0,0,0
0,0,0
0,0,0
0,0,0
0,0,0
0,0,0
0,0,0
0,0,0
0,0,0
0,0,0
0,0,0
0,0,0
0,0,0
0,0,0
0,0,0
0,0,0
0,0,0
0,0,0
0,0,0
0,0,0
0,0,0
0,0,0
0,0,0
0,0,0
0,0,0
0,0,0
0,0,0
0,0,0
0,0,0
0,0,0
0,0,0
0,0,0
0,0,0
0,0,0
0,0,0
0,0,0
0,0,0
0,0,0
0,0,0
0,0,0
0,0,0
0,0,0
0,0,0
0,0,0
0,0,0
0,0,0
0,0,0
0,0,0
0,0,0
0,0,0
0,0,0
0,0,0
0,0,0
0,0,0
0,0,0
0,0,0
0,0,0
0,0,0
0,0,0
0,0,0
0,0,0
0,0,0
0,0,0
0,0,0
0,0,0
0,0,0
0,0,0
0,0,0
0,0,0
0,0,0
0,0,0
0,0,0
0,0,0
0,0,0
0,0,0
0,0,0
0,0,0
0,0,0
0,0,0
0,0,0
0,0,0
0,0,0
0,0,0
0,0,0
0,0,0
0,0,0
0,0,0
0,0,0
0,0,0
0,0,0
0,0,0
0,0,0
0,0,0
0,0,0
0,0,0
0,0,0
0,0,0
0,0,0
0,0,0
0,0,0
0,0,0
0,0,0
0,0,0
0,0,0
0,0,0
0,0,0
0,0,0
0,0,0
0,0,0
0,0,0
0,0,0
0,0,0
0,0,0
0,0,0
0,0,0
0,0,0
0,0,0
0,0,0
0,0,0
0,0,0
0,0,0
0,0,0
0,0,0
0,0,0
0,0,0
0,0,0
0,0,0
0,0,0
0,0,0
0,0,0
0,0,0
0,0,0
0,0,0
0,0,0
0,0,0
0,0,0
0,0,0
0,0,0
0,0,0
0,0,0
0,0,0
0,0,0
0,0,0
0,0,0
0,0,0
0,0,0
0,0,0
0,0,0
0,0,0
0,0,0
0,0,0
0,0,0
0,0,0
0,0,0
0,0,0
0,0,0
0,0,0
0,0,0
0,0,0
0,0,0
0,0,0
0,0,0
0,0,0
0,0,0
0,0,0
0,0,0
0,0,0
0,0,0
0,0,0
0,0,0
0,0,0
0,0,0
0,0,0
0,0,0
0,0,0
0,0,0
0,0,0
0,0,0
0,0,0
0,0,0
0,0,0
0,0,0
0,0,0
0,0,0
0,0,0
0,0,0
0,0,0
0,0,0
0,0,0
0,0,0
0,0,0
0,0,0
0,0,0
0,0,0
0,0,0
0,0,0
0,0,0
0,0,0
0,0,0
0,0,0
0,0,0
0,0,0
0,0,0
0,0,0
0,0,0
0,0,0
0,0,0
0,0,0
0,0,0
0,0,0
0,0,0
0,0,0
0,0,0
0,0,0
0,0,0
0,0,0
0,0,0
0,0,0
0,0,0
0,0,0
0,0,0
0,0,0
0,0,0
0,0,0
0,0,0
0,0,0
0,0,0
0,0,0
0,0,0
0,0,0
0,0,0
0,0,0
0,0,0
0,0,0
0,0,0
0,0,0
0,0,0
0,0,0
0,0,0
0,0,0
0,0,0
0,0,0
0,0,0
0,0,0
0,0,0
0,0,0
0,0,0
0,0,0
0,0,0
0,0,0
0,0,0
0,0,0
0,0,0
0,0,0
0,0,0
0,0,0
0,0,0
0,0,0
0,0,0
0,0,0
0,0,0
0,0,0
0,0,0
0,0,0
0,0,0
0,0,0
0,0,0
0,0,0
0,0,0
0,0,0
0,0,0
0,0,0
0,0,0
0,0,0
0,0,0
0,0,0
0,0,0
0,0,0
0,0,0
0,0,0
0,0,0
0,0,0
0,0,0
0,0,0
0,0,0
0,0,0
0,0,0
0,0,0
0,0,0
0,0,0
0,0,0
0,0,0
0,0,0
0,0,0
0,0,0
0,0,0
0,0,0
0,0,0
0,0,0
0,0,0
0,0,0
0,0,0
0,0,0
0,0,0
0,0,0
0,0,0
0,0,0
0,0,0
0,0,0
0,0,0
0,0,0
0,0,0
0,0,0
0,0,0
0,0,0
0,0,0
0,0,0
0,0,0
0,0,0
0,0,0
0,0,0
0,0,0
0,0,0
0,0,0
0,0,0
0,0,0
0,0,0
0,0,0
0,0,0
0,0,0
0,0,0
0,0,0
0,0,0
0,0,0
0,0,0
0,0,0
0,0,0
0,0,0
0,0,0
0,0,0
0,0,0
0,0,0
0,0,0
0,0,0
0,0,0
0,0,0
0,0,0
0,0,0
0,0,0
0,0,0
0,0,0
0,0,0
0,0,0
0,0,0
0,0,0
0,0,0
0,0,0
0,0,0
0,0,0
0,0,0
0,0,0
0,0,0
0,0,0
0,0,0
0,0,0
0,0,0
0,0,0
0,0,0
0,0,0
0,0,0
0,0,0
0,0,0
0,0,0
0,0,0
0,0,0
0,0,0
0,0,0
0,0,0
0,0,0
0,0,0
0,0,0
0,0,0
0,0,0
0,0,0
0,0,0
0,0,0
0,0,0
0,0,0
0,0,0
0,0,0
0,0,0
0,0,0
0,0,0
0,0,0
0,0,0
0,0,0
0,0,0
0,0,0
0,0,0
0,0,0
0,0,0
0,0,0
0,0,0
0,0,0
0,0,0
0,0,0
0,0,0
0,0,0
0,0,0
0,0,0
0,0,0
0,0,0
0,0,0
0,0,0
0,0,0
0,0,0
0,0,0
0,0,0
0,0,0
0,0,0
0,0,0
0,0,0
0,0,0
0,0,0
0,0,0
0,0,0
0,0,0
0,0,0
0,0,0
0,0,0
0,0,0
0,0,0
0,0,0
0,0,0
0,0,0
0,0,0
0,0,0
0,0,0
0,0,0
0,0,0
0,0,0
0,0,0
0,0,0
0,0,0
0,0,0
0,0,0
0,0,0
0,0,0
0,0,0
0,0,0
0,0,0
0,0,0
0,0,0
0,0,0
0,0,0
1.31329,3.81783,-0.108474
1.34794,3.84176,-0.109696
1.36947,3.82777,-0.10948
1.38608,3.80052,-0.108761
1.40589,3.78258,-0.108402
1.43474,3.78883,-0.108977
1.46263,3.79208,-0.109444
1.48587,3.78303,-0.109444
1.51017,3.77663,-0.109552
1.53972,3.78303,-0.110163
1.56214,3.77166,-0.110091
1.58836,3.76937,-0.110379
1.6154,3.76874,-0.110738
1.64288,3.76883,-0.111134
1.66881,3.76508,-0.111385
1.69517,3.76206,-0.111673
1.72571,3.76794,-0.11232
1.772,3.80711,-0.114297
1.82054,3.84946,-0.116418
1.84153,3.83281,-0.116202
1.86983,3.83132,-0.116598
1.90973,3.8529,-0.117928
3.98385,7.91413,-0.281949
4.0337,7.8922,-0.282057
5.9817,11.5281,-0.430407
6.06863,11.5221,-0.431665
6.16465,11.5323,-0.433606
6.25198,11.525,-0.434864
6.34234,11.5223,-0.436338
6.43436,11.5215,-0.437919
6.51429,11.4984,-0.438602
6.61808,11.5162,-0.441011
6.69667,11.4892,-0.441586
0,0,0
6.8536,11.4336,-0.442736
6.91636,11.3794,-0.442233
6.97032,11.3112,-0.441154
6.00492,9.61213,-0.370916
6.07341,9.5903,-0.371563
6.15212,9.58397,-0.372893
6.23261,9.57955,-0.374331
6.31603,9.57867,-0.375948
6.40744,9.58876,-0.378069
6.5065,9.60884,-0.380657
6.60435,9.6256,-0.383137
6.72718,9.67679,-0.387163
6.84341,9.71622,-0.390722
5.76165,8.07476,-0.320052
6.98847,9.66795,-0.39234
5.91876,8.08327,-0.323611
6.05933,8.1696,-0.329111
7.24208,9.63995,-0.396941
7.33377,9.63827,-0.398882
7.42205,9.63109,-0.400607
7.51544,9.62948,-0.40262
7.61343,9.63258,-0.404885
7.71048,9.63328,-0.407078
7.68449,9.48098,-0.402225
7.77042,9.46764,-0.403806
7.89161,9.49587,-0.407365
7.9909,9.4962,-0.409666
8.09569,9.50176,-0.412254
8.20019,9.50563,-0.414806
8.29912,9.5018,-0.417035
8.41552,9.51658,-0.420198
8.51109,9.50646,-0.422211
8.61758,9.50737,-0.424799
8.73995,9.52426,-0.428214
8.86284,9.54,-0.431629
8.96572,9.53276,-0.433965
9.32795,9.79673,-0.449817
9.42395,9.77673,-0.451687
9.53332,9.7695,-0.454239
3.65755,3.70278,-0.150459
3.71059,3.71065,-0.152004
3.75391,3.70818,-0.153047
3.8145,3.72207,-0.154952
3.8531,3.71385,-0.155743
3.89898,3.71218,-0.156893
3.96391,3.7279,-0.158978
4.03723,3.75043,-0.161458
4.04838,3.71478,-0.160883
10.9683,9.94028,-0.495685
11.0782,9.91678,-0.498057
3.65563,3.23254,-0.138776
3.66335,3.19953,-0.138201
3.66475,3.16133,-0.137338
3.67191,3.12842,-0.136763
3.69562,3.10969,-0.136979
3.73462,3.10356,-0.137914
3.81539,3.1313,-0.140789
3.87491,3.14055,-0.142659
3.89255,3.11546,-0.142587
3.91002,3.09028,-0.142515
3.93127,3.06807,-0.142623
3.95082,3.0445,-0.142659
0,0,0
0,0,0
0,0,0
0,0,0
22.7081,16.4116,-0.971035
22.6522,16.1606,-0.964133
22.8376,16.0823,-0.967944
22.9842,15.9755,-0.970064
22.7926,15.6357,-0.957447
22.6613,15.3421,-0.947598
22.7127,15.1744,-0.945765
0,0,0
22.578,14.687,-0.932069
22.5037,14.4429,-0.92506
22.3369,14.1431,-0.914204
22.2859,13.92,-0.908381
22.3845,13.7914,-0.908956
22.2919,13.5463,-0.901515
22.2598,13.3405,-0.896698
22.3094,13.1848,-0.895368
22.3406,13.019,-0.89332
22.2633,12.7916,-0.886813
22.1944,12.5715,-0.880738
22.3165,12.4604,-0.882608
22.2192,12.2278,-0.87549
22.1796,12.0293,-0.870817
22.0943,11.8082,-0.864347
21.8516,11.5067,-0.85155
21.8907,11.3563,-0.850292
11.2651,5.75679,-0.418293
21.7356,10.9394,-0.838502
13.415,6.64901,-0.501795
13.0064,6.34744,-0.483822
15.2647,7.33382,-0.572393
14.3698,6.79571,-0.53501
15.2702,7.10715,-0.569086
15.319,7.01582,-0.569302
14.3048,6.44549,-0.527605
14.3514,6.36084,-0.527892
13.7058,5.97438,-0.50104
12.3984,5.31422,-0.448451
13.2688,5.59115,-0.481162
13.2964,5.50695,-0.480911
12.4997,5.08736,-0.448667
14.1944,5.6758,-0.513118
14.1173,5.54476,-0.508805
14.7823,5.70149,-0.53314
15.0133,5.68499,-0.540689
12.6217,4.6911,-0.447589
12.6503,4.61357,-0.447589
14.8604,5.31646,-0.530948
15.0342,5.2748,-0.536339
14.8357,5.10314,-0.527569
15.3829,5.186,-0.547159
14.4816,4.78343,-0.511824
14.5107,4.69448,-0.511824
14.0362,4.44603,-0.492845
14.0975,4.37048,-0.494139
15.1349,4.59046,-0.532134
14.61,4.33355,-0.511393
15.3591,4.45336,-0.53846
15.3101,4.33752,-0.535621
14.5486,4.02552,-0.506217
15.0583,4.06724,-0.524298
15.8049,4.16498,-0.551149
15.5939,4.00724,-0.542378
15.6076,3.90881,-0.541983
15.5944,3.80397,-0.540617
15.6408,3.71375,-0.54148
15.0897,3.48526,-0.520308
14.8661,3.33767,-0.511285
15.8256,3.45121,-0.545865
15.7643,3.33666,-0.542846
16.5295,3.39276,-0.570201
16.5853,3.29829,-0.571495
16.9585,3.26446,-0.584435
16.6894,3.10658,-0.573867
16.6314,2.99033,-0.571063
16.6002,2.87968,-0.569266
16.4776,2.75438,-0.564162
17.0566,2.74367,-0.584651
17.4978,2.7046,-0.600108
17.7651,2.63441,-0.609238
18.3964,2.61275,-0.631596
19.1251,2.59661,-0.657478
19.9335,2.58189,-0.686234
20.2663,2.49866,-0.697737
20.3012,2.37659,-0.698456
20.3372,2.2544,-0.699247
20.3904,2.13373,-0.700685
20.4001,2.00828,-0.700577
20.3962,1.8816,-0.700002
20.3834,1.75436,-0.699139
20.354,1.62608,-0.697701
15.3404,1.13096,-0.516533
20.3205,1.37268,-0.695832
20.2757,1.24472,-0.693927
20.1512,1.11302,-0.689182
20.0838,0.985727,-0.686522
20.0416,0.86042,-0.684797
20.0045,0.735889,-0.683287
19.9637,0.611753,-0.681669
19.9291,0.488317,-0.680303
19.8828,0.365126,-0.678542
19.8187,0.242316,-0.67617
19.7539,0.120306,-0.673797
19.6973,-0.00090025,-0.671748
19.6429,-0.121426,-0.669807
19.6038,-0.241482,-0.668441
19.56,-0.360989,-0.666931
19.5405,-0.480582,-0.66632
19.5092,-0.599611,-0.665314
19.4772,-0.718274,-0.664307
19.114,-0.822341,-0.651403
19.1145,-0.939902,-0.651618
19.3269,-1.06926,-0.659491
19.2971,-1.18642,-0.658664
19.2625,-1.30298,-0.657693
19.2193,-1.41857,-0.656435
19.1604,-1.53249,-0.654638
19.1048,-1.64608,-0.652984
19.0396,-1.75822,-0.651007
18.9957,-1.87177,-0.649821
18.9371,-1.9834,-0.648132
18.8262,-2.08865,-0.644573
18.7773,-2.19994,-0.643279
18.7506,-2.31352,-0.642812
14.5657,-1.88788,-0.491551
18.6307,-2.5312,-0.639541
18.598,-2.64308,-0.638929
18.5587,-2.75377,-0.638103
18.5118,-2.86301,-0.637024
18.4633,-2.97162,-0.63591
18.426,-3.08172,-0.635227
18.4067,-3.19472,-0.635227
18.3927,-3.30866,-0.635443
18.372,-3.42145,-0.635443
18.3478,-3.53355,-0.635335
18.3061,-3.64216,-0.634616
18.255,-3.74859,-0.633574
18.2043,-3.85473,-0.632567
18.154,-3.96061,-0.631596
17.0919,-3.83888,-0.59335
17.0758,-3.94549,-0.593637
18.0109,-4.27816,-0.629116
17.9668,-4.38432,-0.628469
17.9047,-4.48574,-0.627175
17.8565,-4.59029,-0.62642
17.8,-4.69238,-0.625378
17.7361,-4.79213,-0.624084
17.6717,-4.89127,-0.62279
17.625,-4.99497,-0.622179
17.5873,-5.10108,-0.621927
17.5576,-5.20946,-0.621999
17.5205,-5.31564,-0.621819
17.4685,-5.41713,-0.6211
17.3968,-5.51214,-0.619662
17.3465,-5.61355,-0.619051
17.3042,-5.71737,-0.618764
17.2593,-5.82024,-0.618404
17.2006,-5.91823,-0.617542
17.1404,-6.01539,-0.616643
17.073,-6.10967,-0.615493
16.9648,-6.18862,-0.612797
16.8928,-6.28006,-0.611503
16.8221,-6.37156,-0.61028
16.7566,-6.46459,-0.609274
16.6813,-6.5534,-0.607908
16.599,-6.63893,-0.60629
16.5061,-6.71955,-0.604277
16.4231,-6.80349,-0.60266
16.335,-6.88473,-0.600863
16.2538,-6.96829,-0.599353
16.1778,-7.05351,-0.598059
16.105,-7.13968,-0.596909
16.0007,-7.21126,-0.594536
15.9335,-7.2989,-0.593637
15.8404,-7.37417,-0.591732
15.7704,-7.45969,-0.590762
15.7081,-7.54852,-0.590115
15.6292,-7.62898,-0.588821
15.5391,-7.70343,-0.587095
15.455,-7.78021,-0.585621
15.3562,-7.84896,-0.583573
15.2687,-7.92279,-0.581991
15.1606,-7.98512,-0.579583
15.1025,-8.07328,-0.579223
15.0228,-8.14959,-0.578001
14.9314,-8.21897,-0.576311
14.8353,-8.28509,-0.574442
14.7364,-8.34887,-0.572465
14.6545,-8.4217,-0.571207
14.5767,-8.49637,-0.570129
14.4821,-8.56073,-0.568367
14.4096,-8.63761,-0.567541
14.3239,-8.70614,-0.566175
14.2438,-8.77761,-0.56506
14.1592,-8.84578,-0.563766
14.0649,-8.90736,-0.562077
13.9739,-8.97028,-0.560531
13.8859,-9.0346,-0.559129
13.7993,-9.09927,-0.557799
13.695,-9.15157,-0.555714
13.6312,-9.23038,-0.555391
13.543,-9.29236,-0.554025
13.4521,-9.3519,-0.552551
13.3601,-9.41009,-0.551041
13.2777,-9.47447,-0.549963
13.1983,-9.54054,-0.549028
13.1121,-9.60127,-0.547806
13.0184,-9.65595,-0.546261
12.9333,-9.71643,-0.54511
12.8282,-9.76111,-0.543061
12.7577,-9.83171,-0.542594
12.6877,-9.90243,-0.542163
11.8709,-9.38269,-0.507511
12.5309,-10.0299,-0.540581
12.4567,-10.0965,-0.540006
12.3891,-10.1683,-0.539754
12.3142,-10.2339,-0.539179
12.2229,-10.2855,-0.537849
12.1679,-10.3674,-0.538245
12.1018,-10.4399,-0.538137
12.0194,-10.4982,-0.537274
11.9301,-10.5499,-0.536088
11.8502,-10.6096,-0.535369
11.7805,-10.6781,-0.535153
11.7096,-10.7454,-0.534902
11.6434,-10.8171,-0.534902
11.5776,-10.889,-0.534938
11.5076,-10.9571,-0.534794
11.4308,-11.0185,-0.534326
11.358,-11.0835,-0.534075
8.35224,-8.2509,-0.385546
11.2247,-11.2256,-0.534255
11.1556,-11.2943,-0.534255
11.084,-11.3603,-0.534147
11.0106,-11.4245,-0.533967
10.9355,-11.4868,-0.533715
10.86,-11.5486,-0.533464
10.7814,-11.607,-0.533068
10.708,-11.6707,-0.532961
10.6355,-11.7354,-0.532925
10.5553,-11.7915,-0.532493
10.4702,-11.8419,-0.53181
10.3888,-11.8961,-0.531343
10.3136,-11.9573,-0.531235
10.2446,-12.0257,-0.531487
10.1745,-12.093,-0.531702
10.102,-12.1575,-0.53181
10.0291,-12.2215,-0.531918
9.94828,-12.2759,-0.531595
9.85466,-12.314,-0.530552
9.75785,-12.3476,-0.52933
9.66346,-12.3836,-0.528252
9.5818,-12.4356,-0.527928
9.49927,-12.4862,-0.527569
9.41408,-12.533,-0.527065
9.34414,-12.6002,-0.527497
9.27669,-12.671,-0.528108
9.18881,-12.7139,-0.527497
9.10308,-12.7595,-0.527029
8.50505,-12.0772,-0.49457
8.93612,-12.8563,-0.526418
8.85424,-12.9067,-0.526239
8.77656,-12.9633,-0.526347
8.70185,-13.0244,-0.52667
8.62122,-13.0767,-0.526634
8.53211,-13.116,-0.526059
8.44337,-13.1554,-0.52552
8.35822,-13.2002,-0.525232
8.27177,-13.2428,-0.524873
8.18145,-13.2788,-0.524262
8.09514,-13.3211,-0.523938
8.01171,-13.368,-0.52383
7.93513,-13.4263,-0.524226
7.86015,-13.4877,-0.524765
7.77375,-13.5296,-0.524513
7.6901,-13.5762,-0.524477
7.60665,-13.6231,-0.524477
7.52244,-13.6687,-0.524441
7.43319,-13.7049,-0.524046
7.34424,-13.7415,-0.523686
7.25793,-13.7827,-0.523543
7.17552,-13.8314,-0.523722
7.09143,-13.877,-0.523794
7.003,-13.914,-0.523543
6.91084,-13.9433,-0.523004
6.82253,-13.98,-0.522788
6.73142,-14.0108,-0.522356
6.64277,-14.0464,-0.522141
6.55561,-14.0851,-0.522069
6.45699,-14.0987,-0.521026
6.34943,-14.0916,-0.519193
6.24381,-14.0873,-0.517504
6.14328,-14.0933,-0.516246
6.04488,-14.1032,-0.515167
5.94155,-14.1004,-0.513622
5.8358,-14.0905,-0.511824
5.7368,-14.0954,-0.510638
5.64315,-14.1128,-0.509955
5.53709,-14.0978,-0.50805
5.43862,-14.1008,-0.506864
5.34032,-14.103,-0.505678
5.24393,-14.1093,-0.504671
5.14459,-14.1065,-0.503341
5.04212,-14.0935,-0.501652
4.94993,-14.1082,-0.50104
4.84961,-14.0986,-0.499531
4.74705,-14.0807,-0.497733
4.64866,-14.0735,-0.496367
4.56991,-14.1256,-0.497266
4.47409,-14.1248,-0.496188
0,0,0
0,0,0
0,0,0
0,0,0
0,0,0
0,0,0
0,0,0
0,0,0
0,0,0
0,0,0
0,0,0
0,0,0
0,0,0
0,0,0
0,0,0
0,0,0
0,0,0
0,0,0
0,0,0
0,0,0
0,0,0
0,0,0
0,0,0
0,0,0
0,0,0
0,0,0
0,0,0
0,0,0
0,0,0
0,0,0
0,0,0
0,0,0
0,0,0
0,0,0
0,0,0
0,0,0
0,0,0
0,0,0
0,0,0
0,0,0
0,0,0
0,0,0
0,0,0
0,0,0
0,0,0
0,0,0
0,0,0
0,0,0
0,0,0
0,0,0
0,0,0
0,0,0
0,0,0
0,0,0
0,0,0
0,0,0
0,0,0
0,0,0
0,0,0
0,0,0
0,0,0
0,0,0
0,0,0
0,0,0
0,0,0
0,0,0
0,0,0
0,0,0
0,0,0
0,0,0
0,0,0
0,0,0
0,0,0
0,0,0
0,0,0
0,0,0
0,0,0
0,0,0
0,0,0
0,0,0
0,0,0
0,0,0
0,0,0
0,0,0
0,0,0
0,0,0
0,0,0
0,0,0
0,0,0
0,0,0
0,0,0
0,0,0
0,0,0
0,0,0
0,0,0
0,0,0
0,0,0
0,0,0
0,0,0
0,0,0
0,0,0
0,0,0
0,0,0
0,0,0
0,0,0
0,0,0
0,0,0
0,0,0
0,0,0
0,0,0
0,0,0
0,0,0
0,0,0
0,0,0
0,0,0
0,0,0
0,0,0
0,0,0
0,0,0
0,0,0
0,0,0
0,0,0
0,0,0
0,0,0
0,0,0
0,0,0
0,0,0
0,0,0
0,0,0
0,0,0
0,0,0
0,0,0
0,0,0
0,0,0
0,0,0
0,0,0
0,0,0
0,0,0
0,0,0
0,0,0
0,0,0
0,0,0
0,0,0
0,0,0
0,0,0
0,0,0
0,0,0
0,0,0
0,0,0
0,0,0
0,0,0
0,0,0
0,0,0
0,0,0
0,0,0
0,0,0
0,0,0
0,0,0
0,0,0
0,0,0
0,0,0
0,0,0
0,0,0
0,0,0
0,0,0
0,0,0
0,0,0
0,0,0
0,0,0
0,0,0
0,0,0
0,0,0
0,0,0
0,0,0
0,0,0
0,0,0
0,0,0
0,0,0
0,0,0
0,0,0
0,0,0
0,0,0
0,0,0
0,0,0
0,0,0
0,0,0
0,0,0
0,0,0
0,0,0
0,0,0
0,0,0
0,0,0
0,0,0
0,0,0
0,0,0
0,0,0
0,0,0
0,0,0
0,0,0
0,0,0
0,0,0
0,0,0
0,0,0
0,0,0
0,0,0
0,0,0
0,0,0
0,0,0
0,0,0
0,0,0
0,0,0
0,0,0
0,0,0
0,0,0
0,0,0
0,0,0
0,0,0
0,0,0
0,0,0
0,0,0
0,0,0
0,0,0
0,0,0
0,0,0
0,0,0
0,0,0
0,0,0
0,0,0
0,0,0
0,0,0
0,0,0
0,0,0
0,0,0
0,0,0
0,0,0
0,0,0
0,0,0
0,0,0
0,0,0
0,0,0
0,0,0
0,0,0
0,0,0
0,0,0
0,0,0
0,0,0
0,0,0
0,0,0
0,0,0
0,0,0
0,0,0
0,0,0
0,0,0
0,0,0
0,0,0
0,0,0
0,0,0
0,0,0
0,0,0
0,0,0
0,0,0
0,0,0
0,0,0
0,0,0
0,0,0
0,0,0
0,0,0
0,0,0
0,0,0
0,0,0
0,0,0
0,0,0
0,0,0
0,0,0
0,0,0
0,0,0
0,0,0
0,0,0
0,0,0
0,0,0
0,0,0
0,0,0
0,0,0
0,0,0
0,0,0
0,0,0
0,0,0
0,0,0
0,0,0
0,0,0
0,0,0
0,0,0
0,0,0
0,0,0
0,0,0
0,0,0
0,0,0
0,0,0
0,0,0
0,0,0
0,0,0
0,0,0
0,0,0
0,0,0
0,0,0
0,0,0
0,0,0
0,0,0
0,0,0
0,0,0
0,0,0
0,0,0
0,0,0
0,0,0
0,0,0
0,0,0
0,0,0
0,0,0
0,0,0
0,0,0
0,0,0
0,0,0
0,0,0
0,0,0
0,0,0
0,0,0
0,0,0
0,0,0
0,0,0
0,0,0
0,0,0
0,0,0
0,0,0
0,0,0
0,0,0
0,0,0
0,0,0
0,0,0
0,0,0
0,0,0
0,0,0
0,0,0
0,0,0
0,0,0
0,0,0
0,0,0
0,0,0
0,0,0
0,0,0
0,0,0
0,0,0
0,0,0
0,0,0
0,0,0
0,0,0
0,0,0
0,0,0
0,0,0
0,0,0
0,0,0
0,0,0
0,0,0
0,0,0
0,0,0
0,0,0
0,0,0
0,0,0
0,0,0
0,0,0
0,0,0
0,0,0
0,0,0
0,0,0
0,0,0
0,0,0
0,0,0
0,0,0
0,0,0
0,0,0
0,0,0
0,0,0
0,0,0
0,0,0
0,0,0
0,0,0
0,0,0
0,0,0
0,0,0
0,0,0
0,0,0
0,0,0
0,0,0
0,0,0
0,0,0
0,0,0
0,0,0
0,0,0
0,0,0
0,0,0
0,0,0
0,0,0
0,0,0
0,0,0
0,0,0
0,0,0
0,0,0
0,0,0
0,0,0
0,0,0
0,0,0
0,0,0
0,0,0
0,0,0
0,0,0
0,0,0
0,0,0
0,0,0
0,0,0
0,0,0
0,0,0
0,0,0
0,0,0
0,0,0
0,0,0
0,0,0
0,0,0
0,0,0
0,0,0
0,0,0
0,0,0
0,0,0
0,0,0
0,0,0
0,0,0
0,0,0
0,0,0
0,0,0
0,0,0
0,0,0
0,0,0
0,0,0
0,0,0
0,0,0
0,0,0
0,0,0
0,0,0
0,0,0
0,0,0
0,0,0
0,0,0
0,0,0
0,0,0
0,0,0
0,0,0
0,0,0
0,0,0
0,0,0
0,0,0
0,0,0
0,0,0
0,0,0
0,0,0
0,0,0
0,0,0
0,0,0
0,0,0
0,0,0
0,0,0
0,0,0
0,0,0
0,0,0
0,0,0
0,0,0
0,0,0
0,0,0
0,0,0
0,0,0
0,0,0
0,0,0
0,0,0
0,0,0
0,0,0
0,0,0
0,0,0
0,0,0
0,0,0
0,0,0
0,0,0
0,0,0
0,0,0
0,0,0
0,0,0
0,0,0
0,0,0
0,0,0
0,0,0
0,0,0
0,0,0
0,0,0
0,0,0
0,0,0
0,0,0
0,0,0
0,0,0
0,0,0
0,0,0
0,0,0
0,0,0
0,0,0
0,0,0
0,0,0
0,0,0
0,0,0
0,0,0
0,0,0
0,0,0
0,0,0
0,0,0
0,0,0
0,0,0
0,0,0
0,0,0
0,0,0
0,0,0
0,0,0
0,0,0
0,0,0
0,0,0
0,0,0
0,0,0
0,0,0
0,0,0
0,0,0
0,0,0
0,0,0
0,0,0
0,0,0
0,0,0
0,0,0
0,0,0
0,0,0
0,0,0
0,0,0
0,0,0
0,0,0
0,0,0
0,0,0
0,0,0
0,0,0
0,0,0
0,0,0
0,0,0
0,0,0
0,0,0
0,0,0
0,0,0
0,0,0
0,0,0
0,0,0
0,0,0
0,0,0
0,0,0
0,0,0
0,0,0
0,0,0
0,0,0
0,0,0
0,0,0
0,0,0
0,0,0
0,0,0
0,0,0
0,0,0
0,0,0
0,0,0
0,0,0
0,0,0
0,0,0
0,0,0
0,0,0
0,0,0
0,0,0
0,0,0
0,0,0
0,0,0
0,0,0
0,0,0
0,0,0
0,0,0
0,0,0
0,0,0
0,0,0
0,0,0
0,0,0
0,0,0
0,0,0
0,0,0
0,0,0
0,0,0
0,0,0
0,0,0
0,0,0
0,0,0
0,0,0
0,0,0
0,0,0
0,0,0
0,0,0
0,0,0
0,0,0
0,0,0
0,0,0
0,0,0
0,0,0
5.78653,25.0062,-1.20491
5.94586,24.9955,-1.20617
6.10031,24.9634,-1.20641
6.26454,24.97,-1.20863
6.42884,24.9746,-1.21081
6.58859,24.9598,-1.21206
6.74631,24.9363,-1.21293
6.90852,24.9281,-1.21462
7.06408,24.8949,-1.21511
7.23006,24.8971,-1.21743
0,0,0
7.53243,24.7979,-1.21699
0,0,0
0,0,0
0,0,0
0,0,0
8.1966,24.2798,-1.20293
0,0,0
1.33711,3.80305,-0.158103
1.35773,3.78725,-0.157716
1.37683,3.76759,-0.157137
1.39609,3.74877,-0.156605
1.42579,3.75788,-0.157523
1.46034,3.77888,-0.15907
1.48021,3.76148,-0.158635
1.50623,3.75975,-0.159021
1.53379,3.76154,-0.159601
1.54996,3.73545,-0.158731
1.57518,3.73139,-0.159021
1.59765,3.72073,-0.158973
1.62085,3.71178,-0.159021
1.63792,3.68898,-0.158345
1.67367,3.70799,-0.159891
1.71595,3.74033,-0.162163
1.73465,3.72068,-0.161679
1.79249,3.78399,-0.165642
1.84944,3.84313,-0.169412
1.87036,3.82633,-0.169122
1.7411,3.50698,-0.152497
1.7545,3.48017,-0.151627
1.78355,3.48446,-0.152449
11.3237,21.8053,-1.15185
11.4461,21.7142,-1.15069
11.5537,21.596,-1.14808
11.6765,21.5071,-1.14711
11.8058,21.4307,-1.14687
11.9341,21.3526,-1.14658
12.0452,21.2442,-1.14465
12.1734,21.1665,-1.14445
12.298,21.0827,-1.14397
12.42,20.9949,-1.14329
12.5213,20.8729,-1.14073
12.5885,20.6958,-1.13508
6.76491,10.9685,-0.586568
6.8072,10.887,-0.584297
6.80277,10.7328,-0.57787
6.75783,10.5186,-0.567963
6.78355,10.4175,-0.564531
6.82039,10.3348,-0.562163
6.80539,10.1757,-0.555349
6.77806,10.0014,-0.547617
6.81555,9.92508,-0.545587
6.81016,9.78796,-0.539981
6.87066,9.74681,-0.54003
5.76489,8.07217,-0.442989
7.01083,9.69089,-0.541769
5.92609,8.08622,-0.448112
6.03453,8.12912,-0.452897
7.29305,9.69993,-0.550227
7.37966,9.69076,-0.552401
7.47314,9.68959,-0.555108
7.55212,9.66874,-0.556654
7.61626,9.62849,-0.557041
7.71141,9.62679,-0.559844
7.83074,9.65377,-0.564483
7.91328,9.6341,-0.566271
8.00673,9.62684,-0.568881
8.11711,9.63865,-0.572747
8.24803,9.67304,-0.578111
8.39664,9.72583,-0.584732
8.51795,9.74482,-0.589275
8.60472,9.72305,-0.591256
8.71686,9.72884,-0.595074
8.82001,9.72326,-0.598215
8.95449,9.75063,-0.603579
9.05631,9.74086,-0.606576
9.16041,9.73238,-0.609717
9.29849,9.75844,-0.615226
9.3894,9.73355,-0.617401
9.52989,9.75866,-0.623007
3.61345,3.65403,-0.211697
3.66053,3.6565,-0.213389
3.68006,3.63116,-0.213196
10.0154,9.76451,-0.639825
10.1701,9.79434,-0.646204
10.2661,9.76618,-0.64862
10.4103,9.78235,-0.654226
4.00273,3.71432,-0.227259
3.57417,3.27588,-0.197634
3.60234,3.26126,-0.198166
3.62675,3.2431,-0.198456
16.1574,14.276,-1.00624
3.71895,3.24432,-0.201839
3.69188,3.18101,-0.198843
3.69384,3.1434,-0.197731
3.70847,3.11682,-0.197441
3.76672,3.12655,-0.199906
3.86461,3.16799,-0.204835
3.88863,3.14799,-0.205125
3.90475,3.12157,-0.204932
3.93559,3.10684,-0.205657
16.214,12.6435,-0.957863
16.1813,12.4591,-0.951146
16.1978,12.3142,-0.947521
16.2323,12.184,-0.945057
16.269,12.0562,-0.942785
16.2919,11.919,-0.939741
9.69603,7.00202,-0.541721
9.45904,6.74292,-0.525097
16.203,11.4021,-0.921666
16.2506,11.2871,-0.920362
16.2931,11.1691,-0.918815
0,0,0
0,0,0
10.7676,7.09306,-0.586907
11.6877,7.59686,-0.637505
11.8056,7.57084,-0.641613
11.845,7.49398,-0.641226
10.4343,6.51197,-0.558152
12.278,7.55859,-0.660653
12.1491,7.37682,-0.650746
10.7966,6.46507,-0.571925
11.0012,6.49623,-0.581204
11.2376,6.54322,-0.592223
10.116,5.80718,-0.527416
9.9828,5.64954,-0.518041
10.04,5.60084,-0.519297
10.7638,5.91842,-0.557379
10.5242,5.70281,-0.542204
10.4506,5.58025,-0.53626
10.1196,5.32392,-0.516301
10.0944,5.23185,-0.51316
10.2446,5.23023,-0.519587
9.58588,4.8199,-0.482183
11.0393,5.4663,-0.55907
9.74755,4.75225,-0.48774
10.5563,5.06672,-0.529591
10.5601,4.98905,-0.528141
10.5787,4.91868,-0.527513
11.0192,5.04155,-0.549357
10.468,4.71181,-0.518476
10.4337,4.61959,-0.515141
10.6312,4.62927,-0.524082
10.9239,4.6772,-0.538
10.91,4.59225,-0.535777
10.71,4.43089,-0.52384
10.9905,4.46818,-0.537082
11.2079,4.47663,-0.546989
11.303,4.43441,-0.550517
11.3804,4.38437,-0.553126
11.3828,4.30527,-0.55187
11.4614,4.25482,-0.554576
11.7914,4.2952,-0.570234
10.939,3.90877,-0.525097
11.5783,4.05734,-0.556654
11.6379,3.99823,-0.558442
11.2571,3.79029,-0.537758
11.9052,3.92742,-0.569606
12.123,3.91696,-0.579464
12.122,3.83466,-0.578208
12.5279,3.87871,-0.597587
12.476,3.77888,-0.593769
12.2155,3.61827,-0.579464
11.9381,3.45655,-0.564386
11.9524,3.38133,-0.564048
12.8028,3.53729,-0.605706
11.7229,3.16155,-0.550517
12.8423,3.37915,-0.605561
13.0544,3.34946,-0.61513
13.1251,3.2819,-0.617643
13.1867,3.21147,-0.619721
12.9418,3.06781,-0.606576
12.9613,2.98857,-0.606624
13.1675,2.95116,-0.615951
13.4674,2.93173,-0.629918
13.4715,2.84615,-0.629241
13.6668,2.79994,-0.638036
13.7866,2.73645,-0.643111
13.9826,2.68631,-0.651955
14.3583,2.66726,-0.669642
14.8384,2.6624,-0.692452
15.2865,2.64613,-0.713668
15.6611,2.61213,-0.731259
15.8129,2.53783,-0.737928
15.8094,2.43787,-0.73701
15.8586,2.34593,-0.738701
15.8816,2.24984,-0.739136
15.8872,2.15128,-0.738749
15.8813,2.05133,-0.737831
15.8787,1.95201,-0.737106
15.8904,1.85455,-0.737106
15.8955,1.75635,-0.736816
15.8971,1.65785,-0.736381
15.9069,1.56028,-0.736381
15.9122,1.46228,-0.736188
15.9209,1.36462,-0.736188
15.3137,1.21792,-0.706322
15.286,1.12137,-0.704631
15.9583,1.07234,-0.736913
15.9646,0.9744,-0.736913
15.9702,0.876425,-0.736913
15.9753,0.778417,-0.736913
15.9987,0.681189,-0.737831
16.0236,0.583775,-0.738846
16.0339,0.485657,-0.739184
16.0256,0.387,-0.738653
16.0156,0.288445,-0.738073
16.0131,0.190122,-0.73788
16.002,0.0917938,-0.7373
15.9913,-0.00639073,-0.736768
15.9869,-0.104485,-0.736575
15.975,-0.202439,-0.736043
15.9705,-0.3004,-0.735898
15.9593,-0.398163,-0.735463
15.9386,-0.495523,-0.734593
15.9243,-0.592903,-0.734062
15.9144,-0.690343,-0.733772
15.9098,-0.787979,-0.733772
15.9017,-0.885418,-0.733627
15.892,-0.982726,-0.733433
15.8787,-1.07975,-0.733095
15.8698,-1.17701,-0.732999
15.8573,-1.27396,-0.732757
15.8422,-1.37063,-0.732419
15.8116,-1.46579,-0.731355
15.7844,-1.56101,-0.730486
15.7587,-1.65616,-0.729712
15.7224,-1.74995,-0.728456
15.6727,-1.84185,-0.726571
15.6333,-1.93455,-0.725218
14.5098,-1.88606,-0.670995
14.4584,-1.96967,-0.669062
15.4457,-2.20071,-0.717921
15.3727,-2.28663,-0.715021
15.305,-2.37265,-0.712411
15.2932,-2.467,-0.712556
15.2452,-2.55534,-0.710962
15.2037,-2.64439,-0.709705
15.1626,-2.7332,-0.708497
15.1072,-2.81904,-0.706612
15.0808,-2.90998,-0.706177
15.0597,-3.00187,-0.706032
15.0146,-3.08879,-0.704727
14.971,-3.17568,-0.703519
14.9278,-3.26236,-0.702359
14.8919,-3.35039,-0.701586
14.8565,-3.43833,-0.700861
14.8186,-3.52549,-0.70004
14.785,-3.6135,-0.69946
14.7461,-3.70002,-0.698638
14.6999,-3.78446,-0.697478
14.66,-3.87025,-0.696657
14.6244,-3.957,-0.696077
14.5844,-4.04239,-0.695304
14.542,-4.1269,-0.694434
14.4925,-4.20908,-0.693226
14.4482,-4.29253,-0.692307
14.3919,-4.3721,-0.690809
14.3124,-4.44404,-0.688151
14.2506,-4.5209,-0.686412
14.1997,-4.60087,-0.685252
14.1627,-4.68509,-0.684817
14.129,-4.77031,-0.684575
14.0938,-4.85496,-0.684285
14.0486,-4.93605,-0.683512
13.9955,-5.01407,-0.682352
13.9354,-5.08923,-0.680854
13.9039,-5.17464,-0.680854
13.8738,-5.26057,-0.680951
13.8384,-5.34452,-0.680806
13.7914,-5.42384,-0.680081
13.757,-5.50799,-0.680032
13.7359,-5.59758,-0.680709
13.6939,-5.67869,-0.680322
13.6413,-5.75523,-0.679404
13.603,-5.83765,-0.679259
13.566,-5.9206,-0.679211
13.5093,-5.99482,-0.678148
13.4395,-6.06281,-0.676408
13.3812,-6.13559,-0.675296
13.2889,-6.19227,-0.672397
13.2028,-6.25104,-0.669835
13.1201,-6.31073,-0.667467
13.0381,-6.37007,-0.665148
12.9728,-6.43708,-0.663746
12.9036,-6.50172,-0.662152
12.8315,-6.5644,-0.660412
12.7697,-6.63196,-0.659252
12.7049,-6.69762,-0.657947
12.6345,-6.7599,-0.656352
12.5796,-6.83015,-0.655627
12.5182,-6.89661,-0.654564
12.4565,-6.96257,-0.653501
12.3901,-7.02557,-0.652196
12.3233,-7.08801,-0.650891
12.2641,-7.15444,-0.650021
12.1967,-7.21582,-0.648717
12.1342,-7.27974,-0.647702
12.0748,-7.34523,-0.64688
12.0066,-7.40503,-0.645575
11.944,-7.46797,-0.644609
11.8929,-7.53791,-0.644319
11.8355,-7.60372,-0.643691
11.7635,-7.65985,-0.642241
11.6813,-7.70878,-0.640211
11.6047,-7.76088,-0.63852
11.5238,-7.80953,-0.636587
11.4592,-7.86878,-0.63562
11.3934,-7.92697,-0.634605
11.3152,-7.97601,-0.632865
11.2628,-8.04297,-0.632672
11.2084,-8.10841,-0.632382
11.1423,-8.16523,-0.631416
11.0687,-8.21618,-0.630014
10.9973,-8.26834,-0.628758
10.9273,-8.32114,-0.627598
10.861,-8.37644,-0.62668
10.7968,-8.43309,-0.625906
10.7277,-8.48555,-0.624843
10.6598,-8.53872,-0.623877
10.5956,-8.59453,-0.623152
10.521,-8.64163,-0.621799
10.457,-8.69709,-0.621122
10.3821,-8.74307,-0.619769
10.3199,-8.79948,-0.619237
10.2612,-8.85872,-0.618947
10.2021,-8.91757,-0.618657
10.1352,-8.96941,-0.617884
10.0614,-9.01477,-0.616676
9.99627,-9.06762,-0.616048
9.93309,-9.12203,-0.615564
9.87766,-9.18348,-0.615613
9.82185,-9.2446,-0.615661
9.75482,-9.29505,-0.614985
9.69041,-9.34779,-0.614501
9.60286,-9.37777,-0.612472
8.32472,-8.23019,-0.529446
9.47223,-9.48007,-0.611457
9.39002,-9.51384,-0.609814
9.3245,-9.56413,-0.60933
9.25871,-9.61397,-0.608847
9.19128,-9.66191,-0.608267
9.1072,-9.69193,-0.606527
9.03872,-9.73811,-0.605899
8.97003,-9.78382,-0.605271
8.9058,-9.83423,-0.604981
8.8433,-9.88645,-0.604836
8.78048,-9.93829,-0.604691
8.71737,-9.98972,-0.604546
8.65199,-10.0385,-0.604256
8.58829,-10.0891,-0.604111
8.52173,-10.1363,-0.603773
8.45235,-10.1799,-0.603241
8.3834,-10.2238,-0.602758
8.30416,-10.2549,-0.601501
8.2336,-10.2963,-0.600921
8.17026,-10.3466,-0.600921
8.10417,-10.3934,-0.600728
8.03902,-10.4414,-0.600631
7.97057,-10.4849,-0.600293
7.89949,-10.5249,-0.599762
7.82763,-10.5635,-0.599182
7.75736,-10.6041,-0.598747
7.68805,-10.6458,-0.598408
7.61563,-10.683,-0.597829
7.53901,-10.714,-0.59691
7.46572,-10.7494,-0.596282
7.40188,-10.7983,-0.596475
7.34164,-10.8526,-0.597007
7.28268,-10.9091,-0.597684
7.20296,-10.9344,-0.596572
7.12812,-10.9667,-0.595895
7.06608,-11.0186,-0.596379
6.9962,-11.0584,-0.596185
6.91341,-11.0774,-0.594832
6.85945,-11.1426,-0.596137
6.79095,-11.1844,-0.596137
6.71501,-11.2139,-0.595461
6.64862,-11.2592,-0.595702
6.57639,-11.2946,-0.595412
6.50796,-11.3365,-0.595509
6.42844,-11.3588,-0.594542
6.3557,-11.3928,-0.594252
6.2799,-11.4211,-0.593672
6.20161,-11.4445,-0.592851
6.13128,-11.4823,-0.592851
6.05838,-11.5153,-0.592609
5.99083,-11.5584,-0.592948
5.92388,-11.603,-0.593382
5.85033,-11.6347,-0.593141
5.76509,-11.6426,-0.591643
5.6988,-11.6885,-0.592223
5.62135,-11.7116,-0.591594
5.54853,-11.744,-0.591498
5.47342,-11.7715,-0.591159
5.39776,-11.7976,-0.590773
5.32076,-11.8205,-0.590241
5.24692,-11.8502,-0.590096
5.17411,-11.8821,-0.590096
5.09874,-11.9082,-0.589806
5.02209,-11.9309,-0.589371
4.9465,-11.956,-0.589081
4.87304,-11.9861,-0.589081
3.90816,-9.78505,-0.472855
4.73106,-12.059,-0.589806
4.65375,-12.0794,-0.589371
4.57071,-12.0843,-0.588163
4.49195,-12.1,-0.587535
4.41831,-12.1292,-0.587632
4.36565,-12.2172,-0.590773
0,0,0
0,0,0
0,0,0
0,0,0
0,0,0
0,0,0
0,0,0
0,0,0
0,0,0
0,0,0
0,0,0
0,0,0
0,0,0
0,0,0
0,0,0
0,0,0
0,0,0
0,0,0
0,0,0
0,0,0
0,0,0
0,0,0
0,0,0
0,0,0
0,0,0
0,0,0
0,0,0
0,0,0
0,0,0
0,0,0
0,0,0
0,0,0
0,0,0
0,0,0
0,0,0
0,0,0
0,0,0
0,0,0
0,0,0
0,0,0
0,0,0
0,0,0
0,0,0
0,0,0
0,0,0
0,0,0
0,0,0
0,0,0
0,0,0
0,0,0
0,0,0
0,0,0
0,0,0
0,0,0
0,0,0
0,0,0
0,0,0
0,0,0
0,0,0
0,0,0
0,0,0
0,0,0
0,0,0
0,0,0
0,0,0
0,0,0
0,0,0
0,0,0
0,0,0
0,0,0
0,0,0
0,0,0
0,0,0
0,0,0
0,0,0
0,0,0
0,0,0
0,0,0
0,0,0
0,0,0
0,0,0
0,0,0
0,0,0
0,0,0
0,0,0
0,0,0
0,0,0
0,0,0
0,0,0
0,0,0
0,0,0
0,0,0
0,0,0
0,0,0
0,0,0
0,0,0
0,0,0
0,0,0
0,0,0
0,0,0
0,0,0
0,0,0
0,0,0
0,0,0
0,0,0
0,0,0
0,0,0
0,0,0
0,0,0
0,0,0
0,0,0
0,0,0
0,0,0
0,0,0
0,0,0
0,0,0
0,0,0
0,0,0
0,0,0
0,0,0
0,0,0
0,0,0
0,0,0
0,0,0
0,0,0
0,0,0
0,0,0
0,0,0
0,0,0
0,0,0
0,0,0
0,0,0
0,0,0
0,0,0
0,0,0
0,0,0
0,0,0
0,0,0
0,0,0
0,0,0
0,0,0
0,0,0
0,0,0
0,0,0
0,0,0
0,0,0
0,0,0
0,0,0
0,0,0
0,0,0
0,0,0
0,0,0
0,0,0
0,0,0
0,0,0
0,0,0
0,0,0
0,0,0
0,0,0
0,0,0
0,0,0
0,0,0
0,0,0
0,0,0
0,0,0
0,0,0
0,0,0
0,0,0
0,0,0
0,0,0
0,0,0
0,0,0
0,0,0
0,0,0
0,0,0
0,0,0
0,0,0
0,0,0
0,0,0
0,0,0
0,0,0
0,0,0
0,0,0
0,0,0
0,0,0
0,0,0
0,0,0
0,0,0
0,0,0
0,0,0
0,0,0
0,0,0
0,0,0
0,0,0
0,0,0
0,0,0
0,0,0
0,0,0
0,0,0
0,0,0
0,0,0
0,0,0
0,0,0
0,0,0
0,0,0
0,0,0
0,0,0
0,0,0
0,0,0
0,0,0
0,0,0
0,0,0
0,0,0
0,0,0
0,0,0
0,0,0
0,0,0
0,0,0
0,0,0
0,0,0
0,0,0
0,0,0
0,0,0
0,0,0
0,0,0
0,0,0
0,0,0
0,0,0
0,0,0
0,0,0
0,0,0
0,0,0
0,0,0
0,0,0
0,0,0
0,0,0
0,0,0
0,0,0
0,0,0
0,0,0
0,0,0
0,0,0
0,0,0
0,0,0
0,0,0
0,0,0
0,0,0
0,0,0
0,0,0
0,0,0
0,0,0
0,0,0
0,0,0
0,0,0
0,0,0
0,0,0
0,0,0
0,0,0
0,0,0
0,0,0
0,0,0
0,0,0
0,0,0
0,0,0
0,0,0
0,0,0
0,0,0
0,0,0
0,0,0
0,0,0
0,0,0
0,0,0
0,0,0
0,0,0
0,0,0
0,0,0
0,0,0
0,0,0
0,0,0
0,0,0
0,0,0
0,0,0
0,0,0
0,0,0
0,0,0
0,0,0
0,0,0
0,0,0
0,0,0
0,0,0
0,0,0
0,0,0
0,0,0
0,0,0
0,0,0
0,0,0
0,0,0
0,0,0
0,0,0
0,0,0
0,0,0
0,0,0
0,0,0
0,0,0
0,0,0
0,0,0
0,0,0
0,0,0
0,0,0
0,0,0
0,0,0
0,0,0
0,0,0
0,0,0
0,0,0
0,0,0
0,0,0
0,0,0
0,0,0
0,0,0
0,0,0
0,0,0
0,0,0
0,0,0
0,0,0
0,0,0
0,0,0
0,0,0
0,0,0
0,0,0
0,0,0
0,0,0
0,0,0
0,0,0
0,0,0
0,0,0
0,0,0
0,0,0
0,0,0
0,0,0
0,0,0
0,0,0
0,0,0
0,0,0
0,0,0
0,0,0
0,0,0
0,0,0
0,0,0
0,0,0
0,0,0
0,0,0
0,0,0
0,0,0
0,0,0
0,0,0
0,0,0
0,0,0
0,0,0
0,0,0
0,0,0
0,0,0
0,0,0
0,0,0
0,0,0
0,0,0
0,0,0
0,0,0
0,0,0
0,0,0
0,0,0
0,0,0
0,0,0
0,0,0
0,0,0
0,0,0
0,0,0
0,0,0
0,0,0
0,0,0
0,0,0
0,0,0
0,0,0
0,0,0
0,0,0
0,0,0
0,0,0
0,0,0
0,0,0
0,0,0
0,0,0
0,0,0
0,0,0
0,0,0
0,0,0
0,0,0
0,0,0
0,0,0
0,0,0
0,0,0
0,0,0
0,0,0
0,0,0
0,0,0
0,0,0
0,0,0
0,0,0
0,0,0
0,0,0
0,0,0
0,0,0
0,0,0
0,0,0
0,0,0
0,0,0
0,0,0
0,0,0
0,0,0
0,0,0
0,0,0
0,0,0
0,0,0
0,0,0
0,0,0
0,0,0
0,0,0
0,0,0
0,0,0
0,0,0
0,0,0
0,0,0
0,0,0
0,0,0
0,0,0
0,0,0
0,0,0
0,0,0
0,0,0
0,0,0
0,0,0
0,0,0
0,0,0
0,0,0
0,0,0
0,0,0
0,0,0
0,0,0
0,0,0
0,0,0
0,0,0
0,0,0
0,0,0
0,0,0
0,0,0
0,0,0
0,0,0
0,0,0
0,0,0
0,0,0
0,0,0
0,0,0
0,0,0
0,0,0
0,0,0
0,0,0
0,0,0
0,0,0
0,0,0
0,0,0
0,0,0
0,0,0
0,0,0
0,0,0
0,0,0
0,0,0
0,0,0
0,0,0
0,0,0
0,0,0
0,0,0
0,0,0
0,0,0
0,0,0
0,0,0
0,0,0
0,0,0
0,0,0
0,0,0
0,0,0
0,0,0
0,0,0
0,0,0
0,0,0
0,0,0
0,0,0
0,0,0
0,0,0
0,0,0
0,0,0
0,0,0
0,0,0
0,0,0
0,0,0
0,0,0
0,0,0
0,0,0
0,0,0
0,0,0
0,0,0
0,0,0
0,0,0
0,0,0
0,0,0
0,0,0
0,0,0
0,0,0
0,0,0
0,0,0
0,0,0
0,0,0
0,0,0
0,0,0
0,0,0
0,0,0
0,0,0
0,0,0
0,0,0
0,0,0
0,0,0
0,0,0
0,0,0
0,0,0
0,0,0
0,0,0
0,0,0
0,0,0
0,0,0
0,0,0
0,0,0
0,0,0
0,0,0
0,0,0
0,0,0
0,0,0
0,0,0
0,0,0
0,0,0
0,0,0
0,0,0
0,0,0
0,0,0
0,0,0
0,0,0
0,0,0
0,0,0
0,0,0
0,0,0
0,0,0
0,0,0
0,0,0
0,0,0
0,0,0
0,0,0
0,0,0
0,0,0
0,0,0
0,0,0
0,0,0
0,0,0
0,0,0
0,0,0
0,0,0
0,0,0
0,0,0
0,0,0
0,0,0
0,0,0
0,0,0
0,0,0
0,0,0
0,0,0
0,0,0
0,0,0
0,0,0
0,0,0
0,0,0
0,0,0
0,0,0
0,0,0
0,0,0
0,0,0
0,0,0
0,0,0
0,0,0
0,0,0
0,0,0
0,0,0
0,0,0
0,0,0
0,0,0
0,0,0
0,0,0
0,0,0
0,0,0
0,0,0
0,0,0
0,0,0
0,0,0
0,0,0
1.35724,3.64977,-0.197621
1.37784,3.6367,-0.19732
1.41953,3.67847,-0.20057
1.45523,3.70313,-0.202736
1.46086,3.6515,-0.199968
1.4791,3.6323,-0.199306
1.48989,3.59549,-0.197501
1.51037,3.5826,-0.19726
1.53351,3.57602,-0.197441
1.55462,3.56471,-0.19732
1.57404,3.54963,-0.196959
1.59373,3.53536,-0.196658
1.61082,3.51553,-0.195996
1.62899,3.49834,-0.195515
1.64914,3.48558,-0.195334
1.6705,3.47539,-0.195334
1.69223,3.46597,-0.195395
1.72101,3.47073,-0.196418
1.75619,3.48774,-0.198283
1.78528,3.492,-0.199306
1.80898,3.48541,-0.199607
1.88245,3.57315,-0.206347
1.85632,3.47175,-0.200209
9.3664,17.2586,-1.14668
9.5328,17.3109,-1.15426
9.6252,17.2277,-1.15258
9.71005,17.1319,-1.15005
9.79609,17.0391,-1.14776
9.88235,16.9476,-1.1456
9.96633,16.8531,-1.14325
10.0439,16.7489,-1.14024
10.1252,16.6519,-1.13777
10.2183,16.5751,-1.13675
10.3177,16.5087,-1.13651
10.4225,16.4509,-1.13693
10.5319,16.4001,-1.13789
10.6399,16.3469,-1.13874
10.7302,16.2663,-1.13765
7.65097,11.4452,-0.792837
7.72889,11.4097,-0.793679
7.81627,11.3875,-0.795545
7.90879,11.3721,-0.797952
7.9376,11.2655,-0.793679
5.76504,8.07653,-0.561093
7.92667,10.9618,-0.778394
5.92743,8.09214,-0.567592
6.05191,8.15663,-0.575175
7.93159,10.5539,-0.758776
7.92909,10.4168,-0.752096
7.52661,9.76324,-0.706061
7.58269,9.71215,-0.7057
7.64771,9.67249,-0.706241
7.70879,9.62772,-0.706422
7.83436,9.66242,-0.712801
7.90807,9.63191,-0.714185
8.00914,9.63387,-0.718156
8.09767,9.61967,-0.720925
8.26209,9.69363,-0.730734
11.2875,13.0796,-1.00442
11.3636,13.0056,-1.00406
11.4028,12.89,-1.00039
11.4124,12.7425,-0.99413
11.4562,12.6345,-0.991061
11.5032,12.5309,-0.988353
11.4942,12.3679,-0.980771
11.5418,12.2673,-0.978304
11.535,12.1103,-0.971143
11.5515,11.9796,-0.966148
11.5788,11.8614,-0.962176
3.65113,3.695,-0.276032
11.5625,11.5575,-0.948456
11.6048,11.4583,-0.946048
0,0,0
11.7151,11.2866,-0.943581
11.8051,11.2345,-0.945326
3.63411,3.41659,-0.263576
3.64842,3.38811,-0.263034
3.66546,3.36229,-0.262733
7.90123,7.15833,-0.605624
7.95393,7.1177,-0.606347
7.96155,7.03704,-0.603458
8.2392,7.19286,-0.622234
3.68825,3.18048,-0.256475
3.68566,3.13902,-0.25473
3.70409,3.11571,-0.254669
3.73312,3.10121,-0.255452
3.9018,3.20106,-0.267126
3.91593,3.17266,-0.266705
3.93221,3.14608,-0.266464
8.15924,6.44579,-0.589738
8.30568,6.4791,-0.597922
8.34844,6.43045,-0.598162
9.34357,7.10599,-0.670556
9.36624,7.03294,-0.668991
9.04836,6.70785,-0.641912
9.02652,6.60622,-0.637218
8.52477,6.15907,-0.596899
8.43968,6.01913,-0.587812
8.44136,5.94252,-0.585224
8.45307,5.87353,-0.583419
8.59432,5.89381,-0.591122
8.50384,5.75537,-0.581915
8.53153,5.69809,-0.581373
8.37713,5.52096,-0.567713
8.34641,5.42755,-0.563079
7.49487,4.80868,-0.499712
7.4964,4.74499,-0.497726
7.4932,4.67881,-0.49544
7.47332,4.60291,-0.492009
7.46559,4.5352,-0.489482
7.44789,4.46212,-0.486293
7.44763,4.40009,-0.484367
7.45034,4.34024,-0.482682
7.44307,4.27506,-0.480335
7.42834,4.2062,-0.477507
7.45052,4.15859,-0.477266
7.5686,4.16379,-0.483645
7.6414,4.14296,-0.486894
7.86125,4.19994,-0.500194
7.90542,4.16139,-0.501457
8.0017,4.14957,-0.506271
8.77016,4.47997,-0.55658
9.20322,4.63018,-0.583961
9.01768,4.46772,-0.569578
9.19206,4.48407,-0.579447
9.39756,4.51314,-0.591362
9.39439,4.44089,-0.589316
9.53188,4.43453,-0.596658
9.44364,4.3232,-0.589016
9.36897,4.21967,-0.582336
9.36456,4.14877,-0.58035
9.48044,4.1307,-0.586308
9.42211,4.03668,-0.580831
9.41726,3.96639,-0.578906
9.48662,3.92724,-0.581854
9.50776,3.86783,-0.581674
9.42379,3.76645,-0.574693
9.47089,3.71804,-0.576258
9.47676,3.6534,-0.575175
9.59889,3.63298,-0.581614
9.85493,3.66091,-0.596658
9.85845,3.59353,-0.595455
10.1266,3.62102,-0.611221
10.1524,3.56014,-0.611462
10.0957,3.47084,-0.606467
10.2861,3.46588,-0.617239
10.2768,3.39269,-0.615313
10.3383,3.34277,-0.617901
10.371,3.28319,-0.618683
10.37,3.21299,-0.617359
10.8327,3.28364,-0.645281
10.8364,3.21229,-0.644258
10.8665,3.1488,-0.64492
10.8212,3.06384,-0.640889
10.6926,2.95669,-0.631681
10.7867,2.91157,-0.636435
10.9115,2.87355,-0.643115
10.9811,2.81995,-0.646365
11.1716,2.79589,-0.657136
11.2419,2.74029,-0.660446
11.4255,2.71089,-0.670797
11.7182,2.70447,-0.687887
12.0053,2.69325,-0.704616
12.3405,2.68902,-0.724294
12.6732,2.68016,-0.743792
12.886,2.64265,-0.755888
12.9391,2.57092,-0.758174
12.9635,2.49318,-0.758716
12.953,2.40885,-0.757151
12.943,2.32491,-0.755647
12.9521,2.2446,-0.755346
12.945,2.16163,-0.754082
12.9383,2.079,-0.752879
12.9508,1.99957,-0.752879
12.9598,1.91963,-0.752698
12.9734,1.84035,-0.752819
12.9676,1.75843,-0.751796
12.9564,1.67602,-0.750472
12.9803,1.59819,-0.751314
12.9829,1.51771,-0.750893
12.9671,1.43527,-0.749389
10.3061,1.07685,-0.587571
13.0007,1.2777,-0.750412
13.0142,1.19845,-0.750773
13.0412,1.12028,-0.751976
13.0568,1.04096,-0.752518
13.0679,0.961188,-0.752819
13.0696,0.880718,-0.752578
13.0758,0.800569,-0.752638
13.0864,0.720652,-0.752999
13.1015,0.640878,-0.753661
13.1142,0.56086,-0.754203
13.1124,0.4802,-0.753902
13.1031,0.39937,-0.75318
13.0744,0.318211,-0.751314
13.0591,0.237674,-0.750291
13.0594,0.157528,-0.750231
13.0581,0.0773823,-0.750111
13.0374,-0.00273705,-0.748847
13.0331,-0.0827072,-0.748606
13.0413,-0.162788,-0.749148
13.0461,-0.242916,-0.749509
13.0393,-0.322837,-0.749208
13.0242,-0.402438,-0.748426
12.9995,-0.481532,-0.747102
13.0003,-0.561458,-0.747342
13.0036,-0.64156,-0.747764
12.9994,-0.721337,-0.747764
12.9917,-0.800902,-0.747583
12.9955,-0.88121,-0.748125
12.9968,-0.961448,-0.748546
13.0186,-1.04341,-0.750231
13.0189,-1.12387,-0.750652
13.0207,-1.20456,-0.751194
12.9872,-1.28188,-0.749629
12.9702,-1.36061,-0.749088
12.9685,-1.44094,-0.749509
12.9793,-1.52281,-0.750712
12.9727,-1.60279,-0.750893
12.9616,-1.68223,-0.750833
12.95,-1.76159,-0.750773
12.9311,-1.8399,-0.750291
12.9186,-1.91906,-0.750231
12.9055,-1.99814,-0.750171
12.8704,-2.07363,-0.748787
12.8407,-2.14976,-0.747764
12.8036,-2.22441,-0.746319
10.1511,-1.82772,-0.584683
10.1367,-1.88943,-0.584502
12.7007,-2.44818,-0.742649
12.6796,-2.52489,-0.742288
12.6502,-2.59983,-0.741445
12.6193,-2.6743,-0.740542
12.589,-2.7487,-0.7397
12.5583,-2.82283,-0.738857
12.5281,-2.89691,-0.738075
12.4926,-2.96957,-0.736992
12.4742,-3.04616,-0.736992
12.4475,-3.12071,-0.736511
12.4107,-3.19255,-0.735427
12.3812,-3.26609,-0.734826
12.3523,-3.33965,-0.734284
12.3383,-3.41725,-0.734705
12.2739,-3.48063,-0.731997
12.2379,-3.55171,-0.731095
12.2082,-3.62446,-0.730613
12.1848,-3.69901,-0.730553
12.1657,-3.77489,-0.730794
12.1233,-3.84343,-0.72959
12.0681,-3.90759,-0.727604
12.0354,-3.97875,-0.727063
11.9918,-4.04614,-0.725859
11.9545,-4.11542,-0.725077
11.913,-4.18307,-0.724054
11.8702,-4.25003,-0.722971
11.8299,-4.31765,-0.722068
11.8078,-4.3919,-0.722369
11.7704,-4.46038,-0.721707
11.7242,-4.52532,-0.720503
11.685,-4.59279,-0.719781
11.6492,-4.66144,-0.7193
11.6102,-4.72869,-0.718638
11.5727,-4.7964,-0.718096
11.521,-4.85801,-0.716652
11.4772,-4.92271,-0.715749
11.4367,-4.98864,-0.715087
11.4013,-5.0567,-0.714786
11.3637,-5.12369,-0.714365
11.3321,-5.19332,-0.714365
11.3,-5.26276,-0.714365
11.2648,-5.33071,-0.714185
11.23,-5.39886,-0.714064
11.1931,-5.46592,-0.713824
11.1683,-5.53893,-0.714425
11.1412,-5.61094,-0.714907
11.1013,-5.67647,-0.714546
11.0583,-5.74034,-0.714004
11.0167,-5.80483,-0.713583
10.9685,-5.86573,-0.71274
10.906,-5.91863,-0.710935
10.8432,-5.97099,-0.70913
10.7837,-6.02476,-0.707565
10.7127,-6.07161,-0.705218
10.6484,-6.12181,-0.703353
10.6072,-6.18502,-0.703112
10.557,-6.24287,-0.70227
10.504,-6.29881,-0.701247
10.4515,-6.35484,-0.700284
10.3978,-6.40994,-0.699261
10.327,-6.45405,-0.697034
10.2686,-6.50554,-0.69571
10.2269,-6.56735,-0.69559
10.1772,-6.62398,-0.694928
10.1088,-6.66817,-0.692942
10.0486,-6.71731,-0.691558
9.9841,-6.76316,-0.689873
9.93418,-6.81865,-0.689271
9.89134,-6.8789,-0.689211
9.82365,-6.92164,-0.687346
9.76475,-6.97019,-0.686142
9.70643,-7.01886,-0.684999
9.64868,-7.06767,-0.683915
9.59311,-7.11782,-0.683013
9.53489,-7.16575,-0.68193
9.48201,-7.21747,-0.681268
9.43122,-7.27064,-0.680786
9.3762,-7.32038,-0.680004
9.30918,-7.36044,-0.678319
9.25605,-7.41118,-0.677717
9.21816,-7.47413,-0.678319
9.17521,-7.53308,-0.67856
9.115,-7.57775,-0.677476
9.0439,-7.61296,-0.675551
8.98638,-7.65925,-0.674708
8.92863,-7.70511,-0.673866
8.86465,-7.7453,-0.672542
8.80799,-7.79161,-0.67182
8.75109,-7.83752,-0.671098
8.69396,-7.88302,-0.670375
8.64175,-7.93284,-0.670075
8.58487,-7.97824,-0.669413
8.53212,-8.02735,-0.669112
8.47548,-8.07267,-0.66851
8.40782,-8.1072,-0.667006
8.34007,-8.1412,-0.665501
8.29279,-8.19503,-0.665742
8.23883,-8.24223,-0.665441
8.18389,-8.28836,-0.66508
8.11546,-8.32056,-0.663575
8.03932,-8.34432,-0.661409
7.99691,-8.40289,-0.662191
7.94794,-8.45471,-0.662432
7.87689,-8.48283,-0.660747
7.81188,-8.51703,-0.659604
7.7588,-8.56406,-0.659544
7.70544,-8.61076,-0.659483
7.64519,-8.64965,-0.658821
7.58409,-8.68738,-0.658099
7.52934,-8.73224,-0.657979
7.47239,-8.77447,-0.657678
7.41519,-8.81634,-0.657377
7.35713,-8.85706,-0.657016
7.30265,-8.90204,-0.657016
7.24852,-8.94745,-0.657076
7.19223,-8.9902,-0.656956
7.14188,-9.04043,-0.657437
7.08137,-9.07779,-0.656956
7.017,-9.10999,-0.656113
6.95433,-9.14414,-0.655451
6.8927,-9.17945,-0.65491
6.84754,-9.23681,-0.656053
6.77069,-9.25126,-0.654007
6.70912,-9.28616,-0.653526
6.65317,-9.32878,-0.653646
6.59179,-9.36371,-0.653225
4.73842,-6.81931,-0.463485
6.47638,-9.4439,-0.653225
6.40377,-9.46196,-0.65166
6.32674,-9.47286,-0.649614
6.25642,-9.49316,-0.64829
6.19642,-9.52886,-0.64811
6.12705,-9.5499,-0.646906
6.05233,-9.56201,-0.645101
5.98614,-9.58711,-0.644258
5.91726,-9.60751,-0.643115
5.87063,-9.66411,-0.644559
5.81122,-9.69995,-0.644559
5.7455,-9.72512,-0.643837
5.68572,-9.76019,-0.643837
5.61181,-9.77065,-0.642152
5.55519,-9.81098,-0.642573
5.49343,-9.84227,-0.642393
5.43149,-9.87317,-0.642212
5.37414,-9.91245,-0.642634
5.31275,-9.94436,-0.642573
5.24884,-9.97147,-0.642212
5.1848,-9.99817,-0.641851
5.12109,-10.0254,-0.64155
5.05768,-10.053,-0.64131
4.9959,-10.0839,-0.64131
4.92956,-10.1054,-0.640708
4.86357,-10.1273,-0.640166
4.81072,-10.1768,-0.64149
4.75029,-10.2107,-0.641791
4.68464,-10.2333,-0.64137
4.6189,-10.2555,-0.640949
4.55871,-10.29,-0.64137
4.49748,-10.3223,-0.641671
4.43328,-10.3479,-0.64155
4.36931,-10.374,-0.64149
4.30863,-10.408,-0.641972
4.23829,-10.4185,-0.640949
3.91129,-9.78622,-0.598223
3.85262,-9.81375,-0.598463
4.0458,-10.4948,-0.640949
3.98027,-10.5166,-0.640768
3.91532,-10.5399,-0.640708
3.85058,-10.5637,-0.640708
3.78434,-10.5834,-0.640467
3.71801,-10.6026,-0.640227
3.65224,-10.6234,-0.640106
3.57328,-10.6049,-0.637519
3.50188,-10.6077,-0.636315
3.43642,-10.628,-0.636255
0,0,0
0,0,0
0,0,0
0,0,0
0,0,0
0,0,0
0,0,0
0,0,0
0,0,0
0,0,0
0,0,0
0,0,0
0,0,0
0,0,0
0,0,0
0,0,0
0,0,0
0,0,0
0,0,0
0,0,0
0,0,0
0,0,0
0,0,0
0,0,0
0,0,0
0,0,0
0,0,0
0,0,0
0,0,0
0,0,0
0,0,0
0,0,0
0,0,0
0,0,0
0,0,0
0,0,0
0,0,0
0,0,0
0,0,0
0,0,0
0,0,0
0,0,0
0,0,0
0,0,0
0,0,0
0,0,0
0,0,0
0,0,0
0,0,0
0,0,0
0,0,0
0,0,0
0,0,0
0,0,0
0,0,0
0,0,0
0,0,0
0,0,0
0,0,0
0,0,0
0,0,0
0,0,0
0,0,0
0,0,0
0,0,0
0,0,0
0,0,0
0,0,0
0,0,0
0,0,0
0,0,0
0,0,0
0,0,0
0,0,0
0,0,0
0,0,0
0,0,0
0,0,0
0,0,0
0,0,0
0,0,0
0,0,0
0,0,0
0,0,0
0,0,0
0,0,0
0,0,0
0,0,0
0,0,0
0,0,0
0,0,0
0,0,0
0,0,0
0,0,0
0,0,0
0,0,0
0,0,0
0,0,0
0,0,0
0,0,0
0,0,0
0,0,0
0,0,0
0,0,0
0,0,0
0,0,0
0,0,0
0,0,0
0,0,0
0,0,0
0,0,0
0,0,0
0,0,0
0,0,0
0,0,0
0,0,0
0,0,0
0,0,0
0,0,0
0,0,0
0,0,0
0,0,0
0,0,0
0,0,0
0,0,0
0,0,0
0,0,0
0,0,0
0,0,0
0,0,0
0,0,0
0,0,0
0,0,0
0,0,0
0,0,0
0,0,0
0,0,0
0,0,0
0,0,0
0,0,0
0,0,0
0,0,0
0,0,0
0,0,0
0,0,0
0,0,0
0,0,0
0,0,0
0,0,0
0,0,0
0,0,0
0,0,0
0,0,0
0,0,0
0,0,0
0,0,0
0,0,0
0,0,0
0,0,0
0,0,0
0,0,0
0,0,0
0,0,0
0,0,0
0,0,0
0,0,0
0,0,0
0,0,0
0,0,0
0,0,0
0,0,0
0,0,0
0,0,0
0,0,0
0,0,0
0,0,0
0,0,0
0,0,0
0,0,0
0,0,0
0,0,0
0,0,0
0,0,0
0,0,0
0,0,0
0,0,0
0,0,0
0,0,0
0,0,0
0,0,0
0,0,0
0,0,0
0,0,0
0,0,0
0,0,0
0,0,0
0,0,0
0,0,0
0,0,0
0,0,0
0,0,0
0,0,0
0,0,0
0,0,0
0,0,0
0,0,0
0,0,0
0,0,0
0,0,0
0,0,0
0,0,0
0,0,0
0,0,0
0,0,0
0,0,0
0,0,0
0,0,0
0,0,0
0,0,0
0,0,0
0,0,0
0,0,0
0,0,0
0,0,0
0,0,0
0,0,0
0,0,0
0,0,0
0,0,0
0,0,0
0,0,0
0,0,0
0,0,0
0,0,0
0,0,0
0,0,0
0,0,0
0,0,0
0,0,0
0,0,0
0,0,0
0,0,0
0,0,0
0,0,0
0,0,0
0,0,0
0,0,0
0,0,0
0,0,0
0,0,0
0,0,0
0,0,0
0,0,0
0,0,0
0,0,0
0,0,0
0,0,0
0,0,0
0,0,0
0,0,0
0,0,0
0,0,0
0,0,0
0,0,0
0,0,0
0,0,0
0,0,0
0,0,0
0,0,0
0,0,0
0,0,0
0,0,0
0,0,0
0,0,0
0,0,0
0,0,0
0,0,0
0,0,0
0,0,0
0,0,0
0,0,0
0,0,0
0,0,0
0,0,0
0,0,0
0,0,0
0,0,0
0,0,0
0,0,0
0,0,0
0,0,0
0,0,0
0,0,0
0,0,0
0,0,0
0,0,0
0,0,0
0,0,0
0,0,0
0,0,0
0,0,0
0,0,0
0,0,0
0,0,0
0,0,0
0,0,0
0,0,0
0,0,0
0,0,0
0,0,0
0,0,0
0,0,0
0,0,0
0,0,0
0,0,0
0,0,0
0,0,0
0,0,0
0,0,0
0,0,0
0,0,0
0,0,0
0,0,0
0,0,0
0,0,0
0,0,0
0,0,0
0,0,0
0,0,0
0,0,0
0,0,0
0,0,0
0,0,0
0,0,0
0,0,0
0,0,0
0,0,0
0,0,0
0,0,0
0,0,0
0,0,0
0,0,0
0,0,0
0,0,0
0,0,0
0,0,0
0,0,0
0,0,0
0,0,0
0,0,0
0,0,0
0,0,0
0,0,0
0,0,0
0,0,0
0,0,0
0,0,0
0,0,0
0,0,0
0,0,0
0,0,0
0,0,0
0,0,0
0,0,0
0,0,0
0,0,0
0,0,0
0,0,0
0,0,0
0,0,0
0,0,0
0,0,0
0,0,0
0,0,0
0,0,0
0,0,0
0,0,0
0,0,0
0,0,0
0,0,0
0,0,0
0,0,0
0,0,0
0,0,0
0,0,0
0,0,0
0,0,0
0,0,0
0,0,0
0,0,0
0,0,0
0,0,0
0,0,0
0,0,0
0,0,0
0,0,0
0,0,0
0,0,0
0,0,0
0,0,0
0,0,0
0,0,0
0,0,0
0,0,0
0,0,0
0,0,0
0,0,0
0,0,0
0,0,0
0,0,0
0,0,0
0,0,0
0,0,0
0,0,0
0,0,0
0,0,0
0,0,0
0,0,0
0,0,0
0,0,0
0,0,0
0,0,0
0,0,0
0,0,0
0,0,0
0,0,0
0,0,0
0,0,0
0,0,0
0,0,0
0,0,0
0,0,0
0,0,0
0,0,0
0,0,0
0,0,0
0,0,0
0,0,0
0,0,0
0,0,0
0,0,0
0,0,0
0,0,0
0,0,0
0,0,0
0,0,0
0,0,0
0,0,0
0,0,0
0,0,0
0,0,0
0,0,0
0,0,0
0,0,0
0,0,0
0,0,0
0,0,0
0,0,0
0,0,0
0,0,0
0,0,0
0,0,0
0,0,0
0,0,0
0,0,0
0,0,0
0,0,0
0,0,0
0,0,0
0,0,0
0,0,0
0,0,0
0,0,0
0,0,0
0,0,0
0,0,0
0,0,0
0,0,0
0,0,0
0,0,0
0,0,0
0,0,0
0,0,0
0,0,0
0,0,0
0,0,0
0,0,0
0,0,0
0,0,0
0,0,0
0,0,0
0,0,0
0,0,0
0,0,0
0,0,0
0,0,0
0,0,0
0,0,0
0,0,0
0,0,0
0,0,0
0,0,0
0,0,0
0,0,0
0,0,0
0,0,0
0,0,0
0,0,0
0,0,0
0,0,0
0,0,0
0,0,0
0,0,0
0,0,0
0,0,0
0,0,0
0,0,0
0,0,0
0,0,0
0,0,0
0,0,0
0,0,0
0,0,0
0,0,0
0,0,0
0,0,0
0,0,0
0,0,0
0,0,0
0,0,0
0,0,0
0,0,0
0,0,0
0,0,0
0,0,0
0,0,0
0,0,0
0,0,0
0,0,0
0,0,0
0,0,0
0,0,0
0,0,0
0,0,0
0,0,0
0,0,0
0,0,0
0,0,0
0,0,0
0,0,0
0,0,0
0,0,0
0,0,0
0,0,0
0,0,0
0,0,0
0,0,0
0,0,0
0,0,0
0,0,0
0,0,0
0,0,0
0,0,0
0,0,0
0,0,0
0,0,0
0,0,0
0,0,0
0,0,0
0,0,0
0,0,0
0,0,0
0,0,0
0,0,0
0,0,0
0,0,0
0,0,0
0,0,0
0,0,0
0,0,0
0,0,0
0,0,0
0,0,0
0,0,0
0,0,0
0,0,0
0,0,0
0,0,0
0,0,0
0,0,0
0,0,0
0,0,0
0,0,0
0,0,0
0,0,0
0,0,0
0,0,0
0,0,0
0,0,0
0,0,0
0,0,0
0,0,0
0,0,0
0,0,0
0,0,0
0,0,0
0,0,0
0,0,0
0,0,0
0,0,0
0,0,0
0,0,0
0,0,0
0,0,0
0,0,0
0,0,0
4.02727,16.9284,-1.23135
4.12112,16.8626,-1.22829
4.2114,16.7848,-1.22437
4.30039,16.7045,-1.22029
4.40052,16.6692,-1.21964
4.491,16.5985,-1.21637
0,0,0
0,0,0
0,0,0
0,0,0
0,0,0
0,0,0
0,0,0
5.12455,15.8164,-1.17485
5.22181,15.7856,-1.17492
5.31889,15.7542,-1.17499
0,0,0
0,0,0
1.31806,3.6765,-0.247426
1.34265,3.67397,-0.247863
0,0,0
1.3742,3.62178,-0.2451
1.39208,3.60211,-0.244227
1.40723,3.57587,-0.242845
1.41209,3.52457,-0.2395
1.42353,3.4909,-0.237537
1.4243,3.43235,-0.23361
1.43797,3.40609,-0.232229
1.44507,3.36512,-0.229684
1.46569,3.35619,-0.229684
1.48141,3.3362,-0.228811
1.4957,3.31341,-0.22772
1.52348,3.32049,-0.229029
1.63438,3.50545,-0.244663
1.66013,3.50437,-0.24539
1.67555,3.48153,-0.244372
1.69338,3.46402,-0.243791
1.72391,3.47232,-0.245318
1.73037,3.43229,-0.242918
1.74595,3.41095,-0.242045
1.76087,3.38866,-0.2411
1.77047,3.35662,-0.239355
1.78492,3.33426,-0.23841
1.79535,3.30484,-0.236883
1.80741,3.27891,-0.235646
1.82215,3.25818,-0.234847
1.84063,3.24434,-0.234628
7.41513,12.8922,-1.04701
7.45188,12.7741,-1.0409
7.52403,12.7178,-1.04003
7.59423,12.6586,-1.03894
7.66087,12.5938,-1.03741
7.71968,12.5169,-1.03487
7.75193,12.3982,-1.02876
7.78408,12.2813,-1.0228
7.8415,12.2057,-1.0204
7.89557,12.1256,-1.01763
7.9484,12.0444,-1.0148
8.01107,11.9788,-1.01334
7.80134,11.5117,-0.97655
7.86505,11.4537,-0.975677
7.9329,11.402,-0.975386
8.0188,11.3759,-0.977422
5.76043,8.06592,-0.685322
8.33257,11.5183,-0.999164
5.92028,8.07829,-0.692885
6.04166,8.13872,-0.701683
8.47185,11.2681,-0.990511
8.51848,11.1865,-0.987821
8.55955,11.0985,-0.984549
8.63301,11.0528,-0.985203
7.68852,9.71986,-0.86624
7.75425,9.68028,-0.866967
5.80507,7.15604,-0.634494
5.88874,7.16885,-0.639075
5.89436,7.08657,-0.634712
6.42337,7.62704,-0.689685
6.46228,7.57838,-0.688813
9.05025,10.483,-0.972405
9.10391,10.4153,-0.971241
6.56103,7.41333,-0.68445
6.63035,7.39967,-0.687067
6.57914,7.25247,-0.676596
7.01138,7.63439,-0.718408
7.04248,7.57442,-0.716735
6.48391,6.88828,-0.652382
6.38709,6.7025,-0.637693
6.48487,6.72205,-0.643656
5.84108,5.98065,-0.572176
3.63126,3.67204,-0.339194
3.67982,3.67578,-0.341885
3.72076,3.67135,-0.343775
6.21531,6.05902,-0.595518
6.22651,5.99586,-0.5929
6.34049,6.0311,-0.600681
3.87805,3.64313,-0.35061
3.91349,3.63148,-0.351919
3.95187,3.62223,-0.353519
3.98289,3.60595,-0.354392
4.00494,3.58144,-0.354392
6.02531,5.32276,-0.548834
6.73863,5.87986,-0.614715
3.6887,3.17826,-0.31767
3.69447,3.14393,-0.316361
3.72437,3.13019,-0.317379
6.97297,5.78918,-0.623441
3.91288,3.20758,-0.331559
3.93327,3.18414,-0.331632
3.95117,3.1587,-0.331486
7.07538,5.58664,-0.619951
6.8901,5.37199,-0.599663
7.18765,5.53347,-0.624023
7.2175,5.48624,-0.623659
7.36509,5.52748,-0.634057
7.23621,5.36163,-0.619296
6.84478,5.00676,-0.580975
7.0775,5.11066,-0.599154
7.03321,5.01329,-0.592391
7.33462,5.16061,-0.616533
7.53979,5.23614,-0.631949
7.53312,5.16327,-0.628531
7.46719,5.051,-0.619951
7.49638,5.00398,-0.619805
7.19381,4.7384,-0.590719
7.4619,4.84964,-0.611515
7.46129,4.78438,-0.608898
7.47281,4.72731,-0.607371
7.47798,4.66658,-0.605335
7.46996,4.59812,-0.602208
7.46138,4.52994,-0.599081
7.45053,4.46101,-0.595809
7.45286,4.4005,-0.5937
7.4056,4.31152,-0.587446
7.38867,4.24117,-0.583811
7.40153,4.18839,-0.58272
7.46628,4.16476,-0.585992
7.552,4.15203,-0.59101
7.60451,4.12035,-0.593264
7.86894,4.20142,-0.613042
7.87251,4.14144,-0.611225
7.95001,4.12014,-0.615515
8.1297,4.15021,-0.628167
8.17461,4.11011,-0.629767
8.25062,4.0851,-0.633912
8.2585,4.02609,-0.63253
8.30462,3.9857,-0.634276
8.30999,3.92572,-0.632749
8.32307,3.86961,-0.631876
8.34665,3.81847,-0.631876
8.39448,3.77824,-0.633839
8.44851,3.74039,-0.636312
8.63772,3.76097,-0.649546
8.55429,3.66235,-0.641111
8.663,3.64617,-0.647946
8.30829,3.43697,-0.618205
8.90388,3.61962,-0.663435
8.76847,3.50201,-0.651073
8.79258,3.44923,-0.651291
8.84336,3.4067,-0.653618
8.93219,3.37813,-0.658926
9.03129,3.35243,-0.665034
9.0948,3.31265,-0.668379
9.08584,3.24638,-0.666125
9.04535,3.16946,-0.661471
9.07406,3.11714,-0.662198
9.10435,3.06522,-0.663071
9.17414,3.02618,-0.666998
9.25706,2.99069,-0.671942
9.31993,2.94797,-0.67536
9.37119,2.90106,-0.677905
9.44131,2.85941,-0.681905
9.52084,2.81984,-0.686631
9.55903,2.76747,-0.688231
9.65261,2.73049,-0.694048
9.86913,2.72648,-0.709173
10.0773,2.71757,-0.723644
10.3175,2.71458,-0.740514
10.5639,2.71024,-0.75782
10.8077,2.70224,-0.774908
10.951,2.6668,-0.784434
11.0351,2.61567,-0.789524
11.0393,2.54522,-0.788652
11.045,2.47525,-0.787924
11.0609,2.40765,-0.787997
11.0775,2.34015,-0.788143
11.0867,2.27113,-0.787779
11.0907,2.20112,-0.787052
11.0981,2.1319,-0.786616
11.0992,2.06157,-0.785743
11.1008,1.99149,-0.784943
11.1099,1.92283,-0.784725
11.1235,1.85495,-0.78487
11.1327,1.78635,-0.784725
11.1306,1.71603,-0.78378
11.132,1.64639,-0.783125
11.1232,1.57539,-0.781744
11.1089,1.5039,-0.779998
11.1239,1.43648,-0.780435
11.1305,1.36795,-0.780289
11.1317,1.29882,-0.77978
10.289,1.13645,-0.71739
10.268,1.0704,-0.715354
10.2733,1.00728,-0.715281
11.1752,1.02661,-0.780871
11.1713,0.957171,-0.780144
11.174,0.88837,-0.779926
11.1991,0.821251,-0.78138
11.199,0.752185,-0.781016
11.2004,0.683272,-0.780798
11.2014,0.614371,-0.78058
11.2069,0.545726,-0.780726
11.2111,0.476994,-0.780798
11.1889,0.407286,-0.77898
11.1772,0.338201,-0.777962
11.197,0.270047,-0.779271
11.2174,0.201681,-0.780653
11.2194,0.13286,-0.780726
11.2031,0.0639181,-0.779489
11.1853,-0.00481799,-0.778181
11.1791,-0.073411,-0.777744
11.1784,-0.142003,-0.777744
11.1763,-0.210571,-0.777672
11.1679,-0.278971,-0.777162
11.154,-0.347119,-0.77629
11.1526,-0.415589,-0.776363
11.1389,-0.483538,-0.775563
11.1328,-0.551728,-0.775345
11.1142,-0.619196,-0.774254
11.1152,-0.687688,-0.774617
11.1018,-0.755268,-0.773963
11.093,-0.823078,-0.773672
11.0957,-0.891766,-0.774254
11.1009,-0.960776,-0.775054
11.0978,-1.02915,-0.775272
11.0833,-1.09644,-0.77469
11.0734,-1.16411,-0.774472
11.075,-1.23303,-0.775126
11.086,-1.30317,-0.776508
11.0986,-1.37374,-0.778035
11.09,-1.44181,-0.778035
11.071,-1.50849,-0.777308
11.0517,-1.57498,-0.776581
11.0339,-1.64159,-0.775999
11.0118,-1.70743,-0.775126
10.9982,-1.77449,-0.774908
10.9969,-1.84359,-0.775635
10.9815,-1.91035,-0.775345
10.1529,-1.83055,-0.714845
10.1307,-1.8908,-0.714045
10.9748,-2.11801,-0.777599
10.9333,-2.17966,-0.77549
10.9031,-2.24329,-0.774254
10.8715,-2.30642,-0.772945
10.8543,-2.37245,-0.772727
10.8366,-2.43835,-0.772509
10.8078,-2.50165,-0.771491
10.7806,-2.56514,-0.770618
10.7395,-2.62509,-0.768727
10.7038,-2.68608,-0.767273
10.6784,-2.74947,-0.766619
10.6623,-2.8152,-0.766691
10.6458,-2.88083,-0.766764
10.603,-2.93917,-0.764874
10.5818,-3.00336,-0.764655
10.569,-3.0699,-0.765092
10.5461,-3.13355,-0.764801
10.5162,-3.19502,-0.764001
10.4754,-3.25298,-0.762401
10.4448,-3.31388,-0.761601
10.4271,-3.37882,-0.761819
10.4015,-3.44117,-0.761456
10.3613,-3.49855,-0.760002
10.3377,-3.56141,-0.759856
10.3222,-3.62709,-0.760365
10.2979,-3.68969,-0.76022
10.2835,-3.75588,-0.760874
10.2575,-3.81787,-0.760656
10.1928,-3.86518,-0.757456
10.1624,-3.92513,-0.756947
10.1326,-3.98522,-0.756511
10.1088,-4.04769,-0.756584
10.082,-4.10889,-0.756438
10.0529,-4.16915,-0.756148
10.0363,-4.23463,-0.756875
9.98904,-4.28708,-0.755202
9.95158,-4.34351,-0.75433
9.91016,-4.39802,-0.753166
9.88026,-4.45751,-0.752948
9.84547,-4.51473,-0.752366
9.80763,-4.57042,-0.751566
9.76949,-4.62582,-0.750767
9.73373,-4.68222,-0.750185
9.70392,-4.74142,-0.750112
9.66303,-4.79511,-0.749167
9.62808,-4.85162,-0.748731
9.60346,-4.91333,-0.749167
9.56517,-4.96802,-0.748512
9.51598,-5.01686,-0.746985
9.47974,-5.07233,-0.746549
9.44931,-5.13087,-0.746622
9.41241,-5.18587,-0.746185
9.38303,-5.24499,-0.746404
9.35067,-5.30246,-0.746404
9.32574,-5.36421,-0.747058
9.29006,-5.41982,-0.74684
9.25663,-5.47672,-0.74684
9.22542,-5.53496,-0.747058
9.1981,-5.59561,-0.74764
9.15341,-5.64566,-0.746767
9.12028,-5.70277,-0.746913
9.06996,-5.74902,-0.745604
9.02444,-5.79809,-0.744731
8.99538,-5.85771,-0.745313
8.95178,-5.90785,-0.744658
8.90044,-5.95269,-0.74335
8.84227,-5.99264,-0.741459
8.78972,-6.03606,-0.740077
8.7345,-6.07735,-0.738478
8.68237,-6.12048,-0.737169
8.63491,-6.16669,-0.736296
8.58237,-6.20903,-0.734987
8.5256,-6.24802,-0.733315
8.47429,-6.29071,-0.732151
8.43314,-6.34079,-0.731933
8.38852,-6.38818,-0.731424
8.34048,-6.43283,-0.730624
8.29142,-6.47652,-0.729752
8.2437,-6.52109,-0.729025
8.19419,-6.56407,-0.728152
8.13052,-6.59538,-0.72597
8.07757,-6.63501,-0.724807
8.03594,-6.68381,-0.724734
7.99172,-6.73042,-0.724443
7.93206,-6.7638,-0.722698
7.88286,-6.80583,-0.721971
7.8402,-6.85342,-0.721898
7.79352,-6.89743,-0.721462
7.73991,-6.93514,-0.720371
7.68908,-6.97513,-0.719571
7.6454,-7.0215,-0.719499
7.60437,-7.07032,-0.719717
7.55649,-7.11274,-0.719281
7.50476,-7.15141,-0.718481
7.45571,-7.19247,-0.717972
7.41001,-7.23669,-0.717826
7.3605,-7.27711,-0.717317
7.31219,-7.31861,-0.716954
7.26014,-7.35624,-0.716226
7.21277,-7.39851,-0.716008
7.16586,-7.44119,-0.715863
7.11113,-7.47563,-0.714918
7.06376,-7.51767,-0.714772
7.01886,-7.56233,-0.714918
6.9703,-7.60305,-0.714699
6.91615,-7.63754,-0.7139
6.86251,-7.6724,-0.713172
6.81398,-7.71287,-0.713027
6.75735,-7.74402,-0.712009
6.70254,-7.77702,-0.711209
6.64564,-7.80737,-0.710191
6.58734,-7.83579,-0.709028
6.54041,-7.87759,-0.709173
6.49259,-7.91835,-0.709246
6.442,-7.95571,-0.709028
6.38247,-7.98185,-0.707791
6.31977,-8.00364,-0.706192
6.26625,-8.03676,-0.705683
6.21317,-8.07032,-0.705246
6.16293,-8.1075,-0.705174
6.10289,-8.1316,-0.703937
6.04219,-8.15447,-0.702629
5.98556,-8.18254,-0.701829
5.93641,-8.22073,-0.701974
5.88586,-8.257,-0.701974
5.84197,-8.30274,-0.702847
4.69161,-6.7559,-0.562359
5.72555,-8.35324,-0.701029
5.67139,-8.38409,-0.700665
5.61596,-8.41292,-0.700156
5.56094,-8.44223,-0.69972
5.50904,-8.47619,-0.69972
5.45477,-8.50647,-0.699429
5.39981,-8.53557,-0.699066
5.34416,-8.56346,-0.698629
5.29152,-8.59609,-0.698629
5.24023,-8.63096,-0.698847
5.18512,-8.65953,-0.698556
5.12935,-8.68688,-0.698193
5.07244,-8.71216,-0.697684
5.01491,-8.7362,-0.697102
4.95778,-8.76073,-0.696593
4.90587,-8.79447,-0.696884
4.85278,-8.82616,-0.697029
4.79758,-8.85401,-0.696884
4.73565,-8.86921,-0.695721
4.67185,-8.88045,-0.694266
4.61452,-8.90363,-0.69383
4.56524,-8.94244,-0.694703
4.51656,-8.98275,-0.695721
4.4618,-9.01119,-0.695793
4.39943,-9.02406,-0.69463
4.34182,-9.04639,-0.694266
4.28623,-9.07286,-0.694266
4.22627,-9.08994,-0.693539
4.16959,-9.11389,-0.693394
4.11604,-9.14476,-0.69383
4.06187,-9.1744,-0.694194
4.00511,-9.19824,-0.694121
3.94349,-9.21072,-0.693175
3.88535,-9.23107,-0.692885
3.82253,-9.23999,-0.691721
3.76614,-9.26419,-0.691794
3.71626,-9.30472,-0.693175
3.65035,-9.30507,-0.69143
3.60753,-9.36452,-0.694339
3.54789,-9.38088,-0.693903
3.48887,-9.39873,-0.693612
3.43933,-9.44245,-0.695357
3.37629,-9.44929,-0.694266
3.34003,-9.53195,-0.699066
3.31032,-9.63621,-0.705537
0,0,0
0,0,0
0,0,0
0,0,0
0,0,0
0,0,0
0,0,0
0,0,0
0,0,0
0,0,0
0,0,0
0,0,0
0,0,0
0,0,0
0,0,0
0,0,0
0,0,0
0,0,0
0,0,0
0,0,0
0,0,0
0,0,0
0,0,0
0,0,0
0,0,0
0,0,0
0,0,0
0,0,0
0,0,0
0,0,0
0,0,0
0,0,0
0,0,0
0,0,0
0,0,0
0,0,0
0,0,0
0,0,0
0,0,0
0,0,0
0,0,0
0,0,0
0,0,0
0,0,0
0,0,0
0,0,0
0,0,0
0,0,0
0,0,0
0,0,0
0,0,0
0,0,0
0,0,0
0,0,0
0,0,0
0,0,0
0,0,0
0,0,0
0,0,0
0,0,0
0,0,0
0,0,0
0,0,0
0,0,0
0,0,0
0,0,0
0,0,0
0,0,0
0,0,0
0,0,0
0,0,0
0,0,0
0,0,0
0,0,0
0,0,0
0,0,0
0,0,0
0,0,0
0,0,0
0,0,0
0,0,0
0,0,0
0,0,0
0,0,0
0,0,0
0,0,0
0,0,0
0,0,0
0,0,0
0,0,0
0,0,0
0,0,0
0,0,0
0,0,0
0,0,0
0,0,0
0,0,0
0,0,0
0,0,0
0,0,0
0,0,0
0,0,0
0,0,0
0,0,0
0,0,0
0,0,0
0,0,0
0,0,0
0,0,0
0,0,0
0,0,0
0,0,0
0,0,0
0,0,0
0,0,0
0,0,0
0,0,0
0,0,0
0,0,0
0,0,0
0,0,0
0,0,0
0,0,0
0,0,0
0,0,0
0,0,0
0,0,0
0,0,0
0,0,0
0,0,0
0,0,0
0,0,0
0,0,0
0,0,0
0,0,0
0,0,0
0,0,0
0,0,0
0,0,0
0,0,0
0,0,0
0,0,0
0,0,0
0,0,0
0,0,0
0,0,0
0,0,0
0,0,0
0,0,0
0,0,0
0,0,0
0,0,0
0,0,0
0,0,0
0,0,0
0,0,0
0,0,0
0,0,0
0,0,0
0,0,0
0,0,0
0,0,0
0,0,0
0,0,0
0,0,0
0,0,0
0,0,0
0,0,0
0,0,0
0,0,0
0,0,0
0,0,0
0,0,0
0,0,0
0,0,0
0,0,0
0,0,0
0,0,0
0,0,0
0,0,0
0,0,0
0,0,0
0,0,0
0,0,0
0,0,0
0,0,0
0,0,0
0,0,0
0,0,0
0,0,0
0,0,0
0,0,0
0,0,0
0,0,0
0,0,0
0,0,0
0,0,0
0,0,0
0,0,0
0,0,0
0,0,0
0,0,0
0,0,0
0,0,0
0,0,0
0,0,0
0,0,0
0,0,0
0,0,0
0,0,0
0,0,0
0,0,0
0,0,0
0,0,0
0,0,0
0,0,0
0,0,0
0,0,0
0,0,0
0,0,0
0,0,0
0,0,0
0,0,0
0,0,0
0,0,0
0,0,0
0,0,0
0,0,0
0,0,0
0,0,0
0,0,0
0,0,0
0,0,0
0,0,0
0,0,0
0,0,0
0,0,0
0,0,0
0,0,0
0,0,0
0,0,0
0,0,0
0,0,0
0,0,0
0,0,0
0,0,0
0,0,0
0,0,0
0,0,0
0,0,0
0,0,0
0,0,0
0,0,0
0,0,0
0,0,0
0,0,0
0,0,0
0,0,0
0,0,0
0,0,0
0,0,0
0,0,0
0,0,0
0,0,0
0,0,0
0,0,0
0,0,0
0,0,0
0,0,0
0,0,0
0,0,0
0,0,0
0,0,0
0,0,0
0,0,0
0,0,0
0,0,0
0,0,0
0,0,0
0,0,0
0,0,0
0,0,0
0,0,0
0,0,0
0,0,0
0,0,0
0,0,0
0,0,0
0,0,0
0,0,0
0,0,0
0,0,0
0,0,0
0,0,0
0,0,0
0,0,0
0,0,0
0,0,0
0,0,0
0,0,0
0,0,0
0,0,0
0,0,0
0,0,0
0,0,0
0,0,0
0,0,0
0,0,0
0,0,0
0,0,0
0,0,0
0,0,0
0,0,0
0,0,0
0,0,0
0,0,0
0,0,0
0,0,0
0,0,0
0,0,0
0,0,0
0,0,0
0,0,0
0,0,0
0,0,0
0,0,0
0,0,0
0,0,0
0,0,0
0,0,0
0,0,0
0,0,0
0,0,0
0,0,0
0,0,0
0,0,0
0,0,0
0,0,0
0,0,0
0,0,0
0,0,0
0,0,0
0,0,0
0,0,0
0,0,0
0,0,0
0,0,0
0,0,0
0,0,0
0,0,0
0,0,0
0,0,0
0,0,0
0,0,0
0,0,0
0,0,0
0,0,0
0,0,0
0,0,0
0,0,0
0,0,0
0,0,0
0,0,0
0,0,0
0,0,0
0,0,0
0,0,0
0,0,0
0,0,0
0,0,0
0,0,0
0,0,0
0,0,0
0,0,0
0,0,0
0,0,0
0,0,0
0,0,0
0,0,0
0,0,0
0,0,0
0,0,0
0,0,0
0,0,0
0,0,0
0,0,0
0,0,0
0,0,0
0,0,0
0,0,0
0,0,0
0,0,0
0,0,0
0,0,0
0,0,0
0,0,0
0,0,0
0,0,0
0,0,0
0,0,0
0,0,0
0,0,0
0,0,0
0,0,0
0,0,0
0,0,0
0,0,0
0,0,0
0,0,0
0,0,0
0,0,0
0,0,0
0,0,0
0,0,0
0,0,0
0,0,0
0,0,0
0,0,0
0,0,0
0,0,0
0,0,0
0,0,0
0,0,0
0,0,0
0,0,0
0,0,0
0,0,0
0,0,0
0,0,0
0,0,0
0,0,0
0,0,0
0,0,0
0,0,0
0,0,0
0,0,0
0,0,0
0,0,0
0,0,0
0,0,0
0,0,0
0,0,0
0,0,0
0,0,0
0,0,0
0,0,0
0,0,0
0,0,0
0,0,0
0,0,0
0,0,0
0,0,0
0,0,0
0,0,0
0,0,0
0,0,0
0,0,0
0,0,0
0,0,0
0,0,0
0,0,0
0,0,0
0,0,0
0,0,0
0,0,0
0,0,0
0,0,0
0,0,0
0,0,0
0,0,0
0,0,0
0,0,0
0,0,0
0,0,0
0,0,0
0,0,0
0,0,0
0,0,0
0,0,0
0,0,0
0,0,0
0,0,0
0,0,0
0,0,0
0,0,0
0,0,0
0,0,0
0,0,0
0,0,0
0,0,0
0,0,0
0,0,0
0,0,0
0,0,0
0,0,0
0,0,0
0,0,0
0,0,0
0,0,0
0,0,0
0,0,0
0,0,0
0,0,0
0,0,0
0,0,0
0,0,0
0,0,0
0,0,0
0,0,0
0,0,0
0,0,0
0,0,0
0,0,0
0,0,0
0,0,0
0,0,0
0,0,0
0,0,0
0,0,0
0,0,0
0,0,0
0,0,0
0,0,0
0,0,0
0,0,0
0,0,0
0,0,0
0,0,0
0,0,0
0,0,0
0,0,0
0,0,0
0,0,0
0,0,0
0,0,0
0,0,0
0,0,0
0,0,0
0,0,0
0,0,0
0,0,0
0,0,0
0,0,0
0,0,0
0,0,0
0,0,0
0,0,0
0,0,0
0,0,0
0,0,0
0,0,0
0,0,0
0,0,0
0,0,0
0,0,0
0,0,0
0,0,0
0,0,0
0,0,0
0,0,0
0,0,0
0,0,0
0,0,0
0,0,0
0,0,0
0,0,0
0,0,0
0,0,0
0,0,0
0,0,0
0,0,0
0,0,0
0,0,0
0,0,0
0,0,0
0,0,0
0,0,0
0,0,0
0,0,0
0,0,0
0,0,0
0,0,0
0,0,0
0,0,0
0,0,0
0,0,0
0,0,0
1.63299,6.86526,-0.56002
0,0,0
0,0,0
1.77772,6.90641,-0.566348
0,0,0
0,0,0
0,0,0
0,0,0
0,0,0
0,0,0
0,0,0
0,0,0
0,0,0
0,0,0
0,0,0
4.18202,12.3874,-1.06955
4.27579,12.4133,-1.07419
0,0,0
4.42444,12.3505,-1.07335
1.37618,3.76933,-0.302258
1.38538,3.72346,-0.298884
1.39089,3.66923,-0.294749
1.3861,3.58999,-0.288337
1.39752,3.55452,-0.28589
1.40412,3.50795,-0.282431
1.40757,3.45498,-0.278381
1.41576,3.41498,-0.275512
1.41616,3.35757,-0.27104
1.42338,3.31769,-0.268172
1.43693,3.29337,-0.266737
1.45024,3.26901,-0.265303
1.4674,3.25369,-0.264712
1.49482,3.26093,-0.266231
1.53879,3.30317,-0.27104
1.61787,3.41795,-0.282684
1.65911,3.45016,-0.286649
1.68025,3.43992,-0.286649
1.70354,3.43401,-0.287071
1.71875,3.41192,-0.285974
1.73057,3.38357,-0.284287
1.74671,3.36404,-0.283443
1.76453,3.34797,-0.282937
1.77752,3.32303,-0.281587
1.78694,3.29192,-0.279646
1.79845,3.26518,-0.278128
1.81845,3.25409,-0.278128
1.83789,3.242,-0.278043
1.87116,3.25398,-0.280321
6.18254,10.5987,-1.00146
6.22868,10.5288,-0.99834
6.28394,10.475,-0.996821
6.33929,10.4218,-0.995387
6.39789,10.3742,-0.994543
6.44769,10.3128,-0.992349
4.27147,6.73995,-0.638149
4.3079,6.70607,-0.63739
4.7448,7.28739,-0.698814
4.82236,7.30804,-0.703876
4.42895,6.62315,-0.637137
6.77036,9.99098,-0.984418
6.81518,9.92543,-0.981971
4.38621,6.30494,-0.612837
6.90662,9.7987,-0.977584
4.66824,6.5377,-0.642706
4.7147,6.51781,-0.643634
4.49721,6.13753,-0.606762
4.93686,6.65149,-0.663883
4.94944,6.58364,-0.659918
4.82675,6.3391,-0.637137
4.91849,6.37801,-0.644477
4.89681,6.26997,-0.636124
5.08294,6.42658,-0.65629
4.98211,6.22029,-0.637306
5.00951,6.17645,-0.635871
5.16938,6.2942,-0.652155
4.6969,5.64796,-0.584488
4.7167,5.6015,-0.582547
5.16798,6.06151,-0.636968
5.15169,5.96783,-0.63005
5.21181,5.96312,-0.633087
5.24764,5.93028,-0.633003
5.12701,5.72283,-0.61309
5.27316,5.81378,-0.627096
5.4314,5.91488,-0.642452
4.95263,5.32756,-0.578413
5.02552,5.33988,-0.583391
5.49605,5.76846,-0.637137
4.99866,5.18243,-0.572169
5.28168,5.40901,-0.602628
5.23981,5.30068,-0.5936
5.25673,5.25293,-0.591744
5.30447,5.23598,-0.5936
5.12246,4.99466,-0.568288
4.35562,4.19521,-0.474549
4.33291,4.12239,-0.468896
3.87305,3.63992,-0.412535
0,0,0
3.71912,3.41031,-0.389754
3.70378,3.35465,-0.38562
3.79485,3.39497,-0.393635
3.76633,3.32808,-0.388066
3.69433,3.22432,-0.377688
3.67933,3.17167,-0.373807
3.69796,3.14839,-0.373723
3.75077,3.15385,-0.377435
6.13892,5.09765,-0.638149
3.92018,3.215,-0.391779
3.92202,3.17646,-0.389838
3.94766,3.15731,-0.390513
3.98025,3.14353,-0.391948
6.17375,4.81442,-0.625409
6.18106,4.75943,-0.623047
6.21967,4.72865,-0.624059
6.28921,4.7209,-0.628362
6.33327,4.6935,-0.629965
6.43513,4.70808,-0.637643
6.44047,4.65159,-0.635196
6.45023,4.59868,-0.633256
6.51581,4.5854,-0.637137
6.56429,4.55954,-0.639246
6.60447,4.52763,-0.640512
6.41011,4.33683,-0.617815
6.38356,4.26201,-0.612415
6.72247,4.42886,-0.64414
6.64759,4.32128,-0.633846
6.73186,4.31753,-0.639668
6.74306,4.26655,-0.638149
6.78687,4.23617,-0.639921
6.70073,4.1255,-0.628784
6.83323,4.14947,-0.639415
6.89703,4.1305,-0.643212
7.01234,4.1413,-0.652071
6.94462,4.04404,-0.642959
7.03757,4.04055,-0.649624
7.13421,4.03803,-0.656627
7.10838,3.96602,-0.651734
7.17187,3.94393,-0.65553
7.22485,3.91552,-0.658315
7.21358,3.85234,-0.65494
7.33584,3.85997,-0.66439
7.27446,3.77086,-0.65629
7.309,3.73205,-0.657387
7.44393,3.74353,-0.668018
7.42568,3.67745,-0.664136
7.51259,3.66326,-0.670211
7.54571,3.62227,-0.671224
7.34166,3.46906,-0.650046
7.39985,3.44117,-0.653505
7.6256,3.48939,-0.672574
7.42789,3.34397,-0.65224
7.62867,3.37821,-0.668946
7.72143,3.36276,-0.675611
7.71352,3.30316,-0.672996
7.78232,3.27626,-0.677467
7.84371,3.24559,-0.681264
7.78963,3.16738,-0.674514
7.88109,3.14835,-0.681096
7.93366,3.11303,-0.684133
7.85777,3.02776,-0.675527
7.93398,3.00134,-0.680758
7.95785,2.95468,-0.681264
8.05916,2.93615,-0.688774
8.08547,2.88967,-0.689533
8.14442,2.8545,-0.693245
8.12692,2.79249,-0.690123
8.23267,2.77246,-0.698055
8.32333,2.74625,-0.704636
8.48794,2.74292,-0.717798
8.68607,2.74819,-0.733913
8.83603,2.7361,-0.745726
9.00523,2.72804,-0.759225
9.17276,2.71745,-0.772556
9.40557,2.72375,-0.791625
9.47196,2.68009,-0.796012
9.51128,2.62829,-0.798037
9.53877,2.57299,-0.79905
9.57172,2.51898,-0.800568
9.61306,2.46689,-0.802846
9.63188,2.40882,-0.803184
9.60194,2.33883,-0.799303
9.62678,2.2824,-0.800231
9.65031,2.22553,-0.801075
9.65601,2.16453,-0.8004
9.66229,2.10376,-0.799809
9.66819,2.04299,-0.799218
9.67762,1.98303,-0.798965
9.68667,1.92303,-0.798712
9.69144,1.86224,-0.798122
9.69583,1.80146,-0.797531
9.691,1.73912,-0.796181
9.69266,1.6781,-0.795422
9.70375,1.61876,-0.795506
9.71941,1.56013,-0.796012
9.74258,1.50259,-0.797193
9.73782,1.44074,-0.796012
9.74056,1.38013,-0.795506
9.74687,1.32007,-0.795337
9.7538,1.26011,-0.795253
9.75343,1.19926,-0.794578
9.75962,1.13928,-0.794493
9.76444,1.07916,-0.794325
9.77485,1.01964,-0.794662
9.7829,0.959834,-0.794831
9.78464,0.899424,-0.794493
9.77905,0.838434,-0.793565
9.786,0.778573,-0.793734
9.79556,0.718877,-0.794156
9.80575,0.65916,-0.794662
9.80862,0.59892,-0.794578
9.80216,0.538178,-0.793734
9.79433,0.47749,-0.792806
9.80205,0.417596,-0.793228
9.80543,0.35748,-0.793312
9.80644,0.297278,-0.793228
9.79712,0.236837,-0.7923
9.79341,0.176629,-0.791878
9.79132,0.116499,-0.791625
9.78786,0.0563954,-0.791287
9.78703,-0.00366243,-0.791203
9.77586,-0.0636426,-0.790275
9.7703,-0.123562,-0.789853
9.76438,-0.183415,-0.789431
9.75311,-0.243076,-0.788587
9.74646,-0.302761,-0.788166
9.73645,-0.362261,-0.78749
9.73802,-0.422169,-0.787828
9.73625,-0.481962,-0.787912
9.72117,-0.541028,-0.7869
9.71766,-0.600666,-0.7869
9.70584,-0.65974,-0.786225
9.70062,-0.719208,-0.786141
9.70397,-0.779355,-0.786816
9.70794,-0.839656,-0.787575
9.70856,-0.899759,-0.788081
9.70781,-0.959803,-0.788503
9.69976,-1.01914,-0.788334
9.68144,-1.07732,-0.787322
9.66871,-1.136,-0.786816
9.65859,-1.19494,-0.786562
9.64712,-1.25367,-0.786225
9.6353,-1.3123,-0.785887
9.61917,-1.37027,-0.785212
9.62438,-1.43132,-0.786394
9.62527,-1.49187,-0.787237
9.61396,-1.55059,-0.787069
9.60525,-1.60971,-0.787153
9.60501,-1.67033,-0.787997
9.60439,-1.731,-0.78884
9.58673,-1.78862,-0.78825
9.57459,-1.84722,-0.788166
9.5709,-1.90749,-0.78884
9.56389,-1.96719,-0.789262
9.54872,-2.02521,-0.789009
9.53416,-2.08334,-0.78884
9.51245,-2.13983,-0.788081
9.48846,-2.19569,-0.787153
9.44379,-2.24648,-0.784453
9.41918,-2.30179,-0.783525
9.39232,-2.35638,-0.782428
9.37575,-2.41347,-0.782259
9.35017,-2.46816,-0.781331
9.31369,-2.51976,-0.779475
9.29517,-2.57606,-0.779222
9.28878,-2.63577,-0.780066
9.26765,-2.69132,-0.779644
9.24141,-2.7453,-0.7788
9.21676,-2.79963,-0.778125
9.19846,-2.85584,-0.778041
9.17316,-2.90982,-0.777366
9.15134,-2.96482,-0.777028
9.12068,-3.01684,-0.775931
9.10105,-3.07243,-0.775847
9.09899,-3.13406,-0.777366
9.07677,-3.18884,-0.777113
9.04577,-3.24044,-0.7761
9.01168,-3.29076,-0.774835
8.99412,-3.34703,-0.775088
8.97062,-3.4011,-0.774835
8.94772,-3.45536,-0.774666
8.91893,-3.50728,-0.773991
8.87689,-3.55379,-0.772135
8.84662,-3.6048,-0.771375
8.83814,-3.66474,-0.772641
8.82742,-3.72394,-0.773738
8.79433,-3.77371,-0.77281
8.76097,-3.82322,-0.771881
8.73188,-3.87448,-0.771375
8.69977,-3.92429,-0.770616
8.67009,-3.97511,-0.77011
8.64644,-4.02865,-0.770194
8.61705,-4.0795,-0.769772
8.58557,-4.12927,-0.769181
8.54844,-4.17619,-0.768085
8.51997,-4.22723,-0.767832
8.49921,-4.28212,-0.768338
8.47278,-4.33419,-0.768338
8.44072,-4.38334,-0.767832
8.40926,-4.43273,-0.76741
8.38014,-4.4833,-0.767241
8.3551,-4.53606,-0.767494
8.31141,-4.57859,-0.765975
8.26924,-4.62172,-0.764625
8.23466,-4.66893,-0.764035
8.20844,-4.72086,-0.764288
8.1776,-4.77013,-0.764119
8.14132,-4.81616,-0.763444
8.12016,-4.87115,-0.764288
8.09352,-4.92296,-0.764625
8.04875,-4.96363,-0.763191
8.00546,-5.005,-0.761925
7.96198,-5.04603,-0.76066
7.93338,-5.0964,-0.760913
7.90196,-5.14498,-0.760913
7.86775,-5.19172,-0.76066
7.82581,-5.23326,-0.759647
7.79355,-5.28118,-0.759647
7.75689,-5.32608,-0.759225
7.72897,-5.37699,-0.759732
7.70072,-5.42775,-0.760238
7.65754,-5.46795,-0.759225
7.63111,-5.52009,-0.759985
7.59147,-5.56269,-0.759394
7.558,-5.60976,-0.759479
7.52662,-5.65842,-0.759816
7.48779,-5.70148,-0.759394
7.45425,-5.74853,-0.759563
7.41098,-5.78803,-0.758719
7.36595,-5.82598,-0.757707
7.32384,-5.86608,-0.757032
7.27765,-5.90275,-0.755935
7.23513,-5.94223,-0.75526
7.19317,-5.98205,-0.754669
7.15176,-6.02223,-0.754163
7.10785,-6.06018,-0.753404
7.05997,-6.09456,-0.752222
7.01194,-6.12858,-0.751041
6.97495,-6.17215,-0.751126
6.93027,-6.20885,-0.750366
6.88761,-6.24724,-0.74986
6.84768,-6.28803,-0.749691
6.80313,-6.32451,-0.749016
6.7613,-6.3634,-0.748679
6.71275,-6.39583,-0.747582
6.66119,-6.42514,-0.746148
6.60809,-6.45266,-0.744544
6.55987,-6.48468,-0.743532
6.51996,-6.52481,-0.743532
6.484,-6.56895,-0.744038
6.44218,-6.60718,-0.743869
6.39461,-6.63941,-0.743026
6.35581,-6.68068,-0.743279
6.31742,-6.72246,-0.743616
6.26928,-6.7538,-0.742773
6.22368,-6.78773,-0.742266
6.18058,-6.82431,-0.742098
6.12132,-6.8428,-0.739904
6.06866,-6.86828,-0.738554
6.02443,-6.90313,-0.738301
5.98196,-6.93997,-0.738301
5.93927,-6.97654,-0.738301
5.89635,-7.01286,-0.738301
5.85321,-7.0489,-0.738301
5.81238,-7.08777,-0.738638
5.77128,-7.12639,-0.738976
5.71687,-7.14844,-0.737541
5.67352,-7.18417,-0.737626
5.62688,-7.2157,-0.737288
5.58007,-7.24693,-0.736951
5.53972,-7.28659,-0.737541
5.49131,-7.31566,-0.737035
5.43742,-7.33721,-0.73577
5.38877,-7.36561,-0.735263
5.34347,-7.39854,-0.735263
5.29798,-7.43118,-0.735263
5.25228,-7.46355,-0.735263
4.69482,-6.75907,-0.659327
4.6465,-6.77788,-0.658315
5.10284,-7.54246,-0.733576
5.05038,-7.56451,-0.732648
5.00278,-7.59369,-0.732479
4.955,-7.62257,-0.73231
4.90168,-7.64277,-0.731298
4.85576,-7.67438,-0.731467
4.80647,-7.70065,-0.731129
4.75338,-7.72067,-0.730201
4.70282,-7.74458,-0.729695
4.65828,-7.77842,-0.730201
4.61199,-7.80943,-0.730454
4.55646,-7.82466,-0.729188
4.50092,-7.83951,-0.727923
4.45274,-7.86698,-0.727923
4.40681,-7.8985,-0.728345
4.35778,-7.92452,-0.72826
4.30338,-7.9406,-0.727248
4.25692,-7.97125,-0.72767
4.21025,-8.00163,-0.728092
4.16016,-8.02554,-0.727923
4.10676,-8.04293,-0.727163
4.0533,-8.05997,-0.726404
4.00244,-8.082,-0.726151
3.95409,-8.1091,-0.726404
3.90555,-8.1359,-0.726657
3.85172,-8.1516,-0.725898
3.79911,-8.16966,-0.725392
3.75596,-8.20822,-0.726826
3.70389,-8.22748,-0.726488
3.65051,-8.24368,-0.725898
3.59748,-8.26044,-0.725392
3.54672,-8.28236,-0.725392
3.49816,-8.30947,-0.725898
3.4471,-8.33078,-0.725898
3.39367,-8.34624,-0.725392
3.34313,-8.36875,-0.72556
3.28954,-8.38354,-0.725054
3.23804,-8.40357,-0.725054
3.18676,-8.42421,-0.725138
3.14126,-8.46042,-0.726657
3.09031,-8.48234,-0.72691
3.03619,-8.49552,-0.726404
2.98401,-8.51399,-0.726404
2.93236,-8.53402,-0.726573
2.88121,-8.55563,-0.72691
2.81399,-8.52867,-0.722945
2.77937,-8.60077,-0.727838
2.72955,-8.62716,-0.728682
0,0,0
0,0,0
0,0,0
0,0,0
0,0,0
0,0,0
0,0,0
0,0,0
0,0,0
0,0,0
0,0,0
0,0,0
0,0,0
0,0,0
0,0,0
0,0,0
0,0,0
0,0,0
0,0,0
0,0,0
0,0,0
0,0,0
0,0,0
0,0,0
0,0,0
0,0,0
0,0,0
0,0,0
0,0,0
0,0,0
0,0,0
0,0,0
0,0,0
0,0,0
0,0,0
0,0,0
0,0,0
0,0,0
0,0,0
0,0,0
0,0,0
0,0,0
0,0,0
0,0,0
0,0,0
0,0,0
0,0,0
0,0,0
0,0,0
0,0,0
0,0,0
0,0,0
0,0,0
0,0,0
0,0,0
0,0,0
0,0,0
0,0,0
0,0,0
0,0,0
0,0,0
0,0,0
0,0,0
0,0,0
0,0,0
0,0,0
0,0,0
0,0,0
0,0,0
0,0,0
0,0,0
0,0,0
0,0,0
0,0,0
0,0,0
0,0,0
0,0,0
0,0,0
0,0,0
0,0,0
0,0,0
0,0,0
0,0,0
0,0,0
0,0,0
0,0,0
0,0,0
0,0,0
0,0,0
0,0,0
0,0,0
0,0,0
0,0,0
0,0,0
0,0,0
0,0,0
0,0,0
0,0,0
0,0,0
0,0,0
0,0,0
0,0,0
0,0,0
0,0,0
0,0,0
0,0,0
0,0,0
0,0,0
0,0,0
0,0,0
0,0,0
0,0,0
0,0,0
0,0,0
0,0,0
0,0,0
0,0,0
0,0,0
0,0,0
0,0,0
0,0,0
0,0,0
0,0,0
0,0,0
0,0,0
0,0,0
0,0,0
0,0,0
0,0,0
0,0,0
0,0,0
0,0,0
0,0,0
0,0,0
0,0,0
0,0,0
0,0,0
0,0,0
0,0,0
0,0,0
0,0,0
0,0,0
0,0,0
0,0,0
0,0,0
0,0,0
0,0,0
0,0,0
0,0,0
0,0,0
0,0,0
0,0,0
0,0,0
0,0,0
0,0,0
0,0,0
0,0,0
0,0,0
0,0,0
0,0,0
0,0,0
0,0,0
0,0,0
0,0,0
0,0,0
0,0,0
0,0,0
0,0,0
0,0,0
0,0,0
0,0,0
0,0,0
0,0,0
0,0,0
0,0,0
0,0,0
0,0,0
0,0,0
0,0,0
0,0,0
0,0,0
0,0,0
0,0,0
0,0,0
0,0,0
0,0,0
0,0,0
0,0,0
0,0,0
0,0,0
0,0,0
0,0,0
0,0,0
0,0,0
0,0,0
0,0,0
0,0,0
0,0,0
0,0,0
0,0,0
0,0,0
0,0,0
0,0,0
0,0,0
0,0,0
0,0,0
0,0,0
0,0,0
0,0,0
0,0,0
0,0,0
0,0,0
0,0,0
0,0,0
0,0,0
0,0,0
0,0,0
0,0,0
0,0,0
0,0,0
0,0,0
0,0,0
0,0,0
0,0,0
0,0,0
0,0,0
0,0,0
0,0,0
0,0,0
0,0,0
0,0,0
0,0,0
0,0,0
0,0,0
0,0,0
0,0,0
0,0,0
0,0,0
0,0,0
0,0,0
0,0,0
0,0,0
0,0,0
0,0,0
0,0,0
0,0,0
0,0,0
0,0,0
0,0,0
0,0,0
0,0,0
0,0,0
0,0,0
0,0,0
0,0,0
0,0,0
0,0,0
0,0,0
0,0,0
0,0,0
0,0,0
0,0,0
0,0,0
0,0,0
0,0,0
0,0,0
0,0,0
0,0,0
0,0,0
0,0,0
0,0,0
0,0,0
0,0,0
0,0,0
0,0,0
0,0,0
0,0,0
0,0,0
0,0,0
0,0,0
0,0,0
0,0,0
0,0,0
0,0,0
0,0,0
0,0,0
0,0,0
0,0,0
0,0,0
0,0,0
0,0,0
0,0,0
0,0,0
0,0,0
0,0,0
0,0,0
0,0,0
0,0,0
0,0,0
0,0,0
0,0,0
0,0,0
0,0,0
0,0,0
0,0,0
0,0,0
0,0,0
0,0,0
0,0,0
0,0,0
0,0,0
0,0,0
0,0,0
0,0,0
0,0,0
0,0,0
0,0,0
0,0,0
0,0,0
0,0,0
0,0,0
0,0,0
0,0,0
0,0,0
0,0,0
0,0,0
0,0,0
0,0,0
0,0,0
0,0,0
0,0,0
0,0,0
0,0,0
0,0,0
0,0,0
0,0,0
0,0,0
0,0,0
0,0,0
0,0,0
0,0,0
0,0,0
0,0,0
0,0,0
0,0,0
0,0,0
0,0,0
0,0,0
0,0,0
0,0,0
0,0,0
0,0,0
0,0,0
0,0,0
0,0,0
0,0,0
0,0,0
0,0,0
0,0,0
0,0,0
0,0,0
0,0,0
0,0,0
0,0,0
0,0,0
0,0,0
0,0,0
0,0,0
0,0,0
0,0,0
0,0,0
0,0,0
0,0,0
0,0,0
0,0,0
0,0,0
0,0,0
0,0,0
0,0,0
0,0,0
0,0,0
0,0,0
0,0,0
0,0,0
0,0,0
0,0,0
0,0,0
0,0,0
0,0,0
0,0,0
0,0,0
0,0,0
0,0,0
0,0,0
0,0,0
0,0,0
0,0,0
0,0,0
0,0,0
0,0,0
0,0,0
0,0,0
0,0,0
0,0,0
0,0,0
0,0,0
0,0,0
0,0,0
0,0,0
0,0,0
0,0,0
0,0,0
0,0,0
0,0,0
0,0,0
0,0,0
0,0,0
0,0,0
0,0,0
0,0,0
0,0,0
0,0,0
0,0,0
0,0,0
0,0,0
0,0,0
0,0,0
0,0,0
0,0,0
0,0,0
0,0,0
0,0,0
0,0,0
0,0,0
0,0,0
0,0,0
0,0,0
0,0,0
0,0,0
0,0,0
0,0,0
0,0,0
0,0,0
0,0,0
0,0,0
0,0,0
0,0,0
0,0,0
0,0,0
0,0,0
0,0,0
0,0,0
0,0,0
0,0,0
0,0,0
0,0,0
0,0,0
0,0,0
0,0,0
0,0,0
0,0,0
0,0,0
0,0,0
0,0,0
0,0,0
0,0,0
0,0,0
0,0,0
0,0,0
0,0,0
0,0,0
0,0,0
0,0,0
0,0,0
0,0,0
0,0,0
0,0,0
0,0,0
0,0,0
0,0,0
0,0,0
0,0,0
0,0,0
0,0,0
0,0,0
0,0,0
0,0,0
0,0,0
0,0,0
0,0,0
0,0,0
0,0,0
0,0,0
0,0,0
0,0,0
0,0,0
0,0,0
0,0,0
0,0,0
0,0,0
0,0,0
0,0,0
0,0,0
0,0,0
0,0,0
0,0,0
0,0,0
0,0,0
0,0,0
0,0,0
0,0,0
0,0,0
0,0,0
0,0,0
0,0,0
0,0,0
0,0,0
0,0,0
0,0,0
0,0,0
0,0,0
0,0,0
0,0,0
0,0,0
0,0,0
0,0,0
0,0,0
0,0,0
0,0,0
0,0,0
0,0,0
0,0,0
0,0,0
0,0,0
0,0,0
0,0,0
0,0,0
0,0,0
0,0,0
0,0,0
0,0,0
0,0,0
0,0,0
0,0,0
0,0,0
0,0,0
0,0,0
0,0,0
0,0,0
0,0,0
0,0,0
0,0,0
0,0,0
0,0,0
0,0,0
0,0,0
0,0,0
0,0,0
0,0,0
0,0,0
0,0,0
0,0,0
0,0,0
0,0,0
0,0,0
0,0,0
0,0,0
0,0,0
0,0,0
0,0,0
0,0,0
0,0,0
0,0,0
0,0,0
0,0,0
0,0,0
0,0,0
0,0,0
0,0,0
0,0,0
0,0,0
0,0,0
0,0,0
0,0,0
0,0,0
0,0,0
0,0,0
0,0,0
0,0,0
0,0,0
0,0,0
0,0,0
0,0,0
0,0,0
0,0,0
0,0,0
0,0,0
0,0,0
0,0,0
0,0,0
0,0,0
0,0,0
0,0,0
0,0,0
0,0,0
0,0,0
0,0,0
0,0,0
0,0,0
0,0,0
0,0,0
0,0,0
0,0,0
1.52336,6.76269,-0.638321
1.57314,6.78909,-0.641912
1.62006,6.80158,-0.644145
1.67004,6.82535,-0.647542
1.72013,6.8478,-0.650842
1.7703,6.86892,-0.654045
1.81979,6.88584,-0.65686
0,0,0
0,0,0
0,0,0
0,0,0
0,0,0
0,0,0
0,0,0
0,0,0
3.47919,10.7306,-1.06238
3.5384,10.6892,-1.06035
2.39088,7.07557,-0.690637
3.6586,10.6139,-1.05714
1.37627,3.91235,-0.366742
1.37439,3.83168,-0.359269
1.37158,3.7512,-0.351795
1.37721,3.69607,-0.346942
1.38151,3.63916,-0.341894
1.39198,3.59998,-0.338691
1.39947,3.55432,-0.334809
1.40793,3.51241,-0.331315
1.41368,3.46499,-0.327238
1.41317,3.40385,-0.321706
1.42126,3.36486,-0.318503
1.41558,3.2948,-0.311999
1.43179,3.27693,-0.311029
1.44621,3.25534,-0.30967
1.46575,3.2455,-0.309573
1.48854,3.24278,-0.310252
1.52901,3.27779,-0.315008
1.57849,3.33041,-0.321706
1.64765,3.42201,-0.332674
1.67911,3.4333,-0.335003
1.69616,3.41491,-0.33413
1.7144,3.3991,-0.333547
1.72887,3.37611,-0.332188
1.74359,3.35396,-0.330927
1.75857,3.33263,-0.329762
1.76818,3.3016,-0.327529
1.78366,3.28194,-0.326559
1.79992,3.26396,-0.325782
1.81942,3.25199,-0.325685
1.8418,3.24509,-0.32617
1.87557,3.25788,-0.328888
3.35015,5.73927,-0.610367
3.86681,6.53233,-0.702576
3.56474,5.9384,-0.637739
3.57627,5.8756,-0.63308
3.91585,6.34569,-0.689473
3.95735,6.32577,-0.689958
3.87779,6.11475,-0.66841
3.79364,5.90161,-0.646474
3.88573,5.96413,-0.656472
3.95844,5.99499,-0.662878
3.86179,5.77122,-0.639486
3.88316,5.72682,-0.637059
3.80159,5.53306,-0.616968
3.96964,5.70243,-0.639874
4.02749,5.7105,-0.643757
3.79982,5.31799,-0.599691
4.17953,5.77434,-0.657442
4.13427,5.63861,-0.644145
4.11302,5.53802,-0.635021
4.17803,5.55404,-0.640068
4.25425,5.58373,-0.646863
4.20575,5.45034,-0.633662
4.13802,5.29502,-0.617647
4.17969,5.28124,-0.619103
4.24002,5.29045,-0.623471
4.34013,5.34781,-0.633953
4.43161,5.39259,-0.64298
4.47035,5.37219,-0.643854
4.50707,5.34923,-0.644436
4.55143,5.3351,-0.646183
4.57043,5.29125,-0.644145
3.69028,4.21933,-0.508938
3.72666,4.20853,-0.510491
3.79559,4.23377,-0.5168
3.8449,4.2362,-0.520197
3.87486,4.21692,-0.520779
3.86609,4.1559,-0.515829
3.88538,4.12557,-0.514956
3.90444,4.09517,-0.514082
4.87901,5.05527,-0.647445
4.90298,5.01812,-0.646474
4.91338,4.96742,-0.64366
5.05572,5.04902,-0.659092
5.03702,4.96897,-0.652298
4.32478,4.21407,-0.55116
4.36705,4.20333,-0.553392
4.36968,4.15451,-0.550286
4.2696,4.00972,-0.533494
4.2985,3.98751,-0.534077
4.28033,3.92205,-0.528447
4.43269,4.01195,-0.545336
4.46242,3.98932,-0.546015
5.34761,4.72225,-0.658025
3.66883,3.19945,-0.437015
3.68764,3.17623,-0.436918
3.71085,3.15677,-0.437403
3.85205,3.23641,-0.452933
5.52518,4.58523,-0.66249
3.92919,3.21981,-0.457689
3.93418,3.18374,-0.455845
3.94742,3.15457,-0.455069
5.70244,4.50068,-0.67074
5.69306,4.43685,-0.666178
5.69336,4.38119,-0.662878
5.83741,4.43531,-0.677243
5.7865,4.34086,-0.667731
5.80183,4.29698,-0.666372
5.80961,4.24779,-0.66414
5.80651,4.19108,-0.660645
5.77863,4.11725,-0.654239
5.76878,4.05709,-0.650066
5.95053,4.13061,-0.668702
5.78693,3.96461,-0.646377
5.92987,4.00933,-0.660354
5.81611,3.88059,-0.644145
5.88968,3.87768,-0.649969
6.06025,3.93692,-0.667051
6.1421,3.93673,-0.673749
6.23259,3.941,-0.681417
6.27523,3.91427,-0.683552
6.30421,3.87882,-0.684134
6.30833,3.82819,-0.681902
6.3001,3.77049,-0.678311
6.24427,3.68521,-0.669381
6.33644,3.68739,-0.677243
6.36412,3.65141,-0.677825
6.35522,3.59465,-0.674331
6.21462,3.46493,-0.656181
6.34391,3.48619,-0.668216
6.57433,3.56051,-0.691414
6.44065,3.43713,-0.674234
6.44224,3.38736,-0.672099
6.69884,3.47003,-0.698014
6.73242,3.4352,-0.699373
6.75604,3.39516,-0.699664
6.79547,3.36292,-0.701703
6.80256,3.31462,-0.700247
6.84341,3.28272,-0.702479
6.86252,3.24024,-0.702382
6.91206,3.21192,-0.705585
6.93435,3.17069,-0.705876
6.96457,3.13298,-0.707041
6.96364,3.08133,-0.704906
6.91306,3.00835,-0.697529
6.90485,2.95451,-0.694714
6.9357,2.9175,-0.696073
7.12361,2.94526,-0.714029
7.18581,2.91948,-0.718688
7.19619,2.87238,-0.717912
7.18959,2.81873,-0.715388
7.25226,2.79209,-0.720144
7.3037,2.76056,-0.723736
7.46513,2.76937,-0.73878
7.57644,2.75791,-0.748583
7.67382,2.74017,-0.756931
7.83232,2.74272,-0.771587
7.96667,2.73502,-0.78372
8.10027,2.72546,-0.795755
8.25484,2.72122,-0.809926
8.3604,2.69927,-0.81905
8.40813,2.65783,-0.822253
8.42998,2.60795,-0.822836
8.44868,2.55704,-0.823127
8.45085,2.5012,-0.821768
8.46222,2.44819,-0.82138
8.48187,2.39758,-0.821865
8.49642,2.34549,-0.821865
8.50969,2.29305,-0.821768
8.53226,2.24307,-0.822641
8.52947,2.18647,-0.820991
8.54273,2.1341,-0.820991
8.55566,2.08164,-0.820991
8.56924,2.02933,-0.821088
8.59026,1.97873,-0.821962
8.61972,1.9299,-0.823709
8.61682,1.8738,-0.822253
8.60381,1.81575,-0.819827
8.59138,1.75813,-0.817497
8.57956,1.70093,-0.815265
8.5869,1.64769,-0.814974
8.59,1.5937,-0.814294
8.60157,1.54131,-0.814488
8.61871,1.48986,-0.815265
8.6218,1.43597,-0.814682
8.63045,1.38304,-0.814682
8.64173,1.33051,-0.814974
8.66154,1.27921,-0.816138
8.66135,1.22492,-0.815362
8.66377,1.17109,-0.814877
8.6777,1.1188,-0.815556
8.68243,1.06529,-0.815362
8.68682,1.01176,-0.815168
8.68693,0.957788,-0.814585
8.69759,0.904984,-0.815071
8.70496,0.851794,-0.815265
8.69813,0.797273,-0.8141
8.70286,0.743887,-0.8141
8.70428,0.690237,-0.813809
8.71133,0.637034,-0.8141
8.71011,0.583237,-0.813615
8.71253,0.529721,-0.813518
8.71264,0.476089,-0.813227
8.72335,0.423007,-0.814003
8.73175,0.369727,-0.814585
8.7249,0.315818,-0.813712
8.70976,0.261766,-0.812062
8.70822,0.208247,-0.811771
8.72426,0.155078,-0.813227
8.7141,0.101415,-0.812159
8.70859,0.0479111,-0.811576
8.71668,-0.00552873,-0.812353
8.70454,-0.0589339,-0.811188
8.69506,-0.112228,-0.810315
8.68425,-0.16539,-0.809344
8.67412,-0.218448,-0.80847
8.67262,-0.271667,-0.80847
8.67377,-0.324988,-0.808762
8.66863,-0.378073,-0.80847
8.66316,-0.431108,-0.808179
8.65539,-0.483979,-0.807694
8.64729,-0.53677,-0.807209
8.65177,-0.59036,-0.807985
8.63509,-0.642477,-0.806723
8.61412,-0.694092,-0.805073
8.61564,-0.74745,-0.805656
8.62081,-0.80122,-0.806626
8.61969,-0.854493,-0.807015
8.61428,-0.907367,-0.807015
8.61152,-0.960536,-0.807306
8.60744,-1.01359,-0.8075
8.59514,-1.06565,-0.806917
8.58054,-1.11734,-0.806141
8.57056,-1.16957,-0.80585
8.56421,-1.22227,-0.805947
8.56147,-1.27553,-0.806432
8.56135,-1.32926,-0.807209
8.55009,-1.38129,-0.806917
8.5336,-1.43241,-0.806141
8.51877,-1.48372,-0.805559
8.50558,-1.53526,-0.80517
8.49796,-1.58778,-0.805364
8.49881,-1.64197,-0.806432
8.49345,-1.69506,-0.806917
8.47997,-1.74654,-0.806626
8.4613,-1.79689,-0.80585
8.44526,-1.84771,-0.805364
8.4357,-1.89993,-0.805559
8.42388,-1.95166,-0.805559
8.40885,-2.00262,-0.805267
8.39833,-2.05465,-0.805462
8.36626,-2.10129,-0.80352
8.35225,-2.15234,-0.803423
8.31771,-2.19796,-0.801288
8.31368,-2.25155,-0.802258
8.29587,-2.30146,-0.80187
8.27202,-2.3496,-0.8009
8.26031,-2.40114,-0.801191
8.25115,-2.45348,-0.801773
8.22737,-2.50146,-0.8009
8.19666,-2.54717,-0.799347
8.17423,-2.59531,-0.798667
8.15342,-2.64388,-0.798182
8.1361,-2.69355,-0.798085
8.11188,-2.74087,-0.797308
8.1062,-2.79449,-0.798473
8.0889,-2.84417,-0.798473
8.05068,-2.88636,-0.796338
8.02441,-2.93263,-0.795464
8.00253,-2.98043,-0.795076
7.97572,-3.0263,-0.794202
7.94957,-3.07231,-0.793426
7.92964,-3.12066,-0.793329
7.91681,-3.17185,-0.794008
7.90181,-3.22225,-0.794494
7.88924,-3.27372,-0.79527
7.87359,-3.324,-0.795755
7.84299,-3.36793,-0.794688
7.81853,-3.4144,-0.794299
7.79925,-3.46312,-0.794494
7.78239,-3.51295,-0.794979
7.75526,-3.55815,-0.794397
7.71343,-3.59642,-0.792261
7.69392,-3.64496,-0.792552
7.6732,-3.69296,-0.792746
7.64682,-3.73822,-0.792358
7.62285,-3.78463,-0.792261
7.58615,-3.82461,-0.790805
7.55457,-3.86701,-0.789932
7.54483,-3.92063,-0.791485
7.52063,-3.96685,-0.791485
7.49703,-4.01339,-0.791582
7.46964,-4.05789,-0.791291
7.43327,-4.0974,-0.790029
7.4019,-4.13954,-0.789349
7.36944,-4.18095,-0.788573
7.33933,-4.22361,-0.788087
7.30554,-4.26405,-0.787214
7.27325,-4.30524,-0.786534
7.24584,-4.34928,-0.786437
7.20796,-4.38693,-0.785176
7.17583,-4.42794,-0.784593
7.15865,-4.47822,-0.785758
7.1344,-4.52419,-0.786146
7.09227,-4.55874,-0.784496
7.05833,-4.59837,-0.783817
7.03164,-4.64268,-0.784011
7.00633,-4.68796,-0.784399
6.97578,-4.72974,-0.784205
6.94827,-4.77358,-0.784399
6.91722,-4.81499,-0.784205
6.88673,-4.85677,-0.784108
6.85032,-4.8943,-0.783331
6.82097,-4.93683,-0.783429
6.79055,-4.97859,-0.783429
6.75508,-5.0166,-0.782846
6.72178,-5.05616,-0.782555
6.69063,-5.09731,-0.782555
6.66159,-5.14009,-0.782846
6.63463,-5.18454,-0.783429
6.6027,-5.22516,-0.783429
6.56352,-5.25997,-0.782555
6.52649,-5.29638,-0.781973
6.50233,-5.34328,-0.78304
6.48242,-5.39389,-0.78469
6.44312,-5.42844,-0.783914
6.40514,-5.464,-0.783331
6.37828,-5.50905,-0.784205
6.3466,-5.55005,-0.784496
6.31913,-5.59482,-0.78537
6.30173,-5.64877,-0.787602
6.25664,-5.67796,-0.786243
6.21142,-5.70682,-0.784884
6.16754,-5.73669,-0.78372
6.12787,-5.77034,-0.783137
6.09235,-5.80783,-0.783137
6.0523,-5.84095,-0.782555
6.01208,-5.87381,-0.781973
5.97805,-5.91269,-0.782264
5.94095,-5.94855,-0.782167
5.89735,-5.97781,-0.781196
5.85083,-6.0039,-0.779837
5.81734,-6.04327,-0.780323
5.77328,-6.07164,-0.779352
5.72843,-6.09897,-0.778284
5.69022,-6.13328,-0.778187
5.65248,-6.16808,-0.778187
5.6045,-6.19158,-0.776731
5.55845,-6.21695,-0.775567
5.52283,-6.25392,-0.775955
5.48174,-6.28469,-0.775567
5.43722,-6.31142,-0.774693
5.39323,-6.3386,-0.773916
5.34591,-6.36167,-0.772655
5.3036,-6.39052,-0.772169
5.26808,-6.42756,-0.772752
5.22603,-6.45667,-0.772363
5.18321,-6.48473,-0.771878
5.14086,-6.51329,-0.77149
5.10263,-6.54706,-0.771781
5.06054,-6.57588,-0.77149
5.01287,-6.5973,-0.770325
4.9705,-6.62555,-0.770034
4.92976,-6.65592,-0.770034
4.88177,-6.6764,-0.768869
4.82848,-6.68929,-0.766831
4.77117,-6.69609,-0.764113
4.70766,-6.6935,-0.760328
4.65855,-6.71081,-0.758969
4.61954,-6.74255,-0.759357
4.60038,-6.80375,-0.76324
4.56573,-6.84261,-0.764502
4.53351,-6.88546,-0.766249
4.48955,-6.91064,-0.765957
4.44062,-6.928,-0.764793
4.39696,-6.95344,-0.764599
4.35053,-6.97438,-0.763919
4.30191,-6.99162,-0.762851
4.25687,-7.01448,-0.762463
4.21886,-7.049,-0.763434
4.17654,-7.07647,-0.763628
4.13154,-7.09938,-0.763337
4.0874,-7.12374,-0.76324
4.0392,-7.14089,-0.762366
4.00258,-7.17858,-0.763822
3.95607,-7.19864,-0.763337
3.90945,-7.2184,-0.762851
3.86602,-7.24401,-0.763046
3.82104,-7.26671,-0.762949
3.76951,-7.27677,-0.761493
3.72434,-7.29887,-0.761396
3.67903,-7.3207,-0.761298
3.63272,-7.34046,-0.761007
3.59023,-7.36798,-0.76159
3.54668,-7.39346,-0.761978
3.49699,-7.40608,-0.761007
3.44939,-7.42289,-0.760522
3.40378,-7.44391,-0.760522
3.36008,-7.4692,-0.761007
3.317,-7.49604,-0.761687
3.26896,-7.51169,-0.761201
3.22163,-7.52886,-0.76091
3.17345,-7.5439,-0.760425
3.12976,-7.56967,-0.761104
3.08625,-7.59611,-0.761881
3.04069,-7.61767,-0.762172
2.99281,-7.63341,-0.761881
2.94233,-7.64234,-0.76091
2.89151,-7.65001,-0.759843
2.84556,-7.67041,-0.760134
2.82058,-7.74851,-0.766443
2.777,-7.77692,-0.767607
2.75884,-7.87835,-0.776343
2.73082,-7.95443,-0.782458
2.66767,-7.92859,-0.77809
0,0,0
0,0,0
2.45136,-7.75524,-0.755475
0,0,0
0,0,0
0,0,0
0,0,0
0,0,0
0,0,0
0,0,0
0,0,0
0,0,0
0,0,0
0,0,0
0,0,0
0,0,0
0,0,0
0,0,0
0,0,0
0,0,0
0,0,0
0,0,0
0,0,0
0,0,0
0,0,0
0,0,0
0,0,0
0,0,0
0,0,0
0,0,0
0,0,0
0,0,0
0,0,0
0,0,0
0,0,0
0,0,0
0,0,0
0,0,0
0,0,0
0,0,0
0,0,0
0,0,0
0,0,0
0,0,0
0,0,0
0,0,0
0,0,0
0,0,0
0,0,0
0,0,0
0,0,0
0,0,0
0,0,0
0,0,0
0,0,0
0,0,0
0,0,0
0,0,0
0,0,0
0,0,0
0,0,0
0,0,0
0,0,0
0,0,0
0,0,0
0,0,0
0,0,0
0,0,0
0,0,0
0,0,0
0,0,0
0,0,0
0,0,0
0,0,0
0,0,0
0,0,0
0,0,0
0,0,0
0,0,0
0,0,0
0,0,0
0,0,0
0,0,0
0,0,0
0,0,0
0,0,0
0,0,0
0,0,0
0,0,0
0,0,0
0,0,0
0,0,0
0,0,0
0,0,0
0,0,0
0,0,0
0,0,0
0,0,0
0,0,0
0,0,0
0,0,0
0,0,0
0,0,0
0,0,0
0,0,0
0,0,0
0,0,0
0,0,0
0,0,0
0,0,0
0,0,0
0,0,0
0,0,0
0,0,0
0,0,0
0,0,0
0,0,0
0,0,0
0,0,0
0,0,0
0,0,0
0,0,0
0,0,0
0,0,0
0,0,0
0,0,0
0,0,0
0,0,0
0,0,0
0,0,0
0,0,0
0,0,0
0,0,0
0,0,0
0,0,0
0,0,0
0,0,0
0,0,0
0,0,0
0,0,0
0,0,0
0,0,0
0,0,0
0,0,0
0,0,0
0,0,0
0,0,0
0,0,0
0,0,0
0,0,0
0,0,0
0,0,0
0,0,0
0,0,0
0,0,0
0,0,0
0,0,0
0,0,0
0,0,0
0,0,0
0,0,0
0,0,0
0,0,0
0,0,0
0,0,0
0,0,0
0,0,0
0,0,0
0,0,0
0,0,0
0,0,0
0,0,0
0,0,0
0,0,0
0,0,0
0,0,0
0,0,0
0,0,0
0,0,0
0,0,0
0,0,0
0,0,0
0,0,0
0,0,0
0,0,0
0,0,0
0,0,0
0,0,0
0,0,0
0,0,0
0,0,0
0,0,0
0,0,0
0,0,0
0,0,0
0,0,0
0,0,0
0,0,0
0,0,0
0,0,0
0,0,0
0,0,0
0,0,0
0,0,0
0,0,0
0,0,0
0,0,0
0,0,0
0,0,0
0,0,0
0,0,0
0,0,0
0,0,0
0,0,0
0,0,0
0,0,0
0,0,0
0,0,0
0,0,0
0,0,0
0,0,0
0,0,0
0,0,0
0,0,0
0,0,0
0,0,0
0,0,0
0,0,0
0,0,0
0,0,0
0,0,0
0,0,0
0,0,0
0,0,0
0,0,0
0,0,0
0,0,0
0,0,0
0,0,0
0,0,0
0,0,0
0,0,0
0,0,0
0,0,0
0,0,0
0,0,0
0,0,0
0,0,0
0,0,0
0,0,0
0,0,0
0,0,0
0,0,0
0,0,0
0,0,0
0,0,0
0,0,0
0,0,0
0,0,0
0,0,0
0,0,0
0,0,0
0,0,0
0,0,0
0,0,0
0,0,0
0,0,0
0,0,0
0,0,0
0,0,0
0,0,0
0,0,0
0,0,0
0,0,0
0,0,0
0,0,0
0,0,0
0,0,0
0,0,0
0,0,0
0,0,0
0,0,0
0,0,0
0,0,0
0,0,0
0,0,0
0,0,0
0,0,0
0,0,0
0,0,0
0,0,0
0,0,0
0,0,0
0,0,0
0,0,0
0,0,0
0,0,0
0,0,0
0,0,0
0,0,0
0,0,0
0,0,0
0,0,0
0,0,0
0,0,0
0,0,0
0,0,0
0,0,0
0,0,0
0,0,0
0,0,0
0,0,0
0,0,0
0,0,0
0,0,0
0,0,0
0,0,0
0,0,0
0,0,0
0,0,0
0,0,0
0,0,0
0,0,0
0,0,0
0,0,0
0,0,0
0,0,0
0,0,0
0,0,0
0,0,0
0,0,0
0,0,0
0,0,0
0,0,0
0,0,0
0,0,0
0,0,0
0,0,0
0,0,0
0,0,0
0,0,0
0,0,0
0,0,0
0,0,0
0,0,0
0,0,0
0,0,0
0,0,0
0,0,0
0,0,0
0,0,0
0,0,0
0,0,0
0,0,0
0,0,0
0,0,0
0,0,0
0,0,0
0,0,0
0,0,0
0,0,0
0,0,0
0,0,0
0,0,0
0,0,0
0,0,0
0,0,0
0,0,0
0,0,0
0,0,0
0,0,0
0,0,0
0,0,0
0,0,0
0,0,0
0,0,0
0,0,0
0,0,0
0,0,0
0,0,0
0,0,0
0,0,0
0,0,0
0,0,0
0,0,0
0,0,0
0,0,0
0,0,0
0,0,0
0,0,0
0,0,0
0,0,0
0,0,0
0,0,0
0,0,0
0,0,0
0,0,0
0,0,0
0,0,0
0,0,0
0,0,0
0,0,0
0,0,0
0,0,0
0,0,0
0,0,0
0,0,0
0,0,0
0,0,0
0,0,0
0,0,0
0,0,0
0,0,0
0,0,0
0,0,0
0,0,0
0,0,0
0,0,0
0,0,0
0,0,0
0,0,0
0,0,0
0,0,0
0,0,0
0,0,0
0,0,0
0,0,0
0,0,0
0,0,0
0,0,0
0,0,0
0,0,0
0,0,0
0,0,0
0,0,0
0,0,0
0,0,0
0,0,0
0,0,0
0,0,0
0,0,0
0,0,0
0,0,0
0,0,0
0,0,0
0,0,0
0,0,0
0,0,0
0,0,0
0,0,0
0,0,0
0,0,0
0,0,0
0,0,0
0,0,0
0,0,0
0,0,0
0,0,0
0,0,0
0,0,0
0,0,0
0,0,0
0,0,0
0,0,0
0,0,0
0,0,0
0,0,0
0,0,0
0,0,0
0,0,0
0,0,0
0,0,0
0,0,0
0,0,0
0,0,0
0,0,0
0,0,0
0,0,0
0,0,0
0,0,0
0,0,0
0,0,0
0,0,0
0,0,0
0,0,0
0,0,0
0,0,0
0,0,0
0,0,0
0,0,0
0,0,0
0,0,0
0,0,0
0,0,0
0,0,0
0,0,0
0,0,0
0,0,0
0,0,0
0,0,0
0,0,0
0,0,0
0,0,0
0,0,0
0,0,0
0,0,0
0,0,0
0,0,0
0,0,0
0,0,0
0,0,0
0,0,0
0,0,0
0,0,0
0,0,0
0,0,0
0,0,0
0,0,0
0,0,0
0,0,0
0,0,0
0,0,0
0,0,0
0,0,0
0,0,0
0,0,0
0,0,0
0,0,0
0,0,0
0,0,0
0,0,0
0,0,0
0,0,0
0,0,0
0,0,0
0,0,0
0,0,0
0,0,0
0,0,0
0,0,0
0,0,0
0,0,0
0,0,0
0,0,0
0,0,0
0,0,0
0,0,0
0,0,0
0,0,0
0,0,0
0,0,0
0,0,0
0,0,0
0,0,0
0,0,0
0,0,0
0,0,0
0,0,0
0,0,0
0,0,0
0,0,0
0,0,0
0,0,0
0,0,0
0,0,0
0,0,0
0,0,0
0,0,0
0,0,0
0,0,0
0,0,0
0,0,0
0,0,0
0,0,0
0,0,0
0,0,0
0,0,0
0,0,0
0,0,0
0,0,0
0,0,0
0,0,0
0,0,0
0,0,0
0,0,0
0,0,0
0,0,0
0,0,0
0,0,0
0,0,0
0,0,0
0,0,0
0,0,0
0,0,0
0,0,0
0,0,0
0,0,0
0,0,0
0,0,0
0,0,0
1.92383,5.81668,-0.631979
0,0,0
2.00478,5.82083,-0.63524
2.03519,5.79342,-0.633501
0,0,0
2.11533,5.79322,-0.636436
1.39252,3.74263,-0.398723
1.39819,3.68847,-0.393397
1.40933,3.65014,-0.389919
0,0,0
1.42963,3.57167,-0.382745
1.44402,3.54442,-0.380571
1.45165,3.50151,-0.37655
1.45726,3.45499,-0.372093
1.41884,3.30713,-0.355572
1.42798,3.27285,-0.352529
1.44158,3.24949,-0.35079
1.4619,3.24149,-0.350898
1.48093,3.23065,-0.350681
1.52802,3.28007,-0.357746
1.63149,3.44673,-0.37905
1.6552,3.44203,-0.379702
1.69069,3.46128,-0.383289
1.71189,3.45085,-0.383289
1.72946,3.43317,-0.382419
1.74325,3.40834,-0.38068
1.75496,3.37993,-0.378506
1.76037,3.34008,-0.374919
1.76911,3.30731,-0.372202
1.77893,3.27717,-0.369811
1.79709,3.26271,-0.369376
1.81998,3.25683,-0.370028
1.84435,3.25338,-0.371006
1.86725,3.24717,-0.371659
3.20704,5.49819,-0.658066
3.2564,5.50493,-0.661435
3.27785,5.46439,-0.658827
3.30305,5.43058,-0.657087
3.30552,5.36029,-0.650675
3.36206,5.37784,-0.655566
3.45354,5.44947,-0.667522
3.48207,5.42065,-0.666544
3.51744,5.40251,-0.666979
3.56092,5.39659,-0.669044
3.45581,5.16806,-0.64187
3.56219,5.25703,-0.656435
3.63096,5.28834,-0.6635
3.68832,5.30187,-0.668283
3.6973,5.24582,-0.663826
3.70919,5.19472,-0.660022
3.75498,5.1912,-0.662631
3.80204,5.18891,-0.665457
3.85336,5.19182,-0.669044
3.8732,5.15219,-0.66687
3.85957,5.06901,-0.658718
3.89788,5.05468,-0.660022
3.93127,5.0338,-0.660457
3.98429,5.03765,-0.66437
3.85292,4.81061,-0.636001
3.87485,4.77762,-0.634697
3.90661,4.75682,-0.635131
3.98531,4.79238,-0.643609
4.06394,4.82638,-0.651979
4.05478,4.75597,-0.645457
4.06635,4.71068,-0.642523
3.69152,4.22385,-0.575459
3.91699,4.42668,-0.608393
3.95137,4.41071,-0.609588
3.9423,4.34662,-0.603719
3.942,4.29306,-0.599371
3.91411,4.21055,-0.590676
3.8915,4.13506,-0.582959
3.90446,4.09815,-0.581002
4.37261,4.53343,-0.650783
4.49897,4.60751,-0.666218
4.54043,4.59325,-0.668283
4.67331,4.66999,-0.684478
4.62193,4.56232,-0.672196
4.32598,4.21813,-0.62274
4.33674,4.17703,-0.620458
4.10948,3.90985,-0.582306
3.13441,2.94584,-0.432418
4.30724,3.99844,-0.604697
4.29506,3.93834,-0.599263
4.41199,3.99599,-0.612958
4.44457,3.97614,-0.614154
4.4741,3.9534,-0.614914
4.48479,3.91411,-0.612958
3.69248,3.18301,-0.495134
3.69302,3.14418,-0.492417
5.04153,4.23902,-0.682304
5.04221,4.18705,-0.678717
3.92476,3.21876,-0.51709
3.94057,3.19148,-0.516547
3.96008,3.16725,-0.516547
5.01082,3.95732,-0.66024
5.13456,4.00413,-0.674044
5.08342,3.91433,-0.663609
5.19044,3.94623,-0.675022
5.27339,3.95847,-0.683065
5.31914,3.94202,-0.686
5.32798,3.89815,-0.683935
5.36228,3.87295,-0.685348
5.4248,3.86768,-0.690565
5.4655,3.84633,-0.692848
5.47593,3.80365,-0.691108
5.29664,3.63116,-0.664261
5.47197,3.70219,-0.684478
5.4921,3.66689,-0.684152
5.42484,3.57406,-0.672413
5.44,3.53637,-0.671544
5.45323,3.49756,-0.670457
5.61236,3.5512,-0.688282
5.72428,3.57301,-0.699913
5.76472,3.54928,-0.702304
5.79913,3.52158,-0.703934
5.84878,3.50279,-0.707521
5.88814,3.47745,-0.709804
5.84493,3.40374,-0.701652
5.83467,3.34999,-0.697739
5.9598,3.37337,-0.710891
6.01251,3.35466,-0.714912
6.03385,3.31819,-0.715021
5.94047,3.21953,-0.700891
6.16531,3.29259,-0.726325
6.1766,3.25007,-0.725238
6.1876,3.20753,-0.724151
6.18768,3.15956,-0.72176
6.21406,3.12511,-0.72263
6.24826,3.09442,-0.724477
6.24747,3.04644,-0.722086
6.28845,3.0188,-0.724803
6.30147,2.97761,-0.724151
6.33494,2.94602,-0.725999
6.3303,2.89675,-0.723282
6.33073,2.8501,-0.721217
6.3581,2.81563,-0.722412
6.40989,2.79165,-0.726543
6.49726,2.78239,-0.734912
6.58843,2.77371,-0.743716
6.7082,2.7758,-0.75589
6.80246,2.76603,-0.76502
6.89685,2.75522,-0.77415
7.0219,2.75532,-0.786867
7.1472,2.754,-0.799584
7.243,2.73999,-0.808823
7.38642,2.74254,-0.823606
7.42552,2.70534,-0.826214
7.47568,2.67177,-0.830127
7.48443,2.62321,-0.829258
7.50791,2.57983,-0.830127
7.53113,2.53625,-0.830997
7.539,2.4875,-0.830127
7.56547,2.44486,-0.831432
7.59644,2.40349,-0.833279
7.59965,2.35331,-0.831975
7.60158,2.30289,-0.830562
7.60413,2.25281,-0.829258
7.61494,2.20528,-0.828932
7.63311,2.15987,-0.829475
7.6606,2.11696,-0.831106
7.67152,2.0694,-0.830888
7.67254,2.01926,-0.829584
7.67323,1.96917,-0.828279
7.68806,1.92278,-0.828606
7.70261,1.87628,-0.828932
7.70527,1.82691,-0.827953
7.72215,1.78094,-0.828606
7.73293,1.73353,-0.828606
7.74051,1.68541,-0.828279
7.74487,1.63665,-0.827627
7.75964,1.5901,-0.828171
7.76145,1.54091,-0.827301
7.76197,1.49157,-0.826323
7.76511,1.44282,-0.825671
7.76795,1.3941,-0.825019
7.77342,1.3459,-0.824693
7.77564,1.29719,-0.82404
7.77266,1.24773,-0.822845
7.77722,1.19956,-0.822519
7.7864,1.1521,-0.822736
7.78742,1.10347,-0.822084
7.78813,1.05487,-0.821432
7.79643,1.00731,-0.821649
7.81036,0.960427,-0.822519
7.80524,0.911218,-0.821323
7.80674,0.862872,-0.820888
7.81386,0.815161,-0.821106
7.82168,0.767491,-0.821432
7.82031,0.718938,-0.82078
7.81566,0.670176,-0.819801
7.81665,0.621971,-0.819475
7.82032,0.573998,-0.819475
7.82369,0.526002,-0.819475
7.82677,0.477987,-0.819475
7.82757,0.429845,-0.819258
7.82311,0.381469,-0.818497
7.8263,0.333503,-0.818606
7.81926,0.285149,-0.817628
7.81391,0.236955,-0.816867
7.79335,0.188478,-0.814475
7.81921,0.141103,-0.817193
7.8239,0.0931694,-0.817628
7.7945,0.0449905,-0.814367
7.79364,-0.00283614,-0.814258
7.79049,-0.0506374,-0.813932
7.78407,-0.0983624,-0.81328
7.78531,-0.14616,-0.813497
7.79222,-0.194126,-0.814367
7.78492,-0.241749,-0.813715
7.77335,-0.289141,-0.812628
7.76051,-0.336358,-0.811432
7.74936,-0.383527,-0.810454
7.75679,-0.431622,-0.811541
7.753,-0.479147,-0.811432
7.75289,-0.526912,-0.811758
7.74654,-0.574252,-0.811432
7.74881,-0.622251,-0.812084
7.74485,-0.669785,-0.812084
7.73763,-0.717018,-0.811758
7.71824,-0.763014,-0.810128
7.71638,-0.81067,-0.810454
7.71422,-0.858332,-0.81078
7.69993,-0.904605,-0.809802
7.71593,-0.95452,-0.812193
7.70106,-1.00069,-0.811215
7.69379,-1.04779,-0.811106
7.68328,-1.09442,-0.810671
7.67642,-1.14154,-0.810671
7.6732,-1.18923,-0.811106
7.6638,-1.23598,-0.810889
7.65999,-1.28363,-0.811323
7.65197,-1.33061,-0.811323
7.63681,-1.3763,-0.810562
7.62432,-1.42241,-0.810128
7.60861,-1.46784,-0.809367
7.59459,-1.51353,-0.808823
7.58321,-1.5597,-0.808606
7.57836,-1.60723,-0.80915
7.56836,-1.6537,-0.80915
7.56679,-1.70207,-0.810128
7.55427,-1.74802,-0.80991
7.54727,-1.79526,-0.810345
7.53998,-1.84248,-0.81078
7.52371,-1.8875,-0.810236
7.51969,-1.93561,-0.811106
7.51728,-1.98425,-0.812193
7.51552,-2.0332,-0.813389
5.30152,-1.46908,-0.563611
5.28093,-1.49833,-0.562307
7.42718,-2.15677,-0.807736
7.42334,-2.20513,-0.808823
7.41823,-2.25324,-0.809802
7.39287,-2.29518,-0.808497
7.37296,-2.33869,-0.807845
7.35753,-2.38358,-0.807736
7.33993,-2.42775,-0.80741
7.31454,-2.46924,-0.806215
7.28609,-2.50954,-0.804693
7.26962,-2.55387,-0.804584
7.24445,-2.59508,-0.803497
7.21532,-2.6347,-0.801976
7.20461,-2.68101,-0.802628
7.18988,-2.72587,-0.802845
7.18137,-2.77316,-0.803824
7.16977,-2.81935,-0.804476
7.14864,-2.86181,-0.804041
7.1291,-2.90487,-0.803824
7.1038,-2.94551,-0.802954
7.07186,-2.98325,-0.801324
7.05616,-3.02776,-0.80165
7.03745,-3.071,-0.80165
7.01847,-3.11412,-0.80165
6.99017,-3.15304,-0.800563
6.97069,-3.19587,-0.800563
6.95996,-3.24278,-0.80165
6.93993,-3.28543,-0.80165
6.91964,-3.32795,-0.80165
6.88927,-3.36554,-0.800454
6.86671,-3.40687,-0.800237
6.851,-3.45162,-0.800889
6.82969,-3.49359,-0.800889
6.80019,-3.53131,-0.799911
6.77487,-3.57111,-0.799476
6.75722,-3.61496,-0.800019
6.72792,-3.65256,-0.79915
6.70364,-3.69281,-0.798932
6.68172,-3.73436,-0.799041
6.65609,-3.77382,-0.798715
6.63798,-3.81756,-0.799367
6.60155,-3.85071,-0.797737
6.56668,-3.88456,-0.796324
6.54272,-3.92478,-0.796324
6.52531,-3.96899,-0.797193
6.50421,-4.01104,-0.797628
6.46937,-4.04455,-0.796324
6.43687,-4.07938,-0.795345
6.41506,-4.12094,-0.79578
6.39549,-4.16403,-0.796541
6.37646,-4.20757,-0.797411
6.34391,-4.24219,-0.796541
6.312,-4.27714,-0.79578
6.28154,-4.31297,-0.795237
6.25659,-4.35257,-0.795454
6.22651,-4.38859,-0.795019
6.19704,-4.42498,-0.794693
6.16977,-4.46292,-0.794693
6.14227,-4.50069,-0.794693
6.11454,-4.53829,-0.794693
6.08579,-4.57513,-0.794585
6.05444,-4.60997,-0.79415
6.01502,-4.63854,-0.792628
5.98331,-4.67291,-0.792193
5.9553,-4.71015,-0.792302
5.92939,-4.74909,-0.792737
5.89783,-4.7835,-0.792411
5.86683,-4.81834,-0.792193
5.83868,-4.85552,-0.792411
5.81182,-4.89382,-0.792845
5.78017,-4.92809,-0.792628
5.75133,-4.96477,-0.792845
5.71926,-4.99865,-0.792628
5.68922,-5.03431,-0.792737
5.6523,-5.06382,-0.791867
5.61524,-5.09306,-0.790998
5.59047,-5.13347,-0.791976
5.55668,-5.16565,-0.79165
5.52416,-5.19896,-0.791541
5.48712,-5.22796,-0.79078
5.45207,-5.25877,-0.790346
5.42753,-5.29976,-0.791541
5.39844,-5.33646,-0.792085
5.367,-5.37089,-0.792302
5.33674,-5.40655,-0.792737
5.2993,-5.43493,-0.792085
5.26309,-5.46448,-0.79165
5.23563,-5.50315,-0.792628
5.20108,-5.53445,-0.792519
5.18258,-5.58301,-0.795019
5.15226,-5.6191,-0.795672
5.12102,-5.65429,-0.796215
5.0902,-5.69006,-0.796867
5.0394,-5.7033,-0.794258
5.00104,-5.73037,-0.793715
4.96579,-5.76095,-0.793715
4.93421,-5.79585,-0.794367
4.89983,-5.82754,-0.794585
4.86144,-5.85444,-0.79415
4.8185,-5.8757,-0.792954
4.7786,-5.90052,-0.792302
4.73548,-5.92119,-0.791106
4.70398,-5.95638,-0.791976
4.66551,-5.98278,-0.79165
4.63114,-6.01444,-0.792085
4.59716,-6.0467,-0.792628
4.55281,-6.06525,-0.791324
4.51314,-6.08988,-0.790889
4.47628,-6.11826,-0.790998
4.43982,-6.14722,-0.791215
4.39567,-6.16544,-0.790019
4.35661,-6.19067,-0.789802
4.31797,-6.21647,-0.789693
4.27076,-6.22973,-0.787954
4.22855,-6.25005,-0.787193
4.1846,-6.26762,-0.786106
4.14224,-6.28736,-0.785346
4.09925,-6.30599,-0.784476
4.06048,-6.33103,-0.784476
4.02687,-6.36422,-0.785563
3.99196,-6.39556,-0.786433
3.94065,-6.40046,-0.783933
3.8946,-6.41347,-0.78252
3.85262,-6.43299,-0.781976
3.81308,-6.4565,-0.781976
3.76889,-6.47205,-0.780998
3.73009,-6.49678,-0.781215
3.6931,-6.52473,-0.781867
3.6559,-6.55248,-0.78252
3.61467,-6.57304,-0.782302
3.57,-6.58723,-0.781324
3.5342,-6.61778,-0.782411
3.49584,-6.64374,-0.782954
3.45593,-6.66683,-0.783172
3.4136,-6.68526,-0.782846
3.35912,-6.67943,-0.779585
3.32204,-6.70794,-0.780563
3.28082,-6.72819,-0.780563
3.23861,-6.74641,-0.780346
3.198,-6.76795,-0.780563
3.15809,-6.79105,-0.780998
3.11637,-6.8103,-0.780998
3.07778,-6.83654,-0.781867
3.03296,-6.84894,-0.781107
2.98969,-6.86468,-0.78078
2.94047,-6.86645,-0.778824
2.89712,-6.88161,-0.778498
2.85256,-6.89375,-0.777846
2.80946,-6.90928,-0.777628
2.76812,-6.92916,-0.777954
2.72846,-6.95342,-0.778824
2.68967,-6.98023,-0.78002
2.64925,-7.00311,-0.78078
2.60831,-7.02483,-0.781433
2.55631,-7.01641,-0.778607
2.51087,-7.02541,-0.777846
2.47791,-7.06977,-0.781215
2.43448,-7.08484,-0.781215
2.39953,-7.12508,-0.78415
2.36324,-7.16233,-0.786759
1.66611,-5.15525,-0.554481
1.63354,-5.16254,-0.554155
0,0,0
0,0,0
0,0,0
0,0,0
0,0,0
1.97242,-7.13743,-0.771759
0,0,0
0,0,0
0,0,0
0,0,0
0,0,0
0,0,0
0,0,0
0,0,0
0,0,0
0,0,0
0,0,0
0,0,0
0,0,0
0,0,0
0,0,0
0,0,0
0,0,0
0,0,0
0,0,0
0,0,0
0,0,0
0,0,0
0,0,0
0,0,0
0,0,0
0,0,0
0,0,0
0,0,0
0,0,0
0,0,0
0,0,0
0,0,0
0,0,0
0,0,0
0,0,0
0,0,0
0,0,0
0,0,0
0,0,0
0,0,0
0,0,0
0,0,0
0,0,0
0,0,0
0,0,0
0,0,0
0,0,0
0,0,0
0,0,0
0,0,0
0,0,0
0,0,0
0,0,0
0,0,0
0,0,0
0,0,0
0,0,0
0,0,0
0,0,0
0,0,0
0,0,0
0,0,0
0,0,0
0,0,0
0,0,0
0,0,0
0,0,0
0,0,0
0,0,0
0,0,0
0,0,0
0,0,0
0,0,0
0,0,0
0,0,0
0,0,0
0,0,0
0,0,0
0,0,0
0,0,0
0,0,0
0,0,0
0,0,0
0,0,0
0,0,0
0,0,0
0,0,0
0,0,0
0,0,0
0,0,0
0,0,0
0,0,0
0,0,0
0,0,0
0,0,0
0,0,0
0,0,0
0,0,0
0,0,0
0,0,0
0,0,0
0,0,0
0,0,0
0,0,0
0,0,0
0,0,0
0,0,0
0,0,0
0,0,0
0,0,0
0,0,0
0,0,0
0,0,0
0,0,0
0,0,0
0,0,0
0,0,0
0,0,0
0,0,0
0,0,0
0,0,0
0,0,0
0,0,0
0,0,0
0,0,0
0,0,0
0,0,0
0,0,0
0,0,0
0,0,0
0,0,0
0,0,0
0,0,0
0,0,0
0,0,0
0,0,0
0,0,0
0,0,0
0,0,0
0,0,0
0,0,0
0,0,0
0,0,0
0,0,0
0,0,0
0,0,0
0,0,0
0,0,0
0,0,0
0,0,0
0,0,0
0,0,0
0,0,0
0,0,0
0,0,0
0,0,0
0,0,0
0,0,0
0,0,0
0,0,0
0,0,0
0,0,0
0,0,0
0,0,0
0,0,0
0,0,0
0,0,0
0,0,0
0,0,0
0,0,0
0,0,0
0,0,0
0,0,0
0,0,0
0,0,0
0,0,0
0,0,0
0,0,0
0,0,0
0,0,0
0,0,0
0,0,0
0,0,0
0,0,0
0,0,0
0,0,0
0,0,0
0,0,0
0,0,0
0,0,0
0,0,0
0,0,0
0,0,0
0,0,0
0,0,0
0,0,0
0,0,0
0,0,0
0,0,0
0,0,0
0,0,0
0,0,0
0,0,0
0,0,0
0,0,0
0,0,0
0,0,0
0,0,0
0,0,0
0,0,0
0,0,0
0,0,0
0,0,0
0,0,0
0,0,0
0,0,0
0,0,0
0,0,0
0,0,0
0,0,0
0,0,0
0,0,0
0,0,0
0,0,0
0,0,0
0,0,0
0,0,0
0,0,0
0,0,0
0,0,0
0,0,0
0,0,0
0,0,0
0,0,0
0,0,0
0,0,0
0,0,0
0,0,0
0,0,0
0,0,0
0,0,0
0,0,0
0,0,0
0,0,0
0,0,0
0,0,0
0,0,0
0,0,0
0,0,0
0,0,0
0,0,0
0,0,0
0,0,0
0,0,0
0,0,0
0,0,0
0,0,0
0,0,0
0,0,0
0,0,0
0,0,0
0,0,0
0,0,0
0,0,0
0,0,0
0,0,0
0,0,0
0,0,0
0,0,0
0,0,0
0,0,0
0,0,0
0,0,0
0,0,0
0,0,0
0,0,0
0,0,0
0,0,0
0,0,0
0,0,0
0,0,0
0,0,0
0,0,0
0,0,0
0,0,0
0,0,0
0,0,0
0,0,0
0,0,0
0,0,0
0,0,0
0,0,0
0,0,0
0,0,0
0,0,0
0,0,0
0,0,0
0,0,0
0,0,0
0,0,0
0,0,0
0,0,0
0,0,0
0,0,0
0,0,0
0,0,0
0,0,0
0,0,0
0,0,0
0,0,0
0,0,0
0,0,0
0,0,0
0,0,0
0,0,0
0,0,0
0,0,0
0,0,0
0,0,0
0,0,0
0,0,0
0,0,0
0,0,0
0,0,0
0,0,0
0,0,0
0,0,0
0,0,0
0,0,0
0,0,0
0,0,0
0,0,0
0,0,0
0,0,0
0,0,0
0,0,0
0,0,0
0,0,0
0,0,0
0,0,0
0,0,0
0,0,0
0,0,0
0,0,0
0,0,0
0,0,0
0,0,0
0,0,0
0,0,0
0,0,0
0,0,0
0,0,0
0,0,0
0,0,0
0,0,0
0,0,0
0,0,0
0,0,0
0,0,0
0,0,0
0,0,0
0,0,0
0,0,0
0,0,0
0,0,0
0,0,0
0,0,0
0,0,0
0,0,0
0,0,0
0,0,0
0,0,0
0,0,0
0,0,0
0,0,0
0,0,0
0,0,0
0,0,0
0,0,0
0,0,0
0,0,0
0,0,0
0,0,0
0,0,0
0,0,0
0,0,0
0,0,0
0,0,0
0,0,0
0,0,0
0,0,0
0,0,0
0,0,0
0,0,0
0,0,0
0,0,0
0,0,0
0,0,0
0,0,0
0,0,0
0,0,0
0,0,0
0,0,0
0,0,0
0,0,0
0,0,0
0,0,0
0,0,0
0,0,0
0,0,0
0,0,0
0,0,0
0,0,0
0,0,0
0,0,0
0,0,0
0,0,0
0,0,0
0,0,0
0,0,0
0,0,0
0,0,0
0,0,0
0,0,0
0,0,0
0,0,0
0,0,0
0,0,0
0,0,0
0,0,0
0,0,0
0,0,0
0,0,0
0,0,0
0,0,0
0,0,0
0,0,0
0,0,0
0,0,0
0,0,0
0,0,0
0,0,0
0,0,0
0,0,0
0,0,0
0,0,0
0,0,0
0,0,0
0,0,0
0,0,0
0,0,0
0,0,0
0,0,0
0,0,0
0,0,0
0,0,0
0,0,0
0,0,0
0,0,0
0,0,0
0,0,0
0,0,0
0,0,0
0,0,0
0,0,0
0,0,0
0,0,0
0,0,0
0,0,0
0,0,0
0,0,0
0,0,0
0,0,0
0,0,0
0,0,0
0,0,0
0,0,0
0,0,0
0,0,0
0,0,0
0,0,0
0,0,0
0,0,0
0,0,0
0,0,0
0,0,0
0,0,0
0,0,0
0,0,0
0,0,0
0,0,0
0,0,0
0,0,0
0,0,0
0,0,0
0,0,0
0,0,0
0,0,0
0,0,0
0,0,0
0,0,0
0,0,0
0,0,0
0,0,0
0,0,0
0,0,0
0,0,0
0,0,0
0,0,0
0,0,0
0,0,0
0,0,0
0,0,0
0,0,0
0,0,0
0,0,0
0,0,0
0,0,0
0,0,0
0,0,0
0,0,0
0,0,0
0,0,0
0,0,0
0,0,0
0,0,0
0,0,0
0,0,0
0,0,0
0,0,0
0,0,0
0,0,0
0,0,0
0,0,0
0,0,0
0,0,0
0,0,0
0,0,0
0,0,0
0,0,0
0,0,0
0,0,0
0,0,0
0,0,0
0,0,0
0,0,0
0,0,0
0,0,0
0,0,0
0,0,0
0,0,0
0,0,0
0,0,0
0,0,0
0,0,0
0,0,0
0,0,0
0,0,0
0,0,0
0,0,0
0,0,0
0,0,0
0,0,0
0,0,0
0,0,0
0,0,0
0,0,0
0,0,0
0,0,0
0,0,0
0,0,0
0,0,0
0,0,0
0,0,0
0,0,0
0,0,0
0,0,0
0,0,0
0,0,0
0,0,0
0,0,0
0,0,0
0,0,0
0,0,0
0,0,0
0,0,0
0,0,0
0,0,0
0,0,0
0,0,0
0,0,0
0,0,0
0,0,0
0,0,0
0,0,0
0,0,0
0,0,0
0,0,0
0,0,0
0,0,0
0,0,0
0,0,0
0,0,0
0,0,0
0,0,0
0,0,0
0,0,0
0,0,0
0,0,0
0,0,0
0,0,0
0,0,0
0,0,0
0,0,0
0,0,0
0,0,0
0,0,0
0,0,0
1.6979,5.70885,-0.687926
1.76089,5.79045,-0.699664
1.78697,5.7492,-0.695791
1.815,5.71542,-0.692887
1.83198,5.64846,-0.685748
1.88563,5.6946,-0.693129
1.75759,5.20046,-0.631055
1.8273,5.29939,-0.645212
1.91903,5.45664,-0.666993
1.96956,5.49242,-0.673164
2.02638,5.54364,-0.681392
2.09187,5.61575,-0.692403
2.09039,5.50814,-0.680061
2.13416,5.52114,-0.683449
2.20434,5.60032,-0.695549
2.18367,5.44938,-0.67752
0,0,0
1.48895,3.58654,-0.435272
1.51479,3.58648,-0.436482
1.40051,3.25969,-0.394373
1.4177,3.24466,-0.393526
1.43476,3.22955,-0.392679
1.4566,3.22521,-0.393284
1.47719,3.21802,-0.393526
1.50445,3.22509,-0.395704
2.50607,5.28907,-0.675342
2.54881,5.29507,-0.678246
2.63573,5.39081,-0.693371
2.71906,5.4759,-0.707166
2.64673,5.24903,-0.678488
2.68341,5.24152,-0.679698
2.71003,5.21439,-0.678246
2.7142,5.14498,-0.670986
1.75698,3.28067,-0.415548
1.77423,3.26459,-0.414822
1.79519,3.25538,-0.415064
1.81368,3.24171,-0.414701
1.84235,3.24606,-0.416879
1.86075,3.23211,-0.416516
2.90509,4.97654,-0.664331
2.94771,4.97912,-0.667235
2.98689,4.97541,-0.669292
3.00756,4.94088,-0.666993
3.13267,5.07609,-0.689015
3.17007,5.06687,-0.690467
3.17718,5.0096,-0.685022
3.01146,4.68436,-0.640735
3.24275,4.97689,-0.68599
3.23276,4.89559,-0.677036
3.25778,4.86824,-0.675947
3.29037,4.85226,-0.676552
3.29929,4.80171,-0.672075
3.34116,4.7993,-0.674737
3.40773,4.83144,-0.682602
3.45173,4.83063,-0.685627
3.44406,4.75789,-0.677883
3.50077,4.7743,-0.68357
3.54598,4.77425,-0.686837
3.57521,4.7524,-0.686837
3.61994,4.75091,-0.689983
3.66539,4.74983,-0.69325
3.52336,4.50822,-0.65937
3.60146,4.55035,-0.669292
3.62558,4.52352,-0.668566
3.65953,4.5089,-0.669776
3.66255,4.45644,-0.665057
3.81679,4.58651,-0.689257
3.84869,4.56756,-0.689983
3.84895,4.51139,-0.68478
3.84931,4.45613,-0.679698
3.68907,4.21794,-0.64497
3.98726,4.50296,-0.695065
3.99295,4.45401,-0.691072
3.98886,4.39487,-0.685385
3.92644,4.27308,-0.669292
3.91135,4.20457,-0.661911
3.86836,4.10749,-0.649689
3.89623,4.08655,-0.650173
4.16315,4.31331,-0.692645
4.21104,4.3097,-0.696396
4.19901,4.24496,-0.689741
4.27484,4.26892,-0.698333
4.29389,4.23564,-0.697123
4.10584,4.00065,-0.660701
3.91293,3.76608,-0.623916
3.06997,2.91832,-0.478228
3.08782,2.89943,-0.478228
4.33303,4.01955,-0.68236
4.34078,3.97746,-0.679577
4.4534,4.0307,-0.694097
4.46695,3.99338,-0.692282
4.46533,3.94289,-0.688047
3.71678,3.24129,-0.563051
3.69674,3.18407,-0.556638
3.72377,3.16777,-0.557848
4.59495,3.86086,-0.693492
4.68882,3.89093,-0.704625
3.96108,3.24595,-0.586163
3.92923,3.17974,-0.578055
3.95487,3.16053,-0.579023
4.80627,3.79314,-0.708255
4.80283,3.74283,-0.704141
4.81548,3.70541,-0.702568
4.80414,3.64997,-0.697365
4.82089,3.61625,-0.696517
4.83262,3.57892,-0.694944
4.83446,3.53455,-0.691919
4.84157,3.49436,-0.689741
4.89445,3.48706,-0.69446
4.96121,3.48895,-0.701237
4.97111,3.45051,-0.699543
5.01921,3.43846,-0.703536
5.11504,3.45821,-0.714547
5.13947,3.42896,-0.715031
5.15958,3.39682,-0.71491
5.2053,3.38132,-0.71854
5.23764,3.35682,-0.720234
5.25059,3.31984,-0.719145
5.26497,3.28389,-0.718298
5.28248,3.24996,-0.717935
5.29638,3.21388,-0.717088
5.20018,3.11197,-0.700632
5.22345,3.08253,-0.701237
5.32376,3.09787,-0.712732
5.32287,3.05378,-0.709949
5.38729,3.04697,-0.716362
5.34694,2.98097,-0.708134
5.38513,2.95911,-0.710917
5.43286,2.94209,-0.715031
5.48059,2.92459,-0.719145
5.56256,2.92464,-0.727978
5.58922,2.89502,-0.729188
5.63605,2.87557,-0.733181
5.63762,2.8329,-0.731003
5.66558,2.80354,-0.732455
5.73532,2.79439,-0.739595
5.79889,2.78148,-0.745887
5.88945,2.78061,-0.755809
5.97211,2.77497,-0.764642
6.05312,2.76759,-0.773233
6.13969,2.76176,-0.782551
6.2255,2.75457,-0.791747
6.34149,2.75951,-0.804936
6.41944,2.74672,-0.813044
6.45905,2.71691,-0.816069
6.47652,2.6776,-0.81619
6.59122,2.67781,-0.829137
6.67206,2.66308,-0.837607
6.69659,2.62536,-0.838696
6.70979,2.58315,-0.838333
6.71995,2.53982,-0.837607
6.75774,2.50683,-0.840511
6.79072,2.47177,-0.84281
6.81323,2.43273,-0.843778
6.83084,2.39187,-0.844141
6.84821,2.35087,-0.844504
6.85686,2.30691,-0.843778
6.86617,2.26324,-0.843173
6.88371,2.22229,-0.843657
6.89248,2.17851,-0.843052
6.91046,2.13765,-0.843657
6.91774,2.09348,-0.842931
6.92189,2.04846,-0.841842
6.92766,2.00401,-0.840995
6.9446,1.96282,-0.8416
6.95938,1.92096,-0.841963
6.96241,1.8759,-0.840874
6.96323,1.83037,-0.839543
6.96856,1.78613,-0.838817
6.9765,1.74261,-0.838454
6.99767,1.70236,-0.839785
7.00799,1.65939,-0.839785
7.00159,1.61256,-0.837728
7.01039,1.56936,-0.837607
5.19734,1.12973,-0.610242
5.20417,1.09782,-0.610242
7.02739,1.43786,-0.836276
7.0351,1.39452,-0.836155
7.04353,1.35133,-0.836155
7.06047,1.30972,-0.837244
7.06544,1.26584,-0.836881
7.05547,1.21942,-0.834703
7.06086,1.17578,-0.834461
7.07872,1.13416,-0.835792
7.08849,1.09116,-0.836155
7.09506,1.04765,-0.836155
7.10725,1.00493,-0.836881
7.1123,0.961166,-0.83676
7.11018,0.916491,-0.835792
7.10385,0.871394,-0.83434
7.10019,0.826755,-0.833251
7.08836,0.781322,-0.831194
7.09894,0.738431,-0.83192
7.1142,0.695923,-0.833251
7.11142,0.651623,-0.832404
7.1232,0.608653,-0.833372
7.12482,0.564778,-0.83313
7.13013,0.521195,-0.833372
7.13319,0.477436,-0.833372
7.12608,0.433054,-0.832162
7.11968,0.388833,-0.831073
7.12293,0.345188,-0.831194
7.12094,0.301308,-0.83071
7.12464,0.257681,-0.830952
7.11518,0.21363,-0.829621
7.1104,0.169825,-0.828895
7.11131,0.126194,-0.828895
7.08713,0.0822649,-0.82587
7.08651,0.038772,-0.825749
7.08959,-0.00471228,-0.826112
7.08546,-0.0481868,-0.825628
7.06717,-0.0914332,-0.82345
7.05853,-0.134645,-0.822482
7.07841,-0.178474,-0.825023
7.08016,-0.221996,-0.825386
7.07073,-0.265139,-0.824418
7.07393,-0.308735,-0.825023
7.05108,-0.3511,-0.822482
7.03393,-0.393529,-0.820667
7.03435,-0.436865,-0.82103
7.01965,-0.47921,-0.819578
7.05222,-0.524919,-0.823934
7.0548,-0.568658,-0.82466
7.03338,-0.610393,-0.822482
7.02061,-0.652712,-0.821393
7.01844,-0.695973,-0.821635
7.01108,-0.738713,-0.821272
7.01529,-0.782707,-0.822361
7.01233,-0.825969,-0.822603
7.01107,-0.869469,-0.823087
7.00068,-0.911831,-0.822482
6.99299,-0.954501,-0.82224
6.98012,-0.996411,-0.821393
6.95326,-1.03615,-0.818852
6.93304,-1.07667,-0.817158
6.94786,-1.12267,-0.81982
6.96531,-1.16938,-0.822845
6.97268,-1.21465,-0.82466
6.95142,-1.25494,-0.822966
6.9553,-1.29976,-0.824418
6.91795,-1.33677,-0.820788
6.91059,-1.37938,-0.820909
6.93505,-1.42857,-0.825023
6.89314,-1.46408,-0.820909
6.87627,-1.50466,-0.819941
6.86982,-1.54747,-0.820304
6.8776,-1.59363,-0.822482
6.86479,-1.63511,-0.822119
6.84306,-1.67437,-0.820667
6.8211,-1.71343,-0.819215
6.8095,-1.755,-0.819094
6.79668,-1.79624,-0.818852
6.78074,-1.83662,-0.818247
5.28572,-1.46681,-0.630571
5.28713,-1.5022,-0.631902
6.76676,-1.96721,-0.820909
6.75456,-2.00869,-0.820909
6.73166,-2.04692,-0.819578
6.72751,-2.09084,-0.820667
6.70793,-2.12998,-0.81982
6.6834,-2.16742,-0.818368
6.67752,-2.21089,-0.819336
6.66759,-2.25309,-0.81982
6.64425,-2.29072,-0.81861
6.62914,-2.33112,-0.818489
6.6063,-2.36874,-0.8174
6.58045,-2.40514,-0.815948
6.5572,-2.44236,-0.814859
6.53837,-2.48114,-0.814375
6.52303,-2.52121,-0.814375
6.52221,-2.567,-0.816311
6.50358,-2.60586,-0.815948
6.47368,-2.6401,-0.814133
6.45735,-2.67977,-0.814133
6.43805,-2.71818,-0.81377
6.42033,-2.75724,-0.813649
6.3942,-2.79262,-0.812438
6.36787,-2.82777,-0.811228
6.34587,-2.86475,-0.810623
6.33269,-2.9057,-0.811228
6.31204,-2.94324,-0.810865
6.28848,-2.97937,-0.810139
6.2826,-3.02392,-0.811834
6.25145,-3.05631,-0.810139
6.22902,-3.09285,-0.809655
6.20461,-3.12833,-0.808929
6.19678,-3.17222,-0.810502
6.1816,-3.21247,-0.811107
6.16178,-3.25034,-0.811107
6.15134,-3.29324,-0.812438
6.13189,-3.3314,-0.812559
6.0983,-3.36177,-0.810744
6.07582,-3.39816,-0.810502
6.05745,-3.43684,-0.810865
6.04141,-3.47692,-0.811592
6.0071,-3.50642,-0.809776
5.98034,-3.54018,-0.80905
5.96362,-3.57987,-0.809776
5.94324,-3.61743,-0.810018
5.9167,-3.65122,-0.809413
5.8925,-3.6864,-0.809171
5.87816,-3.7278,-0.810381
5.851,-3.76112,-0.809776
5.82698,-3.79641,-0.809655
5.79943,-3.82936,-0.80905
5.77253,-3.86266,-0.808566
5.752,-3.90023,-0.80905
5.73287,-3.93883,-0.809776
5.7086,-3.97393,-0.809776
5.68248,-4.00774,-0.809534
5.66344,-4.04657,-0.810381
5.63207,-4.07659,-0.809413
5.59814,-4.10461,-0.808082
5.56568,-4.13356,-0.806993
5.54894,-4.17419,-0.808324
5.52322,-4.20816,-0.808324
5.49258,-4.23834,-0.807598
5.46178,-4.26829,-0.806872
5.43393,-4.30049,-0.80663
5.41596,-4.34058,-0.807961
5.39,-4.37436,-0.808082
5.37073,-4.41365,-0.809292
5.33896,-4.44271,-0.808566
5.30249,-4.46771,-0.807114
5.28027,-4.50467,-0.807961
5.25478,-4.53893,-0.808324
5.22982,-4.5737,-0.808808
5.19794,-4.60242,-0.808203
5.16295,-4.62826,-0.807114
5.13446,-4.65985,-0.807114
5.10869,-4.69396,-0.807598
5.07471,-4.72048,-0.806751
5.03986,-4.74609,-0.805783
5.01424,-4.78035,-0.806388
4.98981,-4.81585,-0.807235
4.96372,-4.84984,-0.80784
4.93458,-4.88091,-0.807961
4.89962,-4.90618,-0.807114
4.86803,-4.93473,-0.806872
4.83281,-4.95954,-0.806025
4.80298,-4.98981,-0.806146
4.77227,-5.01919,-0.806146
4.74206,-5.0491,-0.806267
4.71369,-5.08101,-0.806751
4.68511,-5.11276,-0.807235
4.65165,-5.13921,-0.806872
4.62202,-5.16987,-0.807235
4.59218,-5.20037,-0.807598
4.56214,-5.23069,-0.807961
4.53515,-5.2646,-0.808929
4.50662,-5.29686,-0.809655
4.47212,-5.32214,-0.809292
4.43811,-5.34795,-0.80905
4.40836,-5.37892,-0.809655
4.37027,-5.3997,-0.808687
4.33582,-5.42486,-0.808445
4.30553,-5.45526,-0.80905
4.27197,-5.48157,-0.80905
4.24371,-5.51476,-0.810139
4.2158,-5.5486,-0.811349
4.18227,-5.57516,-0.81147
4.14266,-5.59353,-0.810381
4.10416,-5.61324,-0.809534
4.06441,-5.63107,-0.808445
4.03612,-5.6648,-0.809776
3.999,-5.68621,-0.809292
3.95781,-5.70167,-0.807961
3.92499,-5.72912,-0.808445
3.89143,-5.75556,-0.808808
3.85219,-5.77355,-0.807961
3.82324,-5.80703,-0.809413
3.79133,-5.83621,-0.81026
3.75169,-5.85351,-0.809413
3.71571,-5.87642,-0.809413
3.67012,-5.88395,-0.807235
3.63603,-5.90974,-0.807719
3.60176,-5.93533,-0.808203
3.56425,-5.95562,-0.807961
3.52462,-5.97225,-0.807235
3.48491,-5.98861,-0.806509
3.44365,-6.00214,-0.80542
3.41458,-6.03698,-0.807356
3.37118,-6.04654,-0.805783
3.33115,-6.0619,-0.805057
3.29389,-6.08222,-0.805057
3.25791,-6.10494,-0.80542
3.22317,-6.13009,-0.806146
3.18641,-6.15152,-0.806388
3.15311,-6.17979,-0.807598
3.10979,-6.18838,-0.806146
3.06911,-6.20201,-0.80542
3.0297,-6.21805,-0.805057
2.98848,-6.23025,-0.80421
2.95019,-6.24847,-0.80421
2.91682,-6.27726,-0.805662
2.87495,-6.28782,-0.804694
2.83835,-6.30986,-0.805299
2.79275,-6.31173,-0.803242
2.75278,-6.32602,-0.802879
2.71938,-6.35557,-0.804573
2.67841,-6.36756,-0.803968
2.63549,-6.3747,-0.802758
2.59296,-6.38247,-0.801669
2.55081,-6.39089,-0.800701
2.50719,-6.39533,-0.799249
2.47754,-6.4356,-0.802516
2.4531,-6.49061,-0.807719
2.41289,-6.50461,-0.807598
2.37225,-6.51743,-0.807356
2.35325,-6.59075,-0.81498
2.29669,-6.55916,-0.80905
2.25736,-6.57595,-0.809413
2.20557,-6.55581,-0.805057
2.1681,-6.5777,-0.806146
0,0,0
0,0,0
2.05018,-6.62787,-0.807598
2.00689,-6.63178,-0.806509
1.96362,-6.6354,-0.80542
1.91901,-6.63398,-0.803726
1.88205,-6.659,-0.80542
1.83375,-6.64363,-0.802032
1.79399,-6.65859,-0.802516
1.75386,-6.67235,-0.802879
1.71091,-6.6753,-0.801911
0,0,0
0,0,0
0,0,0
0,0,0
0,0,0
0,0,0
0,0,0
0,0,0
0,0,0
0,0,0
0,0,0
0,0,0
0,0,0
0,0,0
0,0,0
0,0,0
0,0,0
0,0,0
0,0,0
0,0,0
0,0,0
0,0,0
0,0,0
0,0,0
0,0,0
0,0,0
0,0,0
0,0,0
0,0,0
0,0,0
0,0,0
0,0,0
0,0,0
0,0,0
0,0,0
0,0,0
0,0,0
0,0,0
0,0,0
0,0,0
0,0,0
0,0,0
0,0,0
0,0,0
0,0,0
0,0,0
0,0,0
0,0,0
0,0,0
0,0,0
0,0,0
0,0,0
0,0,0
0,0,0
0,0,0
0,0,0
0,0,0
0,0,0
0,0,0
0,0,0
0,0,0
0,0,0
0,0,0
0,0,0
0,0,0
0,0,0
0,0,0
0,0,0
0,0,0
0,0,0
0,0,0
0,0,0
0,0,0
0,0,0
0,0,0
0,0,0
0,0,0
0,0,0
0,0,0
0,0,0
0,0,0
0,0,0
0,0,0
0,0,0
0,0,0
0,0,0
0,0,0
0,0,0
0,0,0
0,0,0
0,0,0
0,0,0
0,0,0
0,0,0
0,0,0
0,0,0
0,0,0
0,0,0
0,0,0
0,0,0
0,0,0
0,0,0
0,0,0
0,0,0
0,0,0
0,0,0
0,0,0
0,0,0
0,0,0
0,0,0
0,0,0
0,0,0
0,0,0
0,0,0
0,0,0
0,0,0
0,0,0
0,0,0
0,0,0
0,0,0
0,0,0
0,0,0
0,0,0
0,0,0
0,0,0
0,0,0
0,0,0
0,0,0
0,0,0
0,0,0
0,0,0
0,0,0
0,0,0
0,0,0
0,0,0
0,0,0
0,0,0
0,0,0
0,0,0
0,0,0
0,0,0
0,0,0
0,0,0
0,0,0
0,0,0
0,0,0
0,0,0
0,0,0
0,0,0
0,0,0
0,0,0
0,0,0
0,0,0
0,0,0
0,0,0
0,0,0
0,0,0
0,0,0
0,0,0
0,0,0
0,0,0
0,0,0
0,0,0
0,0,0
0,0,0
0,0,0
0,0,0
0,0,0
0,0,0
0,0,0
0,0,0
0,0,0
0,0,0
0,0,0
0,0,0
0,0,0
0,0,0
0,0,0
0,0,0
0,0,0
0,0,0
0,0,0
0,0,0
0,0,0
0,0,0
0,0,0
0,0,0
0,0,0
0,0,0
0,0,0
0,0,0
0,0,0
0,0,0
0,0,0
0,0,0
0,0,0
0,0,0
0,0,0
0,0,0
0,0,0
0,0,0
0,0,0
0,0,0
0,0,0
0,0,0
0,0,0
0,0,0
0,0,0
0,0,0
0,0,0
0,0,0
0,0,0
0,0,0
0,0,0
0,0,0
0,0,0
0,0,0
0,0,0
0,0,0
0,0,0
0,0,0
0,0,0
0,0,0
0,0,0
0,0,0
0,0,0
0,0,0
0,0,0
0,0,0
0,0,0
0,0,0
0,0,0
0,0,0
0,0,0
0,0,0
0,0,0
0,0,0
0,0,0
0,0,0
0,0,0
0,0,0
0,0,0
0,0,0
0,0,0
0,0,0
0,0,0
0,0,0
0,0,0
0,0,0
0,0,0
0,0,0
0,0,0
0,0,0
0,0,0
0,0,0
0,0,0
0,0,0
0,0,0
0,0,0
0,0,0
0,0,0
0,0,0
0,0,0
0,0,0
0,0,0
0,0,0
0,0,0
0,0,0
0,0,0
0,0,0
0,0,0
0,0,0
0,0,0
0,0,0
0,0,0
0,0,0
0,0,0
0,0,0
0,0,0
0,0,0
0,0,0
0,0,0
0,0,0
0,0,0
0,0,0
0,0,0
0,0,0
0,0,0
0,0,0
0,0,0
0,0,0
0,0,0
0,0,0
0,0,0
0,0,0
0,0,0
0,0,0
0,0,0
0,0,0
0,0,0
0,0,0
0,0,0
0,0,0
0,0,0
0,0,0
0,0,0
0,0,0
0,0,0
0,0,0
0,0,0
0,0,0
0,0,0
0,0,0
0,0,0
0,0,0
0,0,0
0,0,0
0,0,0
0,0,0
0,0,0
0,0,0
0,0,0
0,0,0
0,0,0
0,0,0
0,0,0
0,0,0
0,0,0
0,0,0
0,0,0
0,0,0
0,0,0
0,0,0
0,0,0
0,0,0
0,0,0
0,0,0
0,0,0
0,0,0
0,0,0
0,0,0
0,0,0
0,0,0
0,0,0
0,0,0
0,0,0
0,0,0
0,0,0
0,0,0
0,0,0
0,0,0
0,0,0
0,0,0
0,0,0
0,0,0
0,0,0
0,0,0
0,0,0
0,0,0
0,0,0
0,0,0
0,0,0
0,0,0
0,0,0
0,0,0
0,0,0
0,0,0
0,0,0
0,0,0
0,0,0
0,0,0
0,0,0
0,0,0
0,0,0
0,0,0
0,0,0
0,0,0
0,0,0
0,0,0
0,0,0
0,0,0
0,0,0
0,0,0
0,0,0
0,0,0
0,0,0
0,0,0
0,0,0
0,0,0
0,0,0
0,0,0
0,0,0
0,0,0
0,0,0
0,0,0
0,0,0
0,0,0
0,0,0
0,0,0
0,0,0
0,0,0
0,0,0
0,0,0
0,0,0
0,0,0
0,0,0
0,0,0
0,0,0
0,0,0
0,0,0
0,0,0
0,0,0
0,0,0
0,0,0
0,0,0
0,0,0
0,0,0
0,0,0
0,0,0
0,0,0
0,0,0
0,0,0
0,0,0
0,0,0
0,0,0
0,0,0
0,0,0
0,0,0
0,0,0
0,0,0
0,0,0
0,0,0
0,0,0
0,0,0
0,0,0
0,0,0
0,0,0
0,0,0
0,0,0
0,0,0
0,0,0
0,0,0
0,0,0
0,0,0
0,0,0
0,0,0
0,0,0
0,0,0
0,0,0
0,0,0
0,0,0
0,0,0
0,0,0
0,0,0
0,0,0
0,0,0
0,0,0
0,0,0
0,0,0
0,0,0
0,0,0
0,0,0
0,0,0
0,0,0
0,0,0
0,0,0
0,0,0
0,0,0
0,0,0
0,0,0
0,0,0
0,0,0
0,0,0
0,0,0
0,0,0
0,0,0
0,0,0
0,0,0
0,0,0
0,0,0
0,0,0
0,0,0
0,0,0
0,0,0
0,0,0
0,0,0
0,0,0
0,0,0
0,0,0
0,0,0
0,0,0
0,0,0
0,0,0
0,0,0
0,0,0
0,0,0
0,0,0
0,0,0
0,0,0
0,0,0
0,0,0
0,0,0
0,0,0
0,0,0
0,0,0
0,0,0
0,0,0
0,0,0
0,0,0
0,0,0
0,0,0
0,0,0
0,0,0
0,0,0
0,0,0
0,0,0
0,0,0
0,0,0
0,0,0
0,0,0
0,0,0
0,0,0
0,0,0
0,0,0
0,0,0
0,0,0
0,0,0
0,0,0
0,0,0
0,0,0
0,0,0
0,0,0
0,0,0
0,0,0
0,0,0
0,0,0
0,0,0
0,0,0
0,0,0
0,0,0
0,0,0
0,0,0
0,0,0
0,0,0
0,0,0
0,0,0
0,0,0
0,0,0
0,0,0
0,0,0
0,0,0
0,0,0
0,0,0
0,0,0
0,0,0
0,0,0
0,0,0
0,0,0
0,0,0
0,0,0
0,0,0
0,0,0
0,0,0
0,0,0
0,0,0
0,0,0
0,0,0
0,0,0
0,0,0
0,0,0
0,0,0
0,0,0
0,0,0
0,0,0
0,0,0
0,0,0
0,0,0
0,0,0
0,0,0
0,0,0
0,0,0
0,0,0
0,0,0
0,0,0
0,0,0
0,0,0
0,0,0
0,0,0
0,0,0
0,0,0
1.76589,5.13026,-0.688534
1.78781,5.09221,-0.684683
1.77792,4.96636,-0.668352
1.84812,5.0643,-0.683887
1.89886,5.10581,-0.691455
1.9298,5.09314,-0.691322
0,0,0
1.98418,5.04878,-0.688401
0,0,0
1.99663,4.90288,-0.670875
2.03844,4.91892,-0.674991
2.07013,4.90998,-0.675522
1.39066,3.24302,-0.434402
1.41014,3.23352,-0.434269
1.42915,3.22299,-0.434003
1.4489,3.21416,-0.434003
1.47396,3.21692,-0.435729
1.49535,3.21141,-0.436261
1.73507,3.66714,-0.505171
2.28536,4.75425,-0.668352
2.32102,4.7535,-0.670344
2.3541,4.74716,-0.671538
2.37784,4.722,-0.669945
2.47355,4.83793,-0.689596
2.49954,4.81562,-0.688534
2.51795,4.77915,-0.685347
1.75399,3.28043,-0.460027
1.77503,3.27135,-0.460293
1.79555,3.26126,-0.460426
1.81698,3.25278,-0.460824
1.83837,3.24416,-0.461222
1.85923,3.23453,-0.461488
2.76877,4.74882,-0.698094
2.79684,4.73003,-0.697828
2.83295,4.72468,-0.699687
2.86498,4.71229,-0.700484
2.86627,4.64991,-0.693446
2.88477,4.61627,-0.690924
2.90349,4.58341,-0.688534
2.92567,4.55633,-0.687073
2.95465,4.53996,-0.687339
3.0152,4.57138,-0.695305
3.05641,4.57257,-0.698492
3.11054,4.5923,-0.704732
3.06181,4.46118,-0.686542
3.1378,4.51228,-0.697961
3.14202,4.45973,-0.692517
3.15665,4.42262,-0.689596
3.18663,4.40718,-0.69026
3.16793,4.32518,-0.679903
3.19027,4.30009,-0.678974
3.20409,4.26379,-0.676186
3.38388,4.44595,-0.710176
3.38508,4.39135,-0.704467
3.4083,4.36581,-0.70367
3.4258,4.33315,-0.701679
3.45666,4.31746,-0.702608
3.40818,4.20379,-0.686675
3.44837,4.20042,-0.689729
3.47028,4.1746,-0.688932
3.52647,4.18963,-0.695305
3.60933,4.23504,-0.707122
3.61647,4.19106,-0.703272
3.61864,4.14192,-0.698492
3.61837,4.09069,-0.693314
3.71218,4.14519,-0.707122
3.73222,4.11646,-0.70606
3.74266,4.07742,-0.703139
3.75479,4.04059,-0.700616
3.80464,4.04418,-0.705529
3.72547,3.91167,-0.685347
3.82164,3.96365,-0.699289
3.76904,3.86141,-0.68455
3.82262,3.86852,-0.69026
3.9928,3.99143,-0.71801
3.8557,3.80739,-0.687604
3.77255,3.67986,-0.667688
4.02776,3.88082,-0.710973
4.0077,3.81435,-0.702873
3.11097,2.92484,-0.533718
3.18188,2.95493,-0.54341
4.06262,3.72654,-0.700218
4.17208,3.78006,-0.715885
4.17747,3.73853,-0.712699
4.23375,3.74236,-0.718674
3.76756,3.28938,-0.631706
3.70285,3.19307,-0.616702
3.71785,3.16643,-0.615906
4.2644,3.58694,-0.708184
4.19407,3.48408,-0.692119
3.928,3.22255,-0.642328
3.91458,3.17157,-0.636619
4.28458,3.42796,-0.696766
4.37397,3.45567,-0.70845
4.36383,3.40438,-0.703139
4.49771,3.46463,-0.722259
4.49049,3.41537,-0.717479
4.42496,3.32289,-0.703006
4.47632,3.31869,-0.708184
4.53899,3.32219,-0.715222
4.6075,3.3291,-0.723188
4.58991,3.27372,-0.716948
4.68286,3.29684,-0.728897
4.66474,3.24146,-0.722657
4.69272,3.21838,-0.723985
4.71402,3.19064,-0.72425
4.73351,3.16166,-0.72425
4.74619,3.12819,-0.723188
4.78192,3.10981,-0.725844
4.80675,3.08416,-0.726773
4.70331,2.97722,-0.707388
4.76521,2.9756,-0.714292
4.80616,2.96034,-0.717877
4.83779,2.93903,-0.720002
4.90505,2.93883,-0.727702
4.96992,2.9364,-0.735005
5.01354,2.92082,-0.738988
5.02449,2.88605,-0.737926
5.02313,2.84442,-0.735005
5.05953,2.82418,-0.737926
5.08805,2.79929,-0.739652
5.1609,2.79825,-0.74815
5.23305,2.79595,-0.756515
5.31325,2.79703,-0.766075
5.38751,2.79403,-0.774705
5.45928,2.78887,-0.782937
5.52587,2.78026,-0.790372
5.60233,2.77578,-0.799268
5.67181,2.76699,-0.807102
5.74676,2.76003,-0.815733
5.81556,2.74928,-0.823434
5.87276,2.73236,-0.829408
5.93087,2.71525,-0.835516
5.93748,2.67433,-0.834056
5.94743,2.63504,-0.833126
6.00892,2.61829,-0.839765
6.03672,2.58644,-0.841491
6.08719,2.56397,-0.846536
6.03595,2.4989,-0.836844
6.09891,2.48124,-0.843748
6.12138,2.44671,-0.84481
6.16119,2.41888,-0.848395
6.18147,2.38317,-0.849192
6.19875,2.34625,-0.84959
6.21211,2.30783,-0.849458
6.2187,2.26695,-0.848395
6.22969,2.22775,-0.847997
6.24418,2.18981,-0.84813
6.26312,2.15339,-0.848926
6.26682,2.11175,-0.847599
6.27684,2.07233,-0.8472
6.28472,2.03225,-0.846536
6.29046,1.99156,-0.845607
6.28647,1.94794,-0.84335
6.2964,1.90875,-0.843084
6.3156,1.87234,-0.844146
6.31554,1.83024,-0.842553
6.32761,1.79172,-0.842686
6.33466,1.75181,-0.842155
6.34816,1.71368,-0.842553
6.35472,1.67369,-0.842022
6.36295,1.63417,-0.841757
6.37382,1.59534,-0.841889
6.38349,1.5562,-0.841889
6.3881,1.51586,-0.841225
6.38376,1.47351,-0.839367
6.39945,1.43583,-0.840296
5.18695,1.13048,-0.672866
5.19282,1.09843,-0.672733
5.17907,1.06236,-0.669945
6.42498,1.2768,-0.839234
6.41615,1.23418,-0.836977
6.40606,1.19152,-0.834587
6.43666,1.1564,-0.837773
6.45633,1.11908,-0.839499
6.46015,1.07896,-0.839101
6.46077,1.03835,-0.838304
6.45919,0.997482,-0.837242
6.46519,0.95783,-0.837242
6.47192,0.918282,-0.837375
6.45976,0.876157,-0.834985
6.47091,0.837266,-0.835782
6.47494,0.797425,-0.835649
6.46002,0.755379,-0.832993
6.47537,0.716926,-0.834454
6.50725,0.680064,-0.838172
6.50242,0.639251,-0.836977
6.51609,0.600249,-0.838304
6.49398,0.558051,-0.834852
6.48542,0.517249,-0.833259
6.47958,0.476792,-0.832064
6.48041,0.436892,-0.831798
6.4889,0.397484,-0.832595
6.50804,0.358587,-0.834852
6.49527,0.317922,-0.832861
6.4872,0.277638,-0.831533
6.48481,0.237683,-0.831002
6.47228,0.197467,-0.829143
6.47833,0.15787,-0.829807
6.47917,0.118117,-0.829807
6.48176,0.0783831,-0.830072
6.47121,0.038546,-0.828612
6.46538,-0.00115989,-0.827815
6.48012,-0.0409255,-0.829807
6.46191,-0.0804628,-0.827417
6.45832,-0.120055,-0.827018
6.45746,-0.159681,-0.827018
6.44645,-0.198993,-0.825691
6.44412,-0.238508,-0.825558
6.46531,-0.279028,-0.828612
6.44368,-0.317716,-0.825956
6.4327,-0.356753,-0.824761
6.43039,-0.396216,-0.824761
6.42883,-0.435732,-0.824894
6.42406,-0.475024,-0.824628
6.40422,-0.513086,-0.822371
6.4049,-0.552713,-0.822902
6.40731,-0.59255,-0.823699
6.41737,-0.633217,-0.825558
6.40942,-0.672167,-0.825027
6.40222,-0.711154,-0.824628
6.39872,-0.750539,-0.824761
6.39694,-0.790152,-0.82516
6.36642,-0.82607,-0.821707
6.39757,-0.870062,-0.82662
6.38917,-0.908882,-0.826222
6.35112,-0.943261,-0.82184
6.36382,-0.985095,-0.824363
6.36157,-1.02475,-0.824894
6.35907,-1.06442,-0.825425
6.38757,-1.10953,-0.830205
6.35724,-1.14449,-0.827018
6.34912,-1.18329,-0.826886
6.3466,-1.22316,-0.82755
6.32246,-1.25879,-0.825292
6.28355,-1.29118,-0.821044
6.28035,-1.33074,-0.821707
6.27885,-1.37073,-0.822637
6.28289,-1.41205,-0.824363
6.27604,-1.45102,-0.824628
6.26412,-1.48882,-0.82423
6.25583,-1.52746,-0.824363
6.22519,-1.56051,-0.821442
6.21838,-1.59942,-0.82184
6.2257,-1.6421,-0.82423
6.15236,-1.66319,-0.815467
5.24704,-1.453,-0.691056
5.23135,-1.48327,-0.690127
6.20923,-1.80185,-0.827815
6.161,-1.82891,-0.822637
6.16483,-1.87129,-0.824761
6.15797,-1.91055,-0.825425
6.14046,-1.9465,-0.824628
6.11332,-1.97925,-0.822504
6.102,-2.01704,-0.822637
6.08481,-2.05286,-0.821973
6.06835,-2.08886,-0.821442
6.06945,-2.13099,-0.823434
6.03386,-2.16017,-0.820247
6.03725,-2.20327,-0.822637
6.01805,-2.2382,-0.82184
5.99864,-2.27297,-0.821044
5.97626,-2.30652,-0.819849
5.96199,-2.34315,-0.819849
5.93646,-2.37527,-0.818255
5.92453,-2.41277,-0.818654
5.90229,-2.44604,-0.817591
5.89082,-2.48375,-0.818123
5.87365,-2.51907,-0.817857
5.86353,-2.55744,-0.818654
5.84773,-2.59337,-0.818654
5.82357,-2.62554,-0.817459
5.79835,-2.65709,-0.816131
5.78014,-2.69178,-0.815865
5.76889,-2.72974,-0.816662
5.76632,-2.77196,-0.818786
5.75633,-2.81077,-0.819849
5.74164,-2.84736,-0.820247
5.70901,-2.87495,-0.81799
5.67802,-2.90316,-0.815998
5.65219,-2.93383,-0.814803
5.64109,-2.97216,-0.815865
5.62275,-3.00671,-0.815865
5.57893,-3.02745,-0.812015
5.56807,-3.06592,-0.81321
5.58376,-3.11937,-0.818521
5.55762,-3.14966,-0.817459
5.52358,-3.17531,-0.815201
5.50399,-3.20914,-0.815201
5.49273,-3.24789,-0.816529
5.48205,-3.28714,-0.81799
5.44314,-3.30939,-0.815069
5.41767,-3.3396,-0.814272
5.40464,-3.37751,-0.815467
5.38549,-3.41167,-0.815733
5.36029,-3.44197,-0.815069
5.32993,-3.46885,-0.813608
5.32095,-3.50968,-0.8156
5.31085,-3.54997,-0.817459
5.28979,-3.58305,-0.817591
5.2628,-3.61207,-0.816795
5.24217,-3.64543,-0.81706
5.21079,-3.67124,-0.8156
5.19059,-3.70488,-0.815998
5.16695,-3.73607,-0.815865
5.13753,-3.76302,-0.814803
5.11435,-3.79447,-0.814803
5.09414,-3.82817,-0.815334
5.06109,-3.85215,-0.813741
5.04207,-3.88676,-0.814538
5.02594,-3.92372,-0.815865
5.00332,-3.95572,-0.816131
4.96967,-3.97891,-0.814538
4.9367,-4.00246,-0.813077
4.91204,-4.03268,-0.813077
4.89407,-4.06844,-0.814272
4.86674,-4.09648,-0.813874
4.83246,-4.11855,-0.81228
4.8146,-4.1546,-0.813608
4.78752,-4.18276,-0.813343
4.764,-4.21403,-0.813741
4.73067,-4.23657,-0.812413
4.69357,-4.25553,-0.810422
4.66883,-4.28559,-0.810687
4.65406,-4.32495,-0.812811
4.62455,-4.35071,-0.81228
4.59346,-4.3749,-0.811484
4.57795,-4.41401,-0.813608
4.55645,-4.44756,-0.81467
4.52907,-4.47543,-0.81467
4.48051,-4.4821,-0.810687
4.46755,-4.52432,-0.813475
4.4397,-4.55165,-0.813475
4.40825,-4.57524,-0.812811
4.38146,-4.60364,-0.813077
4.35924,-4.63693,-0.814272
4.33678,-4.67013,-0.815467
4.30737,-4.69592,-0.815334
4.28513,-4.72961,-0.816662
4.25999,-4.76024,-0.817459
4.22152,-4.7759,-0.8156
4.19604,-4.80619,-0.816396
4.16583,-4.83109,-0.816264
4.1361,-4.85656,-0.816264
4.1075,-4.88337,-0.816529
4.0705,-4.90009,-0.815069
4.04601,-4.93187,-0.816264
4.01754,-4.95892,-0.816662
3.97218,-4.9649,-0.813475
3.94164,-4.98918,-0.813475
3.92376,-5.02968,-0.816264
3.89403,-5.05523,-0.816529
3.86534,-5.08219,-0.81706
3.83468,-5.1066,-0.817193
3.79914,-5.12446,-0.816264
3.76938,-5.15008,-0.816662
3.7441,-5.18194,-0.818123
3.70475,-5.19433,-0.816396
3.67395,-5.21859,-0.816662
3.64525,-5.24591,-0.817459
3.61412,-5.26982,-0.817724
3.57838,-5.28697,-0.816927
3.55303,-5.31954,-0.818654
3.52087,-5.34207,-0.818786
3.481,-5.35277,-0.81706
3.4513,-5.37903,-0.817857
3.42088,-5.4043,-0.818521
3.38346,-5.41846,-0.817459
3.35794,-5.45178,-0.81945
3.32957,-5.48075,-0.820778
3.28926,-5.49002,-0.819052
3.24644,-5.49474,-0.816662
3.21515,-5.51884,-0.817326
3.18567,-5.5462,-0.818521
3.15061,-5.56392,-0.818255
3.11544,-5.58141,-0.81799
3.08161,-5.60129,-0.818123
3.04199,-5.61051,-0.816662
3.01731,-5.64743,-0.81945
2.98953,-5.67899,-0.821442
2.9528,-5.69371,-0.820911
2.91646,-5.70907,-0.820512
2.88761,-5.73925,-0.822371
2.84794,-5.74798,-0.821044
2.80697,-5.75377,-0.819317
2.7699,-5.76731,-0.818786
2.74166,-5.79943,-0.821044
2.70644,-5.81704,-0.821176
2.66574,-5.82273,-0.819583
2.62508,-5.82813,-0.81799
2.58847,-5.84231,-0.817724
2.55851,-5.87172,-0.819716
2.52165,-5.88548,-0.81945
2.48665,-5.90358,-0.819849
2.45341,-5.92606,-0.820911
2.41626,-5.93916,-0.820645
2.38087,-5.95664,-0.821044
2.33848,-5.95637,-0.818919
2.29583,-5.95489,-0.816662
2.2582,-5.96608,-0.816264
2.22086,-5.97797,-0.815998
2.19635,-6.025,-0.820778
2.15367,-6.0225,-0.818521
2.12488,-6.05899,-0.82184
2.08057,-6.05129,-0.818919
2.06239,-6.1203,-0.826886
1.94619,-5.89471,-0.793293
1.65784,-5.12661,-0.683488
1.61977,-5.1159,-0.680567
1.89016,-6.09996,-0.817193
1.85614,-6.12282,-0.818786
1.81431,-6.11984,-0.816795
1.78004,-6.14228,-0.818388
1.73719,-6.13497,-0.815865
1.69951,-6.14551,-0.815865
1.65996,-6.14913,-0.814936
1.62397,-6.1659,-0.815865
1.58808,-6.18343,-0.816927
1.55227,-6.20171,-0.818123
1.51442,-6.21208,-0.818255
1.47834,-6.22994,-0.81945
1.43741,-6.2273,-0.817857
1.40373,-6.25632,-0.820645
0,0,0
0,0,0
0,0,0
0,0,0
0,0,0
0,0,0
0,0,0
0,0,0
0,0,0
0,0,0
0,0,0
0,0,0
0,0,0
0,0,0
0,0,0
0,0,0
0,0,0
0,0,0
0,0,0
0,0,0
0,0,0
0,0,0
0,0,0
0,0,0
0,0,0
0,0,0
0,0,0
0,0,0
0,0,0
0,0,0
0,0,0
0,0,0
0,0,0
0,0,0
0,0,0
0,0,0
0,0,0
0,0,0
0,0,0
0,0,0
0,0,0
0,0,0
0,0,0
0,0,0
0,0,0
0,0,0
0,0,0
0,0,0
0,0,0
0,0,0
0,0,0
0,0,0
0,0,0
0,0,0
0,0,0
0,0,0
0,0,0
0,0,0
0,0,0
0,0,0
0,0,0
0,0,0
0,0,0
0,0,0
0,0,0
0,0,0
0,0,0
0,0,0
0,0,0
0,0,0
0,0,0
0,0,0
0,0,0
0,0,0
0,0,0
0,0,0
0,0,0
0,0,0
0,0,0
0,0,0
0,0,0
0,0,0
0,0,0
0,0,0
0,0,0
0,0,0
0,0,0
0,0,0
0,0,0
0,0,0
0,0,0
0,0,0
0,0,0
0,0,0
0,0,0
0,0,0
0,0,0
0,0,0
0,0,0
0,0,0
0,0,0
0,0,0
0,0,0
0,0,0
0,0,0
0,0,0
0,0,0
0,0,0
0,0,0
0,0,0
0,0,0
0,0,0
0,0,0
0,0,0
0,0,0
0,0,0
0,0,0
0,0,0
0,0,0
0,0,0
0,0,0
0,0,0
0,0,0
0,0,0
0,0,0
0,0,0
0,0,0
0,0,0
0,0,0
0,0,0
0,0,0
0,0,0
0,0,0
0,0,0
0,0,0
0,0,0
0,0,0
0,0,0
0,0,0
0,0,0
0,0,0
0,0,0
0,0,0
0,0,0
0,0,0
0,0,0
0,0,0
0,0,0
0,0,0
0,0,0
0,0,0
0,0,0
0,0,0
0,0,0
0,0,0
0,0,0
0,0,0
0,0,0
0,0,0
0,0,0
0,0,0
0,0,0
0,0,0
0,0,0
0,0,0
0,0,0
0,0,0
0,0,0
0,0,0
0,0,0
0,0,0
0,0,0
0,0,0
0,0,0
0,0,0
0,0,0
0,0,0
0,0,0
0,0,0
0,0,0
0,0,0
0,0,0
0,0,0
0,0,0
0,0,0
0,0,0
0,0,0
0,0,0
0,0,0
0,0,0
0,0,0
0,0,0
0,0,0
0,0,0
0,0,0
0,0,0
0,0,0
0,0,0
0,0,0
0,0,0
0,0,0
0,0,0
0,0,0
0,0,0
0,0,0
0,0,0
0,0,0
0,0,0
0,0,0
0,0,0
0,0,0
0,0,0
0,0,0
0,0,0
0,0,0
0,0,0
0,0,0
0,0,0
0,0,0
0,0,0
0,0,0
0,0,0
0,0,0
0,0,0
0,0,0
0,0,0
0,0,0
0,0,0
0,0,0
0,0,0
0,0,0
0,0,0
0,0,0
0,0,0
0,0,0
0,0,0
0,0,0
0,0,0
0,0,0
0,0,0
0,0,0
0,0,0
0,0,0
0,0,0
0,0,0
0,0,0
0,0,0
0,0,0
0,0,0
0,0,0
0,0,0
0,0,0
0,0,0
0,0,0
0,0,0
0,0,0
0,0,0
0,0,0
0,0,0
0,0,0
0,0,0
0,0,0
0,0,0
0,0,0
0,0,0
0,0,0
0,0,0
0,0,0
0,0,0
0,0,0
0,0,0
0,0,0
0,0,0
0,0,0
0,0,0
0,0,0
0,0,0
0,0,0
0,0,0
0,0,0
0,0,0
0,0,0
0,0,0
0,0,0
0,0,0
0,0,0
0,0,0
0,0,0
0,0,0
0,0,0
0,0,0
0,0,0
0,0,0
0,0,0
0,0,0
0,0,0
0,0,0
0,0,0
0,0,0
0,0,0
0,0,0
0,0,0
0,0,0
0,0,0
0,0,0
0,0,0
0,0,0
0,0,0
0,0,0
0,0,0
0,0,0
0,0,0
0,0,0
0,0,0
0,0,0
0,0,0
0,0,0
0,0,0
0,0,0
0,0,0
0,0,0
0,0,0
0,0,0
0,0,0
0,0,0
0,0,0
0,0,0
0,0,0
0,0,0
0,0,0
0,0,0
0,0,0
0,0,0
0,0,0
0,0,0
0,0,0
0,0,0
0,0,0
0,0,0
0,0,0
0,0,0
0,0,0
0,0,0
0,0,0
0,0,0
0,0,0
0,0,0
0,0,0
0,0,0
0,0,0
0,0,0
0,0,0
0,0,0
0,0,0
0,0,0
0,0,0
0,0,0
0,0,0
0,0,0
0,0,0
0,0,0
0,0,0
0,0,0
0,0,0
0,0,0
0,0,0
0,0,0
0,0,0
0,0,0
0,0,0
0,0,0
0,0,0
0,0,0
0,0,0
0,0,0
0,0,0
0,0,0
0,0,0
0,0,0
0,0,0
0,0,0
0,0,0
0,0,0
0,0,0
0,0,0
0,0,0
0,0,0
0,0,0
0,0,0
0,0,0
0,0,0
0,0,0
0,0,0
0,0,0
0,0,0
0,0,0
0,0,0
0,0,0
0,0,0
0,0,0
0,0,0
0,0,0
0,0,0
0,0,0
0,0,0
0,0,0
0,0,0
0,0,0
0,0,0
0,0,0
0,0,0
0,0,0
0,0,0
0,0,0
0,0,0
0,0,0
0,0,0
0,0,0
0,0,0
0,0,0
0,0,0
0,0,0
0,0,0
0,0,0
0,0,0
0,0,0
0,0,0
0,0,0
0,0,0
0,0,0
0,0,0
0,0,0
0,0,0
0,0,0
0,0,0
0,0,0
0,0,0
0,0,0
0,0,0
0,0,0
0,0,0
0,0,0
0,0,0
0,0,0
0,0,0
0,0,0
0,0,0
0,0,0
0,0,0
0,0,0
0,0,0
0,0,0
0,0,0
0,0,0
0,0,0
0,0,0
0,0,0
0,0,0
0,0,0
0,0,0
0,0,0
0,0,0
0,0,0
0,0,0
0,0,0
0,0,0
0,0,0
0,0,0
0,0,0
0,0,0
0,0,0
0,0,0
0,0,0
0,0,0
0,0,0
0,0,0
0,0,0
0,0,0
0,0,0
0,0,0
0,0,0
0,0,0
0,0,0
0,0,0
0,0,0
0,0,0
0,0,0
0,0,0
0,0,0
0,0,0
0,0,0
0,0,0
0,0,0
0,0,0
0,0,0
0,0,0
0,0,0
0,0,0
0,0,0
0,0,0
0,0,0
0,0,0
0,0,0
0,0,0
0,0,0
0,0,0
0,0,0
0,0,0
0,0,0
0,0,0
0,0,0
0,0,0
0,0,0
0,0,0
0,0,0
0,0,0
0,0,0
0,0,0
0,0,0
0,0,0
0,0,0
0,0,0
0,0,0
0,0,0
0,0,0
0,0,0
0,0,0
0,0,0
0,0,0
0,0,0
0,0,0
0,0,0
0,0,0
0,0,0
0,0,0
0,0,0
0,0,0
0,0,0
0,0,0
0,0,0
0,0,0
0,0,0
0,0,0
0,0,0
0,0,0
0,0,0
0,0,0
0,0,0
0,0,0
0,0,0
0,0,0
0,0,0
0,0,0
0,0,0
0,0,0
0,0,0
0,0,0
0,0,0
0,0,0
0,0,0
0,0,0
0,0,0
0,0,0
0,0,0
0,0,0
0,0,0
0,0,0
0,0,0
0,0,0
0,0,0
0,0,0
0,0,0
0,0,0
0,0,0
0,0,0
0,0,0
0,0,0
0,0,0
0,0,0
0,0,0
0,0,0
0,0,0
0,0,0
0,0,0
0,0,0
0,0,0
0,0,0
0,0,0
0,0,0
0,0,0
0,0,0
0,0,0
0,0,0
0,0,0
0,0,0
0,0,0
0,0,0
0,0,0
0,0,0
0,0,0
0,0,0
0,0,0
0,0,0
0,0,0
0,0,0
0,0,0
0,0,0
0,0,0
0,0,0
0,0,0
1.44125,4.84529,-0.702572
1.46922,4.83067,-0.701702
1.49209,4.79983,-0.698366
1.51433,4.76795,-0.694885
1.53562,4.7341,-0.691114
1.55407,4.69265,-0.686182
1.58379,4.68584,-0.686617
1.62314,4.7069,-0.691404
1.66741,4.74073,-0.698221
1.70181,4.74531,-0.700542
1.7438,4.77009,-0.706054
1.73713,4.66287,-0.690969
1.78536,4.70393,-0.699091
1.57031,4.06159,-0.599879
1.8444,4.68535,-0.699672
1.87459,4.67762,-0.700252
1.88682,4.62572,-0.69387
1.92426,4.63598,-0.697351
1.94729,4.61133,-0.69532
1.38505,3.22368,-0.475864
1.4056,3.21693,-0.476154
1.42651,3.21096,-0.476589
1.44334,3.19583,-0.475574
1.46746,3.19681,-0.477169
1.52884,3.27742,-0.491674
2.15112,4.53956,-0.697931
2.18665,4.54232,-0.700542
2.20623,4.51193,-0.697786
2.23563,4.50185,-0.698366
2.2788,4.51898,-0.703443
2.29612,4.48465,-0.700107
2.3391,4.50033,-0.705038
2.37128,4.49464,-0.706489
1.76157,3.28924,-0.5085
1.78124,3.2775,-0.508355
1.8018,3.26737,-0.5085
1.82036,3.25366,-0.508064
1.83834,3.23899,-0.507484
1.85571,3.22336,-0.506759
2.53217,4.3374,-0.697786
2.56428,4.33115,-0.699381
2.60659,4.34164,-0.703878
2.62083,4.30528,-0.700397
2.65084,4.29501,-0.701412
2.69026,4.29963,-0.705038
2.72559,4.29725,-0.707504
2.75619,4.28711,-0.708664
2.79864,4.29499,-0.713016
2.83312,4.29012,-0.715192
2.87314,4.29322,-0.718818
2.90387,4.28206,-0.719978
2.94185,4.28129,-0.723024
2.92568,4.20225,-0.712146
2.95027,4.1826,-0.711855
2.9684,4.15395,-0.70997
2.98862,4.12844,-0.708664
3.01682,4.11402,-0.70939
2.99187,4.0279,-0.697061
3.01355,4.00552,-0.696335
3.05546,4.00978,-0.700542
3.12654,4.05128,-0.71171
3.13489,4.01096,-0.707794
3.17786,4.01493,-0.712146
3.1913,3.98146,-0.709535
3.12653,3.85193,-0.688793
3.14257,3.8235,-0.687052
3.25835,3.9152,-0.708229
3.28231,3.89513,-0.708229
3.31321,3.8832,-0.709825
3.29365,3.81262,-0.700107
3.30266,3.77595,-0.696916
3.35331,3.78673,-0.703008
3.42138,3.81619,-0.712871
3.4454,3.79586,-0.713016
3.44787,3.75206,-0.708519
3.4486,3.70692,-0.703733
3.46856,3.68281,-0.703153
3.48632,3.65644,-0.702137
3.52243,3.64922,-0.705038
3.56618,3.64948,-0.709535
3.59616,3.63527,-0.71113
3.6093,3.60405,-0.709245
3.64191,3.59226,-0.71142
3.6986,3.60369,-0.718528
3.75771,3.61661,-0.72607
3.06505,2.91364,-0.581458
3.07782,2.89004,-0.580443
3.07519,2.85225,-0.576382
3.77969,3.46313,-0.713016
3.87128,3.50363,-0.72694
3.91704,3.50157,-0.731727
3.94512,3.48337,-0.733032
3.66373,3.195,-0.674143
3.67427,3.16471,-0.672403
3.69061,3.13954,-0.671822
4.03169,3.38741,-0.733467
4.06002,3.36893,-0.734918
3.89085,3.18838,-0.698946
3.89112,3.14888,-0.69532
3.90573,3.12124,-0.69445
3.98538,3.14504,-0.705763
4.07795,3.17771,-0.719398
4.106,3.15927,-0.720993
4.18202,3.17712,-0.731437
4.22676,3.17041,-0.736078
4.22388,3.12792,-0.732017
4.24379,3.10253,-0.732162
4.30446,3.10655,-0.739704
4.29846,3.06227,-0.735208
4.30422,3.02673,-0.732887
4.32109,2.99914,-0.732597
4.31248,2.95411,-0.727811
4.35429,2.94367,-0.732017
4.45374,2.97127,-0.746377
4.47519,2.94607,-0.746957
4.4517,2.8916,-0.739704
4.49185,2.87865,-0.743621
4.48602,2.83622,-0.739559
4.51425,2.81545,-0.741445
4.57778,2.81622,-0.749423
4.65164,2.82248,-0.759141
4.6884,2.80557,-0.762477
4.75579,2.80643,-0.771035
4.81397,2.80109,-0.777997
4.88427,2.80204,-0.78699
4.94098,2.79443,-0.793662
5.00297,2.78912,-0.801204
5.05207,2.77601,-0.806571
5.11511,2.76994,-0.814259
5.18962,2.76925,-0.823832
5.27482,2.77329,-0.835145
5.32336,2.75726,-0.840367
5.40803,2.75918,-0.851536
5.42663,2.72683,-0.851826
5.47695,2.71016,-0.857338
5.50682,2.68301,-0.859513
5.52318,2.64917,-0.859513
5.51518,2.60382,-0.855597
5.52118,2.56534,-0.854002
5.55931,2.54171,-0.857628
5.60548,2.52135,-0.862559
5.60456,2.4797,-0.859948
5.60062,2.43697,-0.856902
5.60182,2.39672,-0.854727
5.61095,2.36,-0.853856
5.61984,2.32326,-0.852986
5.64957,2.29507,-0.855452
5.65252,2.25596,-0.853711
5.66994,2.22268,-0.854292
5.69917,2.19389,-0.856757
5.70234,2.15503,-0.855162
5.70618,2.11656,-0.853711
5.7172,2.08083,-0.853421
5.7252,2.04404,-0.852696
5.75538,2.01509,-0.855452
5.76951,1.98038,-0.855742
5.77311,1.9421,-0.854437
5.77928,1.90478,-0.853566
5.78709,1.86807,-0.852986
5.79656,1.83193,-0.852696
5.81053,1.79721,-0.853131
5.8186,1.76066,-0.852696
5.81791,1.72155,-0.850955
5.84452,1.6905,-0.853421
5.85383,1.65434,-0.853276
5.85911,1.61707,-0.852551
5.86319,1.57954,-0.851681
5.8498,1.5375,-0.8482
5.86104,1.50207,-0.84849
5.88359,1.46943,-0.85052
5.88769,1.43214,-0.849795
5.86459,1.38845,-0.845009
5.88939,1.35622,-0.847474
5.20728,1.1654,-0.743766
5.15439,1.12039,-0.734773
5.15729,1.08792,-0.734193
5.19295,1.06221,-0.738544
5.96219,1.18167,-0.852551
5.9324,1.13797,-0.847039
5.94219,1.10209,-0.847474
5.95274,1.06631,-0.848055
5.95917,1.02976,-0.848055
5.96635,0.993341,-0.8482
5.94694,0.952639,-0.844428
5.94387,0.914775,-0.843123
5.95524,0.879155,-0.843993
5.95954,0.84246,-0.843848
5.97245,0.806938,-0.845009
5.96355,0.768503,-0.842978
5.97993,0.733345,-0.844719
5.96958,0.69492,-0.842543
5.98947,0.660015,-0.844864
5.98356,0.622227,-0.843413
5.97939,0.584729,-0.842253
5.9671,0.546582,-0.839932
5.99203,0.511815,-0.843123
6.00887,0.476136,-0.845154
6.01858,0.439763,-0.846169
6.01919,0.402693,-0.845879
6.00377,0.364669,-0.843268
6.00491,0.32777,-0.843123
6.00681,0.290918,-0.843123
5.99662,0.253552,-0.841382
5.99312,0.216573,-0.840657
5.99829,0.179915,-0.841237
6.0062,0.143273,-0.842253
6.04852,0.107161,-0.848345
6.03719,0.0699065,-0.846604
5.98507,0.0325662,-0.838917
5.97724,-0.00415412,-0.837756
5.97215,-0.0407969,-0.837031
5.96981,-0.0774153,-0.836741
5.97318,-0.114119,-0.837321
5.96742,-0.150643,-0.836596
5.99012,-0.187996,-0.840077
5.97402,-0.224194,-0.837901
5.97352,-0.260888,-0.838046
5.9728,-0.297585,-0.838191
5.98074,-0.334779,-0.839642
5.96672,-0.370736,-0.837901
5.98704,-0.408886,-0.841237
5.96172,-0.443929,-0.837901
5.95593,-0.480263,-0.837466
5.9509,-0.516628,-0.837176
5.96732,-0.554961,-0.840077
5.94411,-0.589616,-0.837176
5.96892,-0.629079,-0.841382
5.93249,-0.662077,-0.836596
5.96664,-0.702973,-0.842253
5.94749,-0.737746,-0.840077
5.96051,-0.776523,-0.842688
5.94093,-0.811077,-0.840512
5.9329,-0.847095,-0.840077
5.91683,-0.881881,-0.838481
5.94455,-0.923326,-0.843413
5.90947,-0.955053,-0.839062
5.88203,-0.987695,-0.835871
5.91485,-1.03055,-0.841672
5.8831,-1.06226,-0.837901
5.87744,-1.09852,-0.838046
5.85019,-1.13062,-0.835
5.87128,-1.17211,-0.839207
5.82909,-1.20093,-0.833985
5.80516,-1.23319,-0.831519
5.78685,-1.26646,-0.829924
5.78476,-1.30324,-0.830794
5.76605,-1.33626,-0.829198
5.75486,-1.37093,-0.828763
5.79247,-1.41749,-0.835726
5.74048,-1.44217,-0.829198
5.76506,-1.486,-0.834275
5.70896,-1.50897,-0.827168
5.2765,-1.42945,-0.762912
5.25333,-1.45783,-0.760736
5.24809,-1.49112,-0.761316
5.26355,-1.53047,-0.765088
5.67326,-1.68732,-0.829198
5.66564,-1.72297,-0.829634
5.61528,-1.74537,-0.823542
5.65822,-1.79685,-0.831809
5.61791,-1.82208,-0.827313
5.63762,-1.86677,-0.832099
5.61481,-1.89753,-0.830359
5.63674,-1.94355,-0.835581
5.57897,-1.96202,-0.828473
5.57055,-1.99755,-0.829053
5.56469,-2.03407,-0.830069
5.55674,-2.06991,-0.830794
5.54301,-2.10361,-0.830649
5.51431,-2.13152,-0.828183
5.51034,-2.16894,-0.829634
5.50795,-2.20712,-0.831374
5.47597,-2.23341,-0.828473
5.47313,-2.27152,-0.830214
5.4518,-2.30198,-0.829053
5.44212,-2.33734,-0.829779
5.39685,-2.35723,-0.824847
5.4067,-2.40113,-0.828763
5.38465,-2.43101,-0.827603
5.35614,-2.45781,-0.825427
5.34275,-2.49147,-0.825717
5.32021,-2.52082,-0.824557
5.31177,-2.55685,-0.825717
5.27999,-2.58157,-0.823106
5.27823,-2.62096,-0.825427
5.23996,-2.64216,-0.821801
5.21836,-2.67156,-0.820931
5.21855,-2.71219,-0.823687
5.19744,-2.74186,-0.822961
5.18749,-2.77743,-0.824122
5.17731,-2.81299,-0.825282
5.13482,-2.83085,-0.821076
5.13981,-2.87486,-0.824847
5.10142,-2.89463,-0.821366
5.07841,-2.92291,-0.820496
5.07919,-2.96499,-0.823687
5.08644,-3.01122,-0.828038
5.06193,-3.03881,-0.827023
5.04742,-3.07238,-0.827748
5.02173,-3.09914,-0.826588
5.00933,-3.13409,-0.827748
4.99586,-3.16847,-0.828763
4.96051,-3.1889,-0.826007
4.92758,-3.21064,-0.823687
4.91935,-3.24845,-0.825717
4.90097,-3.27967,-0.826007
4.84717,-3.28692,-0.82006
4.84323,-3.3278,-0.822961
4.83734,-3.36763,-0.825572
4.81335,-3.39497,-0.824992
4.78437,-3.41869,-0.823542
4.79457,-3.4706,-0.829198
4.73727,-3.47363,-0.822671
4.70078,-3.49143,-0.819915
4.71327,-3.54578,-0.826153
4.693,-3.57583,-0.826443
4.65295,-3.59066,-0.823106
4.62303,-3.61305,-0.821656
4.59845,-3.63951,-0.821221
4.59997,-3.68683,-0.825717
4.56727,-3.70688,-0.823832
4.54138,-3.73232,-0.823252
4.51535,-3.75759,-0.822671
4.49448,-3.78714,-0.823106
4.48019,-3.82235,-0.824847
4.45815,-3.85106,-0.825137
4.41954,-3.86532,-0.822236
4.41056,-3.90548,-0.825137
4.39609,-3.94105,-0.827023
4.3579,-3.95532,-0.824267
4.32918,-3.97797,-0.823397
4.30397,-4.00378,-0.823252
4.30021,-4.04978,-0.827458
4.27456,-4.07541,-0.827313
4.25589,-4.10774,-0.828618
4.22069,-4.1241,-0.826588
4.18405,-4.13879,-0.824267
4.15158,-4.15739,-0.822816
4.1392,-4.19616,-0.825572
4.10647,-4.2144,-0.824122
4.07573,-4.23452,-0.823106
4.02648,-4.23508,-0.818175
4.02142,-4.28206,-0.822671
3.99709,-4.30883,-0.823106
3.97593,-4.33911,-0.824267
3.94989,-4.36415,-0.824412
3.92238,-4.38757,-0.824267
3.89801,-4.41452,-0.824847
3.8767,-4.44507,-0.826153
3.84677,-4.46577,-0.825572
3.81801,-4.48778,-0.825282
3.78595,-4.50582,-0.824267
3.7418,-4.50918,-0.820496
3.72723,-4.54812,-0.823542
3.68992,-4.55937,-0.821366
3.68844,-4.61515,-0.827603
3.66434,-4.64313,-0.828618
3.63883,-4.66943,-0.829343
3.61192,-4.69402,-0.829779
3.57646,-4.70743,-0.828183
3.54632,-4.72771,-0.827893
3.52078,-4.75415,-0.828763
3.48804,-4.77087,-0.827893
3.46218,-4.79699,-0.828763
3.42234,-4.80365,-0.826153
3.3928,-4.82455,-0.826153
3.36821,-4.85259,-0.827458
3.33726,-4.87154,-0.827168
3.29899,-4.87963,-0.824992
3.27997,-4.91624,-0.827893
3.24539,-4.92966,-0.826733
3.19998,-4.92625,-0.822671
3.17771,-4.95829,-0.824847
3.14775,-4.97853,-0.824992
3.10562,-4.97928,-0.821801
3.07968,-5.00583,-0.823106
3.0715,-5.06184,-0.829489
3.02717,-5.05852,-0.825717
2.984,-5.05656,-0.822236
2.96934,-5.10299,-0.827023
2.93847,-5.12197,-0.827168
2.90796,-5.14162,-0.827458
2.88262,-5.1706,-0.829343
2.83607,-5.16132,-0.824847
2.80623,-5.1821,-0.825427
2.7809,-5.21144,-0.827458
2.76776,-5.26431,-0.833405
2.7304,-5.27153,-0.831809
2.6989,-5.28995,-0.832099
2.66239,-5.29845,-0.830794
2.6272,-5.30937,-0.829924
2.60237,-5.3414,-0.832535
2.55714,-5.33139,-0.828328
2.52945,-5.35772,-0.830069
2.49444,-5.36865,-0.829343
2.46063,-5.38206,-0.829053
2.42837,-5.39886,-0.829343
2.3944,-5.41185,-0.829053
2.36628,-5.43823,-0.830939
2.33715,-5.46265,-0.832535
2.2986,-5.46504,-0.830649
2.2741,-5.50098,-0.83413
2.24105,-5.51666,-0.83442
2.20936,-5.53582,-0.83529
2.17065,-5.5373,-0.833405
2.14019,-5.55975,-0.834855
2.11234,-5.58944,-0.837466
2.07008,-5.58096,-0.83413
2.05002,-5.6326,-0.840222
2.01708,-5.64973,-0.840947
1.96406,-5.60971,-0.832825
1.92832,-5.61791,-0.832244
1.86193,-5.53493,-0.817595
1.72257,-5.22677,-0.768279
1.66188,-5.14874,-0.754644
1.64696,-5.21167,-0.762767
0,0,0
1.71019,-5.65194,-0.827168
1.68279,-5.68699,-0.830939
1.65281,-5.71432,-0.83355
1.61529,-5.71578,-0.832244
1.57888,-5.72082,-0.831519
1.55302,-5.76479,-0.836741
1.5156,-5.76655,-0.835581
1.48093,-5.77862,-0.836016
1.44568,-5.78856,-0.836161
1.41458,-5.81559,-0.838917
1.38275,-5.84052,-0.841382
1.34267,-5.83058,-0.838627
0,0,0
0,0,0
0,0,0
0,0,0
0,0,0
0,0,0
0,0,0
0,0,0
0,0,0
0,0,0
0,0,0
0,0,0
0,0,0
0,0,0
0,0,0
0,0,0
0,0,0
0,0,0
0,0,0
0,0,0
0,0,0
0,0,0
0,0,0
0,0,0
0,0,0
0,0,0
0,0,0
0,0,0
0,0,0
0,0,0
0,0,0
0,0,0
0,0,0
0,0,0
0,0,0
0,0,0
0,0,0
0,0,0
0,0,0
0,0,0
0,0,0
0,0,0
0,0,0
0,0,0
0,0,0
0,0,0
0,0,0
0,0,0
0,0,0
0,0,0
0,0,0
0,0,0
0,0,0
0,0,0
0,0,0
0,0,0
0,0,0
0,0,0
0,0,0
0,0,0
0,0,0
0,0,0
0,0,0
0,0,0
0,0,0
0,0,0
0,0,0
0,0,0
0,0,0
0,0,0
0,0,0
0,0,0
0,0,0
0,0,0
0,0,0
0,0,0
0,0,0
0,0,0
0,0,0
0,0,0
0,0,0
0,0,0
0,0,0
0,0,0
0,0,0
0,0,0
0,0,0
0,0,0
0,0,0
0,0,0
0,0,0
0,0,0
0,0,0
0,0,0
0,0,0
0,0,0
0,0,0
0,0,0
0,0,0
0,0,0
0,0,0
0,0,0
0,0,0
0,0,0
0,0,0
0,0,0
0,0,0
0,0,0
0,0,0
0,0,0
0,0,0
0,0,0
0,0,0
0,0,0
0,0,0
0,0,0
0,0,0
0,0,0
0,0,0
0,0,0
0,0,0
0,0,0
0,0,0
0,0,0
0,0,0
0,0,0
0,0,0
0,0,0
0,0,0
0,0,0
0,0,0
0,0,0
0,0,0
0,0,0
0,0,0
0,0,0
0,0,0
0,0,0
0,0,0
0,0,0
0,0,0
0,0,0
0,0,0
0,0,0
0,0,0
0,0,0
0,0,0
0,0,0
0,0,0
0,0,0
0,0,0
0,0,0
0,0,0
0,0,0
0,0,0
0,0,0
0,0,0
0,0,0
0,0,0
0,0,0
0,0,0
0,0,0
0,0,0
0,0,0
0,0,0
0,0,0
0,0,0
0,0,0
0,0,0
0,0,0
0,0,0
0,0,0
0,0,0
0,0,0
0,0,0
0,0,0
0,0,0
0,0,0
0,0,0
0,0,0
0,0,0
0,0,0
0,0,0
0,0,0
0,0,0
0,0,0
0,0,0
0,0,0
0,0,0
0,0,0
0,0,0
0,0,0
0,0,0
0,0,0
0,0,0
0,0,0
0,0,0
0,0,0
0,0,0
0,0,0
0,0,0
0,0,0
0,0,0
0,0,0
0,0,0
0,0,0
0,0,0
0,0,0
0,0,0
0,0,0
0,0,0
0,0,0
0,0,0
0,0,0
0,0,0
0,0,0
0,0,0
0,0,0
0,0,0
0,0,0
0,0,0
0,0,0
0,0,0
0,0,0
0,0,0
0,0,0
0,0,0
0,0,0
0,0,0
0,0,0
0,0,0
0,0,0
0,0,0
0,0,0
0,0,0
0,0,0
0,0,0
0,0,0
0,0,0
0,0,0
0,0,0
0,0,0
0,0,0
0,0,0
0,0,0
0,0,0
0,0,0
0,0,0
0,0,0
0,0,0
0,0,0
0,0,0
0,0,0
0,0,0
0,0,0
0,0,0
0,0,0
0,0,0
0,0,0
0,0,0
0,0,0
0,0,0
0,0,0
0,0,0
0,0,0
0,0,0
0,0,0
0,0,0
0,0,0
0,0,0
0,0,0
0,0,0
0,0,0
0,0,0
0,0,0
0,0,0
0,0,0
0,0,0
0,0,0
0,0,0
0,0,0
0,0,0
0,0,0
0,0,0
0,0,0
0,0,0
0,0,0
0,0,0
0,0,0
0,0,0
0,0,0
0,0,0
0,0,0
0,0,0
0,0,0
0,0,0
0,0,0
0,0,0
0,0,0
0,0,0
0,0,0
0,0,0
0,0,0
0,0,0
0,0,0
0,0,0
0,0,0
0,0,0
0,0,0
0,0,0
0,0,0
0,0,0
0,0,0
0,0,0
0,0,0
0,0,0
0,0,0
0,0,0
0,0,0
0,0,0
0,0,0
0,0,0
0,0,0
0,0,0
0,0,0
0,0,0
0,0,0
0,0,0
0,0,0
0,0,0
0,0,0
0,0,0
0,0,0
0,0,0
0,0,0
0,0,0
0,0,0
0,0,0
0,0,0
0,0,0
0,0,0
0,0,0
0,0,0
0,0,0
0,0,0
0,0,0
0,0,0
0,0,0
0,0,0
0,0,0
0,0,0
0,0,0
0,0,0
0,0,0
0,0,0
0,0,0
0,0,0
0,0,0
0,0,0
0,0,0
0,0,0
0,0,0
0,0,0
0,0,0
0,0,0
0,0,0
0,0,0
0,0,0
0,0,0
0,0,0
0,0,0
0,0,0
0,0,0
0,0,0
0,0,0
0,0,0
0,0,0
0,0,0
0,0,0
0,0,0
0,0,0
0,0,0
0,0,0
0,0,0
0,0,0
0,0,0
0,0,0
0,0,0
0,0,0
0,0,0
0,0,0
0,0,0
0,0,0
0,0,0
0,0,0
0,0,0
0,0,0
0,0,0
0,0,0
0,0,0
0,0,0
0,0,0
0,0,0
0,0,0
0,0,0
0,0,0
0,0,0
0,0,0
0,0,0
0,0,0
0,0,0
0,0,0
0,0,0
0,0,0
0,0,0
0,0,0
0,0,0
0,0,0
0,0,0
0,0,0
0,0,0
0,0,0
0,0,0
0,0,0
0,0,0
0,0,0
0,0,0
0,0,0
0,0,0
0,0,0
0,0,0
0,0,0
0,0,0
0,0,0
0,0,0
0,0,0
0,0,0
0,0,0
0,0,0
0,0,0
0,0,0
0,0,0
0,0,0
0,0,0
0,0,0
0,0,0
0,0,0
0,0,0
0,0,0
0,0,0
0,0,0
0,0,0
0,0,0
0,0,0
0,0,0
0,0,0
0,0,0
0,0,0
0,0,0
0,0,0
0,0,0
0,0,0
0,0,0
0,0,0
0,0,0
0,0,0
0,0,0
0,0,0
0,0,0
0,0,0
0,0,0
0,0,0
0,0,0
0,0,0
0,0,0
0,0,0
0,0,0
0,0,0
0,0,0
0,0,0
0,0,0
0,0,0
0,0,0
0,0,0
0,0,0
0,0,0
0,0,0
0,0,0
0,0,0
0,0,0
0,0,0
0,0,0
0,0,0
0,0,0
0,0,0
0,0,0
0,0,0
0,0,0
0,0,0
0,0,0
0,0,0
0,0,0
0,0,0
0,0,0
0,0,0
0,0,0
0,0,0
0,0,0
0,0,0
0,0,0
0,0,0
0,0,0
0,0,0
0,0,0
0,0,0
0,0,0
0,0,0
0,0,0
0,0,0
0,0,0
0,0,0
0,0,0
0,0,0
0,0,0
0,0,0
0,0,0
0,0,0
0,0,0
0,0,0
0,0,0
0,0,0
0,0,0
0,0,0
0,0,0
0,0,0
0,0,0
0,0,0
0,0,0
0,0,0
0,0,0
0,0,0
0,0,0
0,0,0
0,0,0
0,0,0
0,0,0
0,0,0
0,0,0
0,0,0
0,0,0
0,0,0
0,0,0
0,0,0
0,0,0
0,0,0
0,0,0
0,0,0
0,0,0
0,0,0
0,0,0
0,0,0
0,0,0
0,0,0
0,0,0
0,0,0
0,0,0
0,0,0
0,0,0
0,0,0
0,0,0
0,0,0
0,0,0
0,0,0
0,0,0
0,0,0
0,0,0
0,0,0
0,0,0
0,0,0
0,0,0
0,0,0
0,0,0
0,0,0
0,0,0
0,0,0
1.47657,4.377,-0.694598
0,0,0
1.54915,4.4126,-0.703692
1.57021,4.38628,-0.70087
1.60115,4.38769,-0.702751
1.50581,4.04917,-0.647094
0,0,0
1.69054,4.38051,-0.70667
1.71955,4.37557,-0.707611
1.75517,4.38694,-0.711374
1.78355,4.37975,-0.712001
1.81984,4.39153,-0.71592
1.82526,4.32932,-0.707141
1.38926,3.23975,-0.520887
1.40319,3.21758,-0.518535
1.4197,3.20169,-0.517281
1.43364,3.18032,-0.515086
1.45066,3.16607,-0.514145
1.46839,3.15353,-0.513518
2.01201,4.25231,-0.708081
2.05689,4.27905,-0.71498
2.07964,4.25925,-0.713725
2.09038,4.21544,-0.708238
2.12509,4.22018,-0.711374
2.18197,4.26773,-0.722192
2.20812,4.25426,-0.722192
2.23188,4.23627,-0.721408
1.76364,3.29846,-0.555065
1.77913,3.2789,-0.553497
1.79874,3.26706,-0.55334
1.81779,3.25423,-0.553027
1.83675,3.2413,-0.552713
1.85907,3.23425,-0.553497
2.39928,4.1152,-0.717488
2.34756,3.97033,-0.693501
2.44045,4.0702,-0.714666
2.49155,4.09819,-0.722662
2.50266,4.06012,-0.718429
2.54166,4.0673,-0.722662
2.58031,4.07332,-0.726738
2.60419,4.05575,-0.726425
2.51372,3.86256,-0.692874
2.55097,3.86767,-0.696793
2.69486,4.03176,-0.731128
2.71844,4.01351,-0.730814
2.7542,4.01304,-0.73395
2.78554,4.0058,-0.735831
2.75261,3.90709,-0.719997
2.81956,3.95041,-0.731755
2.84375,3.93304,-0.731755
2.86666,3.91392,-0.731441
2.8865,3.89071,-0.730344
2.93168,3.90134,-0.735988
2.95377,3.88093,-0.735518
2.98175,3.8682,-0.736615
3.00361,3.8475,-0.736145
3.02042,3.82048,-0.73442
3.04072,3.79802,-0.733636
3.03286,3.74093,-0.725797
3.08459,3.75736,-0.733009
3.11516,3.74748,-0.734891
3.13555,3.72527,-0.734263
3.16668,3.71573,-0.736302
3.11328,3.608,-0.717802
3.11781,3.56875,-0.713569
3.22407,3.64498,-0.733793
3.24506,3.62366,-0.73348
3.26789,3.60441,-0.733636
3.23852,3.52827,-0.721564
3.25204,3.49965,-0.719683
3.26127,3.46668,-0.716861
3.29542,3.46019,-0.71984
3.31248,3.43564,-0.718899
3.39283,3.47603,-0.732382
3.43006,3.4713,-0.735988
3.4492,3.4481,-0.735518
3.44288,3.39981,-0.729403
3.41631,3.33242,-0.718899
3.35987,3.23739,-0.701967
3.27092,3.11322,-0.678137
3.17051,2.98081,-0.652111
3.20394,2.97541,-0.655404
3.20539,2.94034,-0.651798
3.62302,3.28266,-0.737399
3.63058,3.24917,-0.734734
3.64305,3.22029,-0.733166
3.66348,3.19853,-0.733323
3.62544,3.12633,-0.721251
3.62877,3.09058,-0.717958
3.64388,3.06508,-0.717175
3.69757,3.07169,-0.724386
3.78278,3.10344,-0.738026
3.77412,3.05779,-0.732382
3.84989,3.08023,-0.743984
3.85786,3.04797,-0.741789
3.87649,3.02425,-0.741789
3.90045,3.00462,-0.742886
3.92904,2.9884,-0.744924
3.96467,2.97729,-0.748374
4.02095,2.98113,-0.755899
4.04156,2.95815,-0.756369
3.99239,2.88472,-0.7432
4.01725,2.86533,-0.744611
4.03233,2.83892,-0.744141
4.06508,2.82483,-0.747119
4.10596,2.81603,-0.751666
4.15506,2.81237,-0.75778
4.2092,2.81151,-0.764835
4.26101,2.80845,-0.77142
4.32453,2.8124,-0.7802
4.36664,2.80182,-0.784903
4.41046,2.79187,-0.78992
4.47023,2.79143,-0.797916
4.54025,2.79658,-0.807793
4.59278,2.7902,-0.814378
4.6454,2.78329,-0.820962
4.71596,2.78638,-0.83084
4.77223,2.78026,-0.838051
4.84229,2.78142,-0.847772
4.88419,2.76576,-0.852318
4.93557,2.75499,-0.858589
4.97488,2.73704,-0.862666
5.00547,2.71399,-0.865174
5.01593,2.67997,-0.864077
5.03578,2.65098,-0.864704
5.04055,2.61412,-0.862666
5.06617,2.58809,-0.86439
5.09078,2.56139,-0.865958
5.10817,2.53098,-0.866272
5.09786,2.48704,-0.861725
5.12104,2.45956,-0.863136
5.13603,2.42809,-0.863136
5.14636,2.39444,-0.862352
5.15556,2.36036,-0.861411
5.19787,2.34125,-0.866272
5.21936,2.31251,-0.867526
5.22077,2.27492,-0.865331
5.20195,2.22884,-0.859687
5.21553,2.19688,-0.859687
5.22891,2.16484,-0.859687
5.23935,2.1316,-0.859217
5.24683,2.09721,-0.858276
5.25684,2.0639,-0.857806
5.2694,2.0316,-0.857806
5.27069,1.99504,-0.855924
5.29394,1.96678,-0.857806
5.30591,1.93426,-0.857806
5.30652,1.89768,-0.855924
5.32738,1.86835,-0.857492
5.33874,1.83563,-0.857492
5.3471,1.80189,-0.857022
5.36087,1.76998,-0.857492
5.37727,1.73887,-0.858433
5.37089,1.70048,-0.855611
5.35575,1.6596,-0.851378
5.35543,1.62356,-0.849653
5.37855,1.5946,-0.851848
5.411,1.56816,-0.855611
5.41197,1.53251,-0.8542
5.40413,1.49454,-0.851378
5.42464,1.46444,-0.853259
5.43257,1.43087,-0.853102
5.44029,1.39727,-0.852945
5.43535,1.3605,-0.85075
5.44264,1.32689,-0.850594
5.45452,1.29438,-0.851221
5.45466,1.25911,-0.849967
5.16354,1.15861,-0.801365
5.1609,1.1248,-0.799797
5.16771,1.09312,-0.799797
5.17529,1.06159,-0.799954
5.36769,1.06676,-0.830056
5.49246,1.05656,-0.849183
5.49301,1.02175,-0.848242
5.48363,0.985237,-0.845734
5.54115,0.960508,-0.854043
5.53622,0.924701,-0.852318
5.55056,0.892124,-0.853729
5.53934,0.855488,-0.851064
5.55914,0.823653,-0.853416
5.58365,0.792301,-0.856551
5.59134,0.758424,-0.857022
5.57532,0.721441,-0.853729
5.55709,0.684443,-0.850123
5.55923,0.650103,-0.84981
5.56998,0.616741,-0.850907
5.5825,0.583476,-0.852318
5.55846,0.546507,-0.847928
5.56466,0.512662,-0.848399
5.55884,0.477748,-0.846988
5.53902,0.441826,-0.843382
5.5505,0.408483,-0.844793
5.54206,0.373688,-0.843068
5.57481,0.341545,-0.847928
5.59751,0.308472,-0.851221
5.5914,0.273735,-0.849967
5.5762,0.238705,-0.847301
5.58348,0.204702,-0.848242
5.56489,0.169837,-0.845106
5.59051,0.136289,-0.849026
5.59717,0.102091,-0.849967
5.55917,0.0672822,-0.843852
5.58121,0.0332986,-0.847301
5.57143,-0.000945357,-0.845734
5.5654,-0.0350932,-0.844793
5.54532,-0.0689941,-0.841657
5.5448,-0.103018,-0.841657
5.54998,-0.137185,-0.842598
5.5599,-0.171573,-0.844323
5.57354,-0.206233,-0.846674
5.56527,-0.240129,-0.845577
5.56369,-0.274273,-0.845577
5.54119,-0.307256,-0.842284
5.54216,-0.341433,-0.842755
5.54292,-0.375633,-0.843225
5.52573,-0.408543,-0.840873
5.47095,-0.438257,-0.832564
5.52129,-0.476407,-0.84103
5.53006,-0.511368,-0.842911
5.53173,-0.545775,-0.843695
5.46836,-0.57342,-0.834132
5.50892,-0.611871,-0.841187
5.49231,-0.644165,-0.839149
5.43924,-0.671797,-0.83131
5.45558,-0.707829,-0.834602
5.47169,-0.744086,-0.837895
5.39075,-0.766792,-0.825666
5.45335,-0.80987,-0.836484
5.41607,-0.838328,-0.83131
5.38743,-0.867774,-0.827547
5.39661,-0.903261,-0.829899
5.41627,-0.940753,-0.833975
5.41428,-0.974669,-0.834602
5.44024,-1.01385,-0.839776
5.42713,-1.0459,-0.838678
5.38477,-1.07204,-0.832878
5.39647,-1.10884,-0.835856
5.38087,-1.14009,-0.834445
5.40947,-1.18088,-0.840246
5.37418,-1.20777,-0.8357
5.38014,-1.24383,-0.837895
5.36664,-1.27545,-0.836954
5.3779,-1.31304,-0.840089
5.35921,-1.34337,-0.838365
5.34513,-1.37476,-0.837424
5.23441,-1.38057,-0.820649
5.23633,-1.4155,-0.822373
5.2304,-1.44839,-0.822844
5.22141,-1.48046,-0.822844
5.22361,-1.51577,-0.824725
5.21232,-1.54723,-0.824412
5.26038,-1.59669,-0.833975
5.23256,-1.62337,-0.830996
5.21967,-1.65455,-0.830526
5.21506,-1.68837,-0.831467
5.24305,-1.73305,-0.837895
5.2267,-1.7633,-0.836954
5.20458,-1.79148,-0.835073
5.19162,-1.82272,-0.834759
5.18778,-1.85721,-0.836013
5.18742,-1.89307,-0.837895
5.1609,-1.91935,-0.835386
5.14163,-1.94818,-0.834132
5.13327,-1.98112,-0.834759
5.12378,-2.01366,-0.835229
5.12233,-2.04946,-0.837111
5.09868,-2.07639,-0.835229
5.08949,-2.10914,-0.835856
5.05825,-2.13266,-0.832721
5.04144,-2.1621,-0.832094
5.05886,-2.20642,-0.837424
5.02175,-2.227,-0.833348
4.98549,-2.24762,-0.829428
4.99045,-2.28681,-0.832721
4.97185,-2.31531,-0.831937
4.93613,-2.33563,-0.828174
4.9404,-2.37486,-0.831467
4.93815,-2.4112,-0.833662
4.90203,-2.43092,-0.829899
4.87291,-2.45384,-0.82739
4.87359,-2.49179,-0.830212
4.86259,-2.52392,-0.830996
4.83303,-2.54635,-0.828488
4.81993,-2.57735,-0.828958
4.81184,-2.61112,-0.830369
4.78535,-2.63488,-0.828488
4.77771,-2.66901,-0.830056
4.73719,-2.68463,-0.825666
4.7309,-2.71956,-0.827547
4.71156,-2.74704,-0.827077
4.69377,-2.7754,-0.82692
4.70037,-2.81837,-0.83131
4.67286,-2.841,-0.829428
4.67047,-2.87895,-0.832251
4.65523,-2.90912,-0.832721
4.63062,-2.9334,-0.831467
4.59425,-2.95002,-0.828017
4.55868,-2.96684,-0.824725
4.55935,-3.00726,-0.828331
4.54574,-3.03847,-0.829272
4.50412,-3.0508,-0.824882
4.49671,-3.0862,-0.827077
4.5012,-3.13009,-0.831623
4.47707,-3.15424,-0.830683
4.43914,-3.16845,-0.827077
4.42522,-3.19968,-0.828174
4.40869,-3.22911,-0.828801
4.38959,-3.25669,-0.828958
4.36952,-3.28356,-0.828958
4.34694,-3.30851,-0.828488
4.33046,-3.33814,-0.829272
4.299,-3.35614,-0.827077
4.28917,-3.39103,-0.829272
4.27214,-3.42037,-0.830056
4.25491,-3.44963,-0.83084
4.23901,-3.48006,-0.831937
4.19251,-3.48517,-0.826763
4.18691,-3.52418,-0.830056
4.16822,-3.55237,-0.830683
4.14335,-3.5753,-0.830056
4.11613,-3.5961,-0.828958
4.10064,-3.62718,-0.830369
4.06948,-3.64437,-0.828488
4.04997,-3.67192,-0.829115
4.02955,-3.69871,-0.829585
4.01256,-3.72874,-0.83084
3.98745,-3.75126,-0.830369
3.96865,-3.77974,-0.83131
3.9596,-3.81774,-0.834445
3.92903,-3.83506,-0.832878
3.88365,-3.83757,-0.828017
3.86422,-3.86552,-0.828958
3.88623,-3.93555,-0.839306
3.83718,-3.93386,-0.833662
3.8116,-3.95591,-0.833348
3.78726,-3.97922,-0.833348
3.76006,-3.99951,-0.832721
3.71596,-4.00152,-0.828174
3.69935,-4.03298,-0.830056
3.6805,-4.06219,-0.831467
3.6588,-4.08837,-0.832251
3.63169,-4.10853,-0.83178
3.60576,-4.12999,-0.831623
3.57003,-4.14007,-0.829115
3.55032,-4.16866,-0.830526
3.54375,-4.21304,-0.835229
3.51026,-4.22559,-0.833348
3.46986,-4.22949,-0.829742
3.42954,-4.23305,-0.826136
3.43189,-4.28949,-0.833348
3.41346,-4.32054,-0.835386
3.38203,-4.33517,-0.834132
3.36018,-4.3621,-0.835386
3.33216,-4.38107,-0.835073
3.29988,-4.39432,-0.833662
3.25697,-4.39306,-0.829428
3.22004,-4.39942,-0.826763
3.21149,-4.44471,-0.83178
3.18129,-4.46031,-0.830996
3.15216,-4.47732,-0.830526
3.14097,-4.5201,-0.835073
3.10424,-4.52626,-0.832564
3.06589,-4.52968,-0.829585
3.05175,-4.56894,-0.833505
3.01116,-4.56861,-0.829899
3.00407,-4.61929,-0.836013
2.96714,-4.62434,-0.833505
2.9329,-4.63328,-0.83178
2.90441,-4.65119,-0.83178
2.87737,-4.67144,-0.832251
2.84968,-4.6907,-0.832564
2.80917,-4.68861,-0.828958
2.79341,-4.72787,-0.833034
2.75789,-4.73382,-0.830996
2.73617,-4.7635,-0.833348
2.70786,-4.78192,-0.833662
2.67991,-4.80103,-0.834132
2.65183,-4.81998,-0.834602
2.62267,-4.83703,-0.834759
2.59388,-4.85477,-0.835073
2.55668,-4.85661,-0.832564
2.5282,-4.87484,-0.833034
2.49869,-4.89114,-0.833191
2.47484,-4.91873,-0.835386
2.44242,-4.9294,-0.834602
2.41473,-4.94962,-0.835543
2.37704,-4.94921,-0.832878
2.36394,-5.00031,-0.839306
2.3228,-4.99233,-0.835386
2.29294,-5.00829,-0.8357
2.25446,-5.00515,-0.832721
2.22371,-5.01889,-0.832721
2.19563,-5.03878,-0.833818
2.15456,-5.02855,-0.829742
2.1367,-5.07263,-0.835073
2.11573,-5.11028,-0.839306
2.0769,-5.10487,-0.83617
2.04407,-5.11385,-0.835543
2.00291,-5.10147,-0.83131
1.97405,-5.12012,-0.832407
1.94015,-5.12567,-0.83131
1.92311,-5.17636,-0.837895
1.88286,-5.16486,-0.833975
1.85313,-5.1819,-0.834916
1.8275,-5.21088,-0.837895
1.7483,-5.0847,-0.814848
1.71549,-5.09065,-0.814064
1.68113,-5.0917,-0.812496
1.64834,-5.09722,-0.811712
1.61643,-5.10536,-0.811399
1.60378,-5.17556,-0.821433
1.57515,-5.1957,-0.823157
1.55895,-5.25829,-0.831937
1.53051,-5.28104,-0.834132
1.50426,-5.31219,-0.837738
1.47664,-5.3394,-0.840717
1.44719,-5.36076,-0.842755
1.4095,-5.35139,-0.839776
1.37762,-5.36377,-0.840403
1.34612,-5.37787,-0.841344
1.31824,-5.40714,-0.844793
1.2823,-5.40359,-0.842911
1.25578,-5.44023,-0.847615
1.21979,-5.43627,-0.845734
1.19397,-5.47839,-0.851378
0,0,0
0,0,0
0,0,0
0,0,0
0,0,0
0,0,0
0,0,0
0,0,0
0,0,0
0,0,0
0,0,0
0,0,0
0,0,0
0,0,0
0,0,0
0,0,0
0,0,0
0,0,0
0,0,0
0,0,0
0,0,0
0,0,0
0,0,0
0,0,0
0,0,0
0,0,0
0,0,0
0,0,0
0,0,0
0,0,0
0,0,0
0,0,0
0,0,0
0,0,0
0,0,0
0,0,0
0,0,0
0,0,0
0,0,0
0,0,0
0,0,0
0,0,0
0,0,0
0,0,0
0,0,0
0,0,0
0,0,0
0,0,0
0,0,0
0,0,0
0,0,0
0,0,0
0,0,0
0,0,0
0,0,0
0,0,0
0,0,0
0,0,0
0,0,0
0,0,0
0,0,0
0,0,0
0,0,0
0,0,0
0,0,0
0,0,0
0,0,0
0,0,0
0,0,0
0,0,0
0,0,0
0,0,0
0,0,0
0,0,0
0,0,0
0,0,0
0,0,0
0,0,0
0,0,0
0,0,0
0,0,0
0,0,0
0,0,0
0,0,0
0,0,0
0,0,0
0,0,0
0,0,0
0,0,0
0,0,0
0,0,0
0,0,0
0,0,0
0,0,0
0,0,0
0,0,0
0,0,0
0,0,0
0,0,0
0,0,0
0,0,0
0,0,0
0,0,0
0,0,0
0,0,0
0,0,0
0,0,0
0,0,0
0,0,0
0,0,0
0,0,0
0,0,0
0,0,0
0,0,0
0,0,0
0,0,0
0,0,0
0,0,0
0,0,0
0,0,0
0,0,0
0,0,0
0,0,0
0,0,0
0,0,0
0,0,0
0,0,0
0,0,0
0,0,0
0,0,0
0,0,0
0,0,0
0,0,0
0,0,0
0,0,0
0,0,0
0,0,0
0,0,0
0,0,0
0,0,0
0,0,0
0,0,0
0,0,0
0,0,0
0,0,0
0,0,0
0,0,0
0,0,0
0,0,0
0,0,0
0,0,0
0,0,0
0,0,0
0,0,0
0,0,0
0,0,0
0,0,0
0,0,0
0,0,0
0,0,0
0,0,0
0,0,0
0,0,0
0,0,0
0,0,0
0,0,0
0,0,0
0,0,0
0,0,0
0,0,0
0,0,0
0,0,0
0,0,0
0,0,0
0,0,0
0,0,0
0,0,0
0,0,0
0,0,0
0,0,0
0,0,0
0,0,0
0,0,0
0,0,0
0,0,0
0,0,0
0,0,0
0,0,0
0,0,0
0,0,0
0,0,0
0,0,0
0,0,0
0,0,0
0,0,0
0,0,0
0,0,0
0,0,0
0,0,0
0,0,0
0,0,0
0,0,0
0,0,0
0,0,0
0,0,0
0,0,0
0,0,0
0,0,0
0,0,0
0,0,0
0,0,0
0,0,0
0,0,0
0,0,0
0,0,0
0,0,0
0,0,0
0,0,0
0,0,0
0,0,0
0,0,0
0,0,0
0,0,0
0,0,0
0,0,0
0,0,0
0,0,0
0,0,0
0,0,0
0,0,0
0,0,0
0,0,0
0,0,0
0,0,0
0,0,0
0,0,0
0,0,0
0,0,0
0,0,0
0,0,0
0,0,0
0,0,0
0,0,0
0,0,0
0,0,0
0,0,0
0,0,0
0,0,0
0,0,0
0,0,0
0,0,0
0,0,0
0,0,0
0,0,0
0,0,0
0,0,0
0,0,0
0,0,0
0,0,0
0,0,0
0,0,0
0,0,0
0,0,0
0,0,0
0,0,0
0,0,0
0,0,0
0,0,0
0,0,0
0,0,0
0,0,0
0,0,0
0,0,0
0,0,0
0,0,0
0,0,0
0,0,0
0,0,0
0,0,0
0,0,0
0,0,0
0,0,0
0,0,0
0,0,0
0,0,0
0,0,0
0,0,0
0,0,0
0,0,0
0,0,0
0,0,0
0,0,0
0,0,0
0,0,0
0,0,0
0,0,0
0,0,0
0,0,0
0,0,0
0,0,0
0,0,0
0,0,0
0,0,0
0,0,0
0,0,0
0,0,0
0,0,0
0,0,0
0,0,0
0,0,0
0,0,0
0,0,0
0,0,0
0,0,0
0,0,0
0,0,0
0,0,0
0,0,0
0,0,0
0,0,0
0,0,0
0,0,0
0,0,0
0,0,0
0,0,0
0,0,0
0,0,0
0,0,0
0,0,0
0,0,0
0,0,0
0,0,0
0,0,0
0,0,0
0,0,0
0,0,0
0,0,0
0,0,0
0,0,0
0,0,0
0,0,0
0,0,0
0,0,0
0,0,0
0,0,0
0,0,0
0,0,0
0,0,0
0,0,0
0,0,0
0,0,0
0,0,0
0,0,0
0,0,0
0,0,0
0,0,0
0,0,0
0,0,0
0,0,0
0,0,0
0,0,0
0,0,0
0,0,0
0,0,0
0,0,0
0,0,0
0,0,0
0,0,0
0,0,0
0,0,0
0,0,0
0,0,0
0,0,0
0,0,0
0,0,0
0,0,0
0,0,0
0,0,0
0,0,0
0,0,0
0,0,0
0,0,0
0,0,0
0,0,0
0,0,0
0,0,0
0,0,0
0,0,0
0,0,0
0,0,0
0,0,0
0,0,0
0,0,0
0,0,0
0,0,0
0,0,0
0,0,0
0,0,0
0,0,0
0,0,0
0,0,0
0,0,0
0,0,0
0,0,0
0,0,0
0,0,0
0,0,0
0,0,0
0,0,0
0,0,0
0,0,0
0,0,0
0,0,0
0,0,0
0,0,0
0,0,0
0,0,0
0,0,0
0,0,0
0,0,0
0,0,0
0,0,0
0,0,0
0,0,0
0,0,0
0,0,0
0,0,0
0,0,0
0,0,0
0,0,0
0,0,0
0,0,0
0,0,0
0,0,0
0,0,0
0,0,0
0,0,0
0,0,0
0,0,0
0,0,0
0,0,0
0,0,0
0,0,0
0,0,0
0,0,0
0,0,0
0,0,0
0,0,0
0,0,0
0,0,0
0,0,0
0,0,0
0,0,0
0,0,0
0,0,0
0,0,0
0,0,0
0,0,0
0,0,0
0,0,0
0,0,0
0,0,0
0,0,0
0,0,0
0,0,0
0,0,0
0,0,0
0,0,0
0,0,0
0,0,0
0,0,0
0,0,0
0,0,0
0,0,0
0,0,0
0,0,0
0,0,0
0,0,0
0,0,0
0,0,0
0,0,0
0,0,0
0,0,0
0,0,0
0,0,0
0,0,0
0,0,0
0,0,0
0,0,0
0,0,0
0,0,0
0,0,0
0,0,0
0,0,0
0,0,0
0,0,0
0,0,0
0,0,0
0,0,0
0,0,0
0,0,0
0,0,0
0,0,0
0,0,0
0,0,0
0,0,0
0,0,0
0,0,0
0,0,0
0,0,0
0,0,0
0,0,0
0,0,0
0,0,0
0,0,0
0,0,0
0,0,0
0,0,0
0,0,0
0,0,0
0,0,0
0,0,0
0,0,0
0,0,0
0,0,0
0,0,0
0,0,0
0,0,0
0,0,0
0,0,0
0,0,0
0,0,0
0,0,0
0,0,0
0,0,0
0,0,0
0,0,0
0,0,0
0,0,0
0,0,0
0,0,0
0,0,0
0,0,0
0,0,0
0,0,0
0,0,0
0,0,0
0,0,0
0,0,0
0,0,0
0,0,0
0,0,0
0,0,0
0,0,0
0,0,0
0,0,0
0,0,0
0,0,0
0,0,0
0,0,0
0,0,0
0,0,0
0,0,0
0,0,0
0,0,0
0,0,0
0,0,0
0,0,0
0,0,0
0,0,0
0,0,0
0,0,0
0,0,0
0,0,0
0,0,0
0,0,0
0,0,0
0,0,0
0,0,0
0,0,0
0,0,0
0,0,0
0,0,0
0,0,0
0,0,0
0,0,0
0,0,0
0,0,0
0,0,0
0,0,0
0,0,0
0,0,0
0,0,0
0,0,0
0,0,0
0,0,0
0,0,0
0,0,0
0,0,0
0,0,0
0,0,0
0,0,0
0,0,0
0,0,0
0,0,0
0,0,0
0,0,0
0,0,0
0,0,0
0,0,0
1.29737,4.2625,-0.722729
1.32291,4.25257,-0.722392
1.35107,4.25095,-0.723571
1.36861,4.21633,-0.718854
1.38299,4.17323,-0.712619
1.36282,4.02926,-0.688189
1.32422,3.83724,-0.654996
1.34218,3.81324,-0.652132
1.38918,3.87081,-0.664095
1.41324,3.86314,-0.664263
1.55459,4.1703,-0.721886
1.55217,4.08696,-0.708407
1.60635,4.15275,-0.722223
1.63217,4.14373,-0.722392
1.66379,4.14919,-0.725256
1.68736,4.13434,-0.724414
1.7161,4.13211,-0.72593
1.73988,4.11787,-0.725256
1.75656,4.08719,-0.721549
1.40681,3.21819,-0.561485
1.42373,3.20319,-0.560305
1.43971,3.18631,-0.558789
1.45923,3.17742,-0.558789
1.48245,3.17644,-0.560305
1.50191,3.16729,-0.560305
1.9454,4.03908,-0.727447
1.82684,3.73396,-0.671677
1.99044,4.00607,-0.725762
2.05359,4.07036,-0.74042
2.05876,4.01908,-0.733007
2.03111,3.90578,-0.71363
2.0555,3.89412,-0.713799
1.75926,3.28356,-0.597878
1.77326,3.26145,-0.595688
1.78943,3.2436,-0.59434
1.80834,3.23084,-0.594003
1.8291,3.2214,-0.59434
2.20924,3.83633,-0.717843
2.2218,3.80397,-0.714136
2.25062,3.7996,-0.715989
2.29115,3.81445,-0.721718
2.34321,3.84747,-0.731153
2.38748,3.86658,-0.737893
2.419,3.86439,-0.74042
2.43475,3.83699,-0.737893
2.44652,3.80373,-0.734186
2.45959,3.77296,-0.730985
2.49573,3.77754,-0.735029
2.51118,3.75068,-0.73267
2.53304,3.73357,-0.732333
2.56986,3.73827,-0.736545
2.59219,3.72162,-0.736376
2.60247,3.68793,-0.73267
2.64282,3.69675,-0.737893
2.69088,3.7156,-0.745306
2.69323,3.6712,-0.739409
2.70983,3.64669,-0.737724
2.72978,3.62684,-0.73705
2.72689,3.57709,-0.729974
2.74157,3.55093,-0.727952
2.78151,3.55734,-0.733007
2.81919,3.5603,-0.737387
2.83112,3.53063,-0.734692
2.89124,3.56064,-0.745138
2.86422,3.48344,-0.731996
2.91959,3.50671,-0.741094
2.93152,3.47743,-0.738567
2.94833,3.45412,-0.737387
2.97591,3.44343,-0.739072
3.02878,3.46146,-0.747328
3.05715,3.45093,-0.749182
3.04536,3.39541,-0.740757
3.07012,3.38104,-0.741768
3.09947,3.37157,-0.743959
3.11607,3.34816,-0.742948
3.14737,3.34046,-0.745643
3.15897,3.31181,-0.743453
3.16896,3.28172,-0.740926
3.14426,3.21639,-0.729974
3.05996,3.09192,-0.7047
3.08027,3.07448,-0.705037
3.10188,3.05829,-0.705711
3.13118,3.04952,-0.708239
3.16475,3.0446,-0.711777
3.1998,3.04075,-0.715652
3.17313,2.97854,-0.705037
3.17761,2.94628,-0.701836
3.19999,2.93072,-0.702847
3.33996,3.0215,-0.730985
3.41502,3.05153,-0.743959
3.46841,3.06119,-0.751877
3.49307,3.04503,-0.753225
3.50496,3.01775,-0.751709
3.51741,2.99108,-0.750361
3.54551,2.97768,-0.752551
3.56674,2.95839,-0.753225
3.58788,2.93895,-0.753899
3.6181,2.9268,-0.756595
3.61366,2.8867,-0.751709
3.6228,2.85775,-0.749856
3.66359,2.85365,-0.75491
3.6865,2.83532,-0.75609
3.72973,2.83233,-0.76165
3.78488,2.83778,-0.769737
3.83549,2.83914,-0.776814
3.87035,2.82835,-0.780521
3.90042,2.81378,-0.783217
3.9441,2.80867,-0.788777
3.99029,2.80483,-0.794842
4.04062,2.80334,-0.80175
4.08783,2.79911,-0.807984
4.13923,2.79716,-0.815061
4.18501,2.79086,-0.820958
4.23416,2.78627,-0.827529
4.30243,2.79352,-0.837976
4.36098,2.79367,-0.8464
4.40054,2.78108,-0.850949
4.43759,2.76655,-0.854993
4.4931,2.76303,-0.862743
4.53694,2.75177,-0.868135
4.58334,2.74159,-0.874032
4.55169,2.68486,-0.864428
4.56467,2.6549,-0.863754
4.5766,2.62439,-0.862912
4.5909,2.59529,-0.862575
4.61535,2.57187,-0.86426
4.63709,2.54683,-0.865439
4.67776,2.53194,-0.870326
4.67147,2.49159,-0.866113
4.69278,2.46609,-0.867293
4.70257,2.43453,-0.866282
4.72708,2.41055,-0.868135
4.72681,2.37398,-0.865271
4.74924,2.34887,-0.866787
4.79103,2.33307,-0.87201
4.79814,2.30021,-0.870663
4.79345,2.26189,-0.867124
4.81886,2.23784,-0.869315
4.83429,2.20905,-0.869652
4.84865,2.17975,-0.86982
4.84301,2.14158,-0.866282
4.83256,2.1016,-0.861901
4.85624,2.07656,-0.863923
4.86707,2.04596,-0.863586
4.87042,2.01229,-0.861901
4.87994,1.98125,-0.861396
4.9158,1.96077,-0.865776
4.92683,1.93022,-0.865608
4.96617,1.91057,-0.870663
4.96121,1.87379,-0.86763
4.99017,1.84983,-0.870831
5.0042,1.82019,-0.871336
4.9865,1.77917,-0.866113
4.97965,1.74235,-0.862912
5.01728,1.72105,-0.867798
5.01373,1.68551,-0.865271
5.00713,1.64916,-0.862238
5.0134,1.6172,-0.861564
5.02229,1.58611,-0.861396
5.03287,1.55555,-0.861564
5.03289,1.52179,-0.859879
5.03362,1.48836,-0.858363
5.05592,1.46128,-0.860722
5.04392,1.42434,-0.857015
5.06587,1.39703,-0.859374
5.03342,1.3549,-0.852129
5.02829,1.32048,-0.84977
5.04298,1.29131,-0.850949
5.05272,1.26082,-0.851286
5.05079,1.22747,-0.849601
5.07645,1.20077,-0.852803
5.0597,1.16407,-0.84859
5.09946,1.14032,-0.854319
5.10154,1.10796,-0.853477
5.09281,1.07338,-0.850781
5.09544,1.04132,-0.850107
5.0998,1.00965,-0.84977
5.14849,0.986514,-0.857183
5.16123,0.956163,-0.858363
5.167,0.924477,-0.858363
5.16481,0.891412,-0.857015
5.14976,0.856305,-0.853477
5.18217,0.829056,-0.858194
5.18424,0.796794,-0.857689
5.13735,0.757338,-0.848759
5.15068,0.727044,-0.850275
5.16481,0.696746,-0.85196
5.14455,0.661892,-0.847748
5.17298,0.633313,-0.85196
5.22474,0.607146,-0.860216
5.20191,0.572161,-0.855667
5.19748,0.539416,-0.854319
5.18794,0.506267,-0.852129
5.19291,0.474605,-0.852466
5.20358,0.443404,-0.853814
5.20719,0.411545,-0.853982
5.20568,0.379299,-0.853308
5.19611,0.346561,-0.851286
5.20404,0.31503,-0.852297
5.18127,0.28175,-0.848085
5.17798,0.249714,-0.847242
5.18139,0.218021,-0.847579
5.20233,0.186937,-0.850949
5.17973,0.154303,-0.846906
5.18255,0.122565,-0.847242
5.18222,0.0907456,-0.847074
5.19451,0.0590836,-0.849096
5.1859,0.0271611,-0.847579
5.18794,-0.00466078,-0.847916
5.17007,-0.0363724,-0.844884
5.15497,-0.0679033,-0.842356
5.14558,-0.099363,-0.84084
5.14783,-0.131008,-0.841345
5.14003,-0.162376,-0.840166
5.15963,-0.194688,-0.843704
5.16129,-0.226472,-0.84421
5.13618,-0.25696,-0.840166
5.12171,-0.287754,-0.837976
5.14444,-0.320703,-0.842188
5.16598,-0.353874,-0.846232
5.16666,-0.385784,-0.846737
5.16125,-0.417242,-0.846232
5.13797,-0.447113,-0.842693
5.14396,-0.479451,-0.84421
5.15956,-0.512853,-0.847411
5.13573,-0.542333,-0.843873
5.12055,-0.572523,-0.841851
5.12183,-0.604508,-0.842693
5.13466,-0.637986,-0.845558
5.12771,-0.669098,-0.845052
5.1157,-0.699482,-0.843704
5.09863,-0.729047,-0.841514
5.11258,-0.763079,-0.844715
5.1078,-0.794434,-0.844715
5.0824,-0.822458,-0.841177
5.07725,-0.853628,-0.841177
5.08066,-0.886288,-0.842693
5.06446,-0.915519,-0.84084
5.06165,-0.94712,-0.841345
5.04026,-0.975167,-0.83865
5.01485,-1.00222,-0.83528
4.98833,-1.02879,-0.831741
4.98289,-1.05958,-0.83191
4.96666,-1.08803,-0.830225
4.96566,-1.11979,-0.831236
4.95774,-1.15001,-0.831068
4.94579,-1.17927,-0.830225
4.92602,-1.20655,-0.828035
4.93382,-1.24059,-0.830731
4.92325,-1.2701,-0.830225
4.91441,-1.30004,-0.830057
4.91681,-1.333,-0.83191
4.90094,-1.36104,-0.830562
4.89913,-1.39297,-0.831741
4.88387,-1.42108,-0.830562
4.88639,-1.45439,-0.832584
4.87549,-1.48377,-0.832247
4.87759,-1.51717,-0.834269
4.86913,-1.54737,-0.834437
4.88486,-1.58542,-0.838987
4.85913,-1.6101,-0.836122
4.88278,-1.65124,-0.842188
4.86137,-1.67732,-0.840166
4.81193,-1.69338,-0.833089
4.83949,-1.73652,-0.839997
4.83801,-1.76956,-0.841682
4.80581,-1.7913,-0.837807
4.77998,-1.81516,-0.835111
4.76048,-1.84126,-0.833595
4.73992,-1.86682,-0.83191
4.75308,-1.90577,-0.836459
4.73948,-1.93415,-0.836122
4.73025,-1.96433,-0.836628
4.69904,-1.98527,-0.833089
4.68043,-2.01134,-0.83191
4.68516,-2.04751,-0.835111
4.68062,-2.07982,-0.836628
4.69382,-2.12027,-0.841514
4.62966,-2.1256,-0.83191
4.70765,-2.19645,-0.849096
4.64687,-2.20293,-0.840166
4.61195,-2.22114,-0.836122
4.5761,-2.23857,-0.83191
4.54815,-2.2596,-0.829214
4.52012,-2.28036,-0.826518
4.51482,-2.31254,-0.828203
4.52328,-2.35202,-0.832584
4.51312,-2.38203,-0.833426
4.50972,-2.41573,-0.835617
4.5156,-2.45464,-0.83966
4.49355,-2.4785,-0.838313
4.47739,-2.50554,-0.838144
4.46279,-2.53345,-0.838313
4.44631,-2.5603,-0.838144
4.43563,-2.59051,-0.839155
4.39081,-2.60061,-0.833426
4.37392,-2.62699,-0.833258
4.34846,-2.64815,-0.831405
4.38162,-2.70532,-0.841345
4.33068,-2.71072,-0.834437
4.31729,-2.73935,-0.835111
4.29211,-2.76046,-0.833426
4.25114,-2.77114,-0.82854
4.24146,-2.80206,-0.830057
4.23566,-2.83571,-0.832415
4.20676,-2.8539,-0.830057
4.19891,-2.88636,-0.832078
4.16171,-2.89855,-0.828035
4.1366,-2.91892,-0.826518
4.13304,-2.95456,-0.829551
4.10366,-2.97177,-0.827192
4.07978,-2.99282,-0.826013
4.06055,-3.0172,-0.825844
4.04117,-3.04147,-0.825676
4.03498,-3.07577,-0.828372
4.02384,-3.10649,-0.830057
4.01868,-3.14205,-0.833089
3.99469,-3.16297,-0.832078
4.00059,-3.20777,-0.837639
3.98006,-3.23163,-0.83747
3.96016,-3.25599,-0.83747
3.95526,-3.29284,-0.84084
3.93875,-3.32023,-0.841682
3.9153,-3.34177,-0.841008
3.89025,-3.36187,-0.839997
3.84729,-3.36621,-0.834943
3.83173,-3.39432,-0.836122
3.80055,-3.40856,-0.833763
3.80073,-3.45103,-0.83865
3.77078,-3.46628,-0.836628
3.76026,-3.49942,-0.839155
3.72724,-3.51162,-0.836459
3.70277,-3.5317,-0.835785
3.67323,-3.54682,-0.833932
3.67114,-3.58858,-0.83865
3.64765,-3.60965,-0.838313
3.62891,-3.63545,-0.839155
3.60861,-3.65976,-0.83966
3.58815,-3.68395,-0.840166
3.54908,-3.68885,-0.836122
3.50192,-3.68484,-0.830057
3.48937,-3.71704,-0.832584
3.47588,-3.7485,-0.834943
3.47479,-3.79373,-0.840503
3.46137,-3.82595,-0.84303
3.41221,-3.81845,-0.836459
3.40698,-3.86001,-0.841177
3.3638,-3.85855,-0.836122
3.34778,-3.88808,-0.838144
3.33472,-3.92131,-0.841008
3.30045,-3.92963,-0.838313
3.26809,-3.93994,-0.836122
3.26697,-3.98813,-0.842356
3.23314,-3.99661,-0.839829
3.21409,-4.0233,-0.841345
3.20828,-4.06693,-0.846569
3.17902,-4.0811,-0.845389
3.1443,-4.08803,-0.842693
3.09769,-4.07899,-0.836628
3.06669,-4.09003,-0.834943
3.0433,-4.11115,-0.835448
3.03314,-4.15044,-0.839829
3.01223,-4.17536,-0.841177
2.97283,-4.1745,-0.837133
2.94432,-4.18863,-0.836291
2.91969,-4.20824,-0.836628
2.91108,-4.25128,-0.841851
2.87004,-4.24702,-0.837302
2.85924,-4.2875,-0.842019
2.82529,-4.29344,-0.83966
2.79782,-4.30904,-0.839324
2.76707,-4.31949,-0.837976
2.75053,-4.35222,-0.841177
2.70864,-4.34476,-0.836291
2.69536,-4.38312,-0.840671
2.65359,-4.37514,-0.835785
2.62922,-4.39557,-0.836628
2.60471,-4.41587,-0.83747
2.59591,-4.46329,-0.843704
2.5719,-4.48512,-0.844884
2.53026,-4.47593,-0.839997
2.49315,-4.47415,-0.836628
2.47182,-4.5006,-0.838818
2.45683,-4.53908,-0.843367
2.43683,-4.56885,-0.846232
2.41425,-4.59419,-0.848253
2.37604,-4.58966,-0.844547
2.3456,-4.59976,-0.843704
2.32175,-4.62288,-0.845389
2.28504,-4.62025,-0.842188
2.25665,-4.63418,-0.842188
2.23201,-4.65594,-0.843704
2.19961,-4.66153,-0.842188
2.16681,-4.666,-0.840503
2.12052,-4.64066,-0.833258
2.09038,-4.64999,-0.832584
2.07777,-4.69878,-0.839324
2.0308,-4.66987,-0.831573
2.03817,-4.76652,-0.847242
1.99207,-4.73896,-0.839829
1.96973,-4.76749,-0.842862
1.9308,-4.75574,-0.838481
1.90304,-4.77116,-0.839155
1.88093,-4.8011,-0.842525
1.85604,-4.82451,-0.844715
1.82047,-4.82013,-0.841851
1.78469,-4.81458,-0.838818
1.75478,-4.82451,-0.83865
1.72283,-4.82869,-0.83747
1.70033,-4.85964,-0.841177
1.67048,-4.86998,-0.841177
1.64528,-4.89415,-0.843704
1.63497,-4.96407,-0.854488
1.59509,-4.94493,-0.849264
1.56829,-4.9659,-0.851286
1.53779,-4.97543,-0.851286
1.50038,-4.96213,-0.847242
1.47158,-4.97691,-0.848253
1.44266,-4.99153,-0.849264
1.41388,-5.00693,-0.850444
1.3813,-5.00886,-0.849264
1.35054,-5.01724,-0.849264
1.31822,-5.01971,-0.848253
1.2874,-5.0277,-0.848253
1.25103,-5.01351,-0.844378
1.22211,-5.02876,-0.845726
0,0,0
1.16495,-5.06355,-0.849264
0,0,0
0,0,0
0,0,0
0,0,0
0,0,0
0,0,0
0,0,0
0,0,0
0,0,0
0,0,0
0,0,0
0,0,0
0,0,0
0,0,0
0,0,0
0,0,0
0,0,0
0,0,0
0,0,0
0,0,0
0,0,0
0,0,0
0,0,0
0,0,0
0,0,0
0,0,0
0,0,0
0,0,0
0,0,0
0,0,0
0,0,0
0,0,0
0,0,0
0,0,0
0,0,0
0,0,0
0,0,0
0,0,0
0,0,0
0,0,0
0,0,0
0,0,0
0,0,0
0,0,0
0,0,0
0,0,0
0,0,0
0,0,0
0,0,0
0,0,0
0,0,0
0,0,0
0,0,0
0,0,0
0,0,0
0,0,0
0,0,0
0,0,0
0,0,0
0,0,0
0,0,0
0,0,0
0,0,0
0,0,0
0,0,0
0,0,0
0,0,0
0,0,0
0,0,0
0,0,0
0,0,0
0,0,0
0,0,0
0,0,0
0,0,0
0,0,0
0,0,0
0,0,0
0,0,0
0,0,0
0,0,0
0,0,0
0,0,0
0,0,0
0,0,0
0,0,0
0,0,0
0,0,0
0,0,0
0,0,0
0,0,0
0,0,0
0,0,0
0,0,0
0,0,0
0,0,0
0,0,0
0,0,0
0,0,0
0,0,0
0,0,0
0,0,0
0,0,0
0,0,0
0,0,0
0,0,0
0,0,0
0,0,0
0,0,0
0,0,0
0,0,0
0,0,0
0,0,0
0,0,0
0,0,0
0,0,0
0,0,0
0,0,0
0,0,0
0,0,0
0,0,0
0,0,0
0,0,0
0,0,0
0,0,0
0,0,0
0,0,0
0,0,0
0,0,0
0,0,0
0,0,0
0,0,0
0,0,0
0,0,0
0,0,0
0,0,0
0,0,0
0,0,0
0,0,0
0,0,0
0,0,0
0,0,0
0,0,0
0,0,0
0,0,0
0,0,0
0,0,0
0,0,0
0,0,0
0,0,0
0,0,0
0,0,0
0,0,0
0,0,0
0,0,0
0,0,0
0,0,0
0,0,0
0,0,0
0,0,0
0,0,0
0,0,0
0,0,0
0,0,0
0,0,0
0,0,0
0,0,0
0,0,0
0,0,0
0,0,0
0,0,0
0,0,0
0,0,0
0,0,0
0,0,0
0,0,0
0,0,0
0,0,0
0,0,0
0,0,0
0,0,0
0,0,0
0,0,0
0,0,0
0,0,0
0,0,0
0,0,0
0,0,0
0,0,0
0,0,0
0,0,0
0,0,0
0,0,0
0,0,0
0,0,0
0,0,0
0,0,0
0,0,0
0,0,0
0,0,0
0,0,0
0,0,0
0,0,0
0,0,0
0,0,0
0,0,0
0,0,0
0,0,0
0,0,0
0,0,0
0,0,0
0,0,0
0,0,0
0,0,0
0,0,0
0,0,0
0,0,0
0,0,0
0,0,0
0,0,0
0,0,0
0,0,0
0,0,0
0,0,0
0,0,0
0,0,0
0,0,0
0,0,0
0,0,0
0,0,0
0,0,0
0,0,0
0,0,0
0,0,0
0,0,0
0,0,0
0,0,0
0,0,0
0,0,0
0,0,0
0,0,0
0,0,0
0,0,0
0,0,0
0,0,0
0,0,0
0,0,0
0,0,0
0,0,0
0,0,0
0,0,0
0,0,0
0,0,0
0,0,0
0,0,0
0,0,0
0,0,0
0,0,0
0,0,0
0,0,0
0,0,0
0,0,0
0,0,0
0,0,0
0,0,0
0,0,0
0,0,0
0,0,0
0,0,0
0,0,0
0,0,0
0,0,0
0,0,0
0,0,0
0,0,0
0,0,0
0,0,0
0,0,0
0,0,0
0,0,0
0,0,0
0,0,0
0,0,0
0,0,0
0,0,0
0,0,0
0,0,0
0,0,0
0,0,0
0,0,0
0,0,0
0,0,0
0,0,0
0,0,0
0,0,0
0,0,0
0,0,0
0,0,0
0,0,0
0,0,0
0,0,0
0,0,0
0,0,0
0,0,0
0,0,0
0,0,0
0,0,0
0,0,0
0,0,0
0,0,0
0,0,0
0,0,0
0,0,0
0,0,0
0,0,0
0,0,0
0,0,0
0,0,0
0,0,0
0,0,0
0,0,0
0,0,0
0,0,0
0,0,0
0,0,0
0,0,0
0,0,0
0,0,0
0,0,0
0,0,0
0,0,0
0,0,0
0,0,0
0,0,0
0,0,0
0,0,0
0,0,0
0,0,0
0,0,0
0,0,0
0,0,0
0,0,0
0,0,0
0,0,0
0,0,0
0,0,0
0,0,0
0,0,0
0,0,0
0,0,0
0,0,0
0,0,0
0,0,0
0,0,0
0,0,0
0,0,0
0,0,0
0,0,0
0,0,0
0,0,0
0,0,0
0,0,0
0,0,0
0,0,0
0,0,0
0,0,0
0,0,0
0,0,0
0,0,0
0,0,0
0,0,0
0,0,0
0,0,0
0,0,0
0,0,0
0,0,0
0,0,0
0,0,0
0,0,0
0,0,0
0,0,0
0,0,0
0,0,0
0,0,0
0,0,0
0,0,0
0,0,0
0,0,0
0,0,0
0,0,0
0,0,0
0,0,0
0,0,0
0,0,0
0,0,0
0,0,0
0,0,0
0,0,0
0,0,0
0,0,0
0,0,0
0,0,0
0,0,0
0,0,0
0,0,0
0,0,0
0,0,0
0,0,0
0,0,0
0,0,0
0,0,0
0,0,0
0,0,0
0,0,0
0,0,0
0,0,0
0,0,0
0,0,0
0,0,0
0,0,0
0,0,0
0,0,0
0,0,0
0,0,0
0,0,0
0,0,0
0,0,0
0,0,0
0,0,0
0,0,0
0,0,0
0,0,0
0,0,0
0,0,0
0,0,0
0,0,0
0,0,0
0,0,0
0,0,0
0,0,0
0,0,0
0,0,0
0,0,0
0,0,0
0,0,0
0,0,0
0,0,0
0,0,0
0,0,0
0,0,0
0,0,0
0,0,0
0,0,0
0,0,0
0,0,0
0,0,0
0,0,0
0,0,0
0,0,0
0,0,0
0,0,0
0,0,0
0,0,0
0,0,0
0,0,0
0,0,0
0,0,0
0,0,0
0,0,0
0,0,0
0,0,0
0,0,0
0,0,0
0,0,0
0,0,0
0,0,0
0,0,0
0,0,0
0,0,0
0,0,0
0,0,0
0,0,0
0,0,0
0,0,0
0,0,0
0,0,0
0,0,0
0,0,0
0,0,0
0,0,0
0,0,0
0,0,0
0,0,0
0,0,0
0,0,0
0,0,0
0,0,0
0,0,0
0,0,0
0,0,0
0,0,0
0,0,0
0,0,0
0,0,0
0,0,0
0,0,0
0,0,0
0,0,0
0,0,0
0,0,0
0,0,0
0,0,0
0,0,0
0,0,0
0,0,0
0,0,0
0,0,0
0,0,0
0,0,0
0,0,0
0,0,0
0,0,0
0,0,0
0,0,0
0,0,0
0,0,0
0,0,0
0,0,0
0,0,0
0,0,0
0,0,0
0,0,0
0,0,0
0,0,0
0,0,0
0,0,0
0,0,0
0,0,0
0,0,0
0,0,0
0,0,0
0,0,0
0,0,0
0,0,0
0,0,0
0,0,0
0,0,0
0,0,0
0,0,0
0,0,0
0,0,0
0,0,0
0,0,0
0,0,0
0,0,0
0,0,0
0,0,0
0,0,0
0,0,0
0,0,0
0,0,0
0,0,0
0,0,0
0,0,0
0,0,0
0,0,0
0,0,0
0,0,0
0,0,0
0,0,0
0,0,0
0,0,0
0,0,0
0,0,0
0,0,0
0,0,0
0,0,0
0,0,0
0,0,0
0,0,0
0,0,0
0,0,0
0,0,0
0,0,0
0,0,0
1.29492,3.8343,-0.701512
1.31939,3.82907,-0.702052
1.34514,3.8274,-0.703312
1.36528,3.80981,-0.701512
1.39572,3.82076,-0.705292
1.43321,3.84992,-0.712672
1.46972,3.87509,-0.719332
1.50801,3.90361,-0.726712
1.53229,3.8952,-0.726892
1.56092,3.8976,-0.729232
1.58109,3.87884,-0.727432
1.61617,3.89632,-0.732833
1.63431,3.87274,-0.730132
0,0,0
1.39357,3.19251,-0.598369
1.40914,3.17491,-0.596569
1.42779,3.16441,-0.596209
1.45169,3.16543,-0.598189
1.49519,3.20817,-0.60863
1.49843,3.16426,-0.60161
1.78781,3.71608,-0.715552
1.74708,3.57513,-0.689092
1.78779,3.60223,-0.696832
1.86964,3.70978,-0.721132
1.89192,3.69736,-0.720952
1.92409,3.70401,-0.724732
1.95504,3.7078,-0.727972
1.77211,3.31154,-0.648231
1.77925,3.2764,-0.64319
1.79742,3.26198,-0.64247
1.8078,3.23372,-0.63887
1.83878,3.24224,-0.64301
1.86501,3.24198,-0.645351
2.1541,3.69179,-0.743093
2.1727,3.67174,-0.741653
2.19063,3.65074,-0.740033
2.21146,3.63471,-0.739493
2.2394,3.63028,-0.741473
2.23138,3.56811,-0.731032
2.2506,3.55019,-0.730132
2.29627,3.57355,-0.738233
2.32191,3.56517,-0.739493
2.33507,3.53772,-0.736613
2.36494,3.53559,-0.739313
2.38383,3.51694,-0.738413
2.39088,3.48117,-0.733733
2.41388,3.46885,-0.734273
2.44759,3.47166,-0.738233
2.46885,3.45658,-0.738233
2.48136,3.42941,-0.735533
2.47619,3.37842,-0.727432
2.5086,3.37896,-0.731032
2.56535,3.41146,-0.742013
2.6071,3.42304,-0.748313
2.62925,3.40853,-0.748673
2.65981,3.40474,-0.751553
2.6953,3.40687,-0.755873
2.718,3.39257,-0.756413
2.73876,3.37583,-0.756413
2.76255,3.36276,-0.757313
2.79445,3.35936,-0.760553
2.82389,3.35268,-0.763073
2.84951,3.34128,-0.764513
2.80824,3.25226,-0.747233
2.82814,3.23497,-0.747233
2.85446,3.22492,-0.749033
2.86106,3.19269,-0.745433
2.90571,3.20276,-0.752273
2.97056,3.23413,-0.764513
3.0138,3.24105,-0.770813
2.99654,3.18311,-0.760913
3.04724,3.19742,-0.769193
3.05382,3.16521,-0.765773
2.99757,3.06901,-0.745973
3.0115,3.04567,-0.744713
3.02735,3.02435,-0.743993
3.04025,3.00019,-0.742553
3.06635,2.98903,-0.744533
3.09668,2.98176,-0.747593
3.13203,2.97897,-0.751913
3.17104,2.97923,-0.757133
3.17195,2.94366,-0.752813
3.1769,2.91217,-0.749573
3.20492,2.90187,-0.752093
3.2366,2.89461,-0.755513
3.25798,2.87795,-0.756413
3.28299,2.86437,-0.758213
3.32435,2.86472,-0.763973
3.3591,2.85893,-0.768113
3.38561,2.84586,-0.770273
3.41739,2.83697,-0.773693
3.45299,2.83091,-0.778014
3.48941,2.82514,-0.782514
3.52589,2.81903,-0.787014
3.56706,2.81624,-0.792594
3.60987,2.81426,-0.798534
3.65202,2.81125,-0.804294
3.69974,2.812,-0.811314
3.74604,2.81109,-0.817974
3.78851,2.80679,-0.823735
3.82948,2.80091,-0.829135
3.86335,2.78945,-0.832915
3.91003,2.78681,-0.839575
3.93751,2.77013,-0.841915
3.99807,2.77621,-0.851635
4.04424,2.77164,-0.858115
4.10354,2.77543,-0.867476
4.13113,2.75729,-0.869816
4.16112,2.74055,-0.872696
4.17456,2.71282,-0.871976
4.15469,2.6638,-0.864056
4.19007,2.65035,-0.868196
4.19958,2.62042,-0.866756
4.21726,2.59564,-0.867116
4.26674,2.59013,-0.874316
4.28677,2.56642,-0.875216
4.31345,2.54657,-0.877556
4.29329,2.49928,-0.869996
4.31281,2.47533,-0.870896
4.28853,2.42654,-0.862615
4.31193,2.40498,-0.864416
4.31195,2.37042,-0.861355
4.31431,2.33736,-0.858835
4.36588,2.33076,-0.866576
4.401,2.31491,-0.870896
4.41512,2.28787,-0.870896
4.40103,2.24642,-0.865136
4.42616,2.22512,-0.867476
4.37449,2.16563,-0.854155
4.3877,2.13875,-0.854155
4.42469,2.12327,-0.859015
4.44652,2.10028,-0.860815
4.46646,2.07628,-0.862256
4.51759,2.06642,-0.869996
4.48712,2.01929,-0.861355
4.49763,1.99093,-0.860995
4.47639,1.94877,-0.854335
4.53529,1.94139,-0.863696
4.49997,1.89369,-0.854335
4.56786,1.88935,-0.865496
4.57845,1.86091,-0.865316
4.60806,1.84008,-0.868916
4.56157,1.78915,-0.857575
4.62754,1.78233,-0.868376
4.63655,1.75321,-0.868016
4.58358,1.70112,-0.855595
4.59024,1.67161,-0.854875
4.62542,1.65235,-0.859735
4.6104,1.61516,-0.854875
4.61186,1.58396,-0.853255
4.63827,1.56128,-0.856495
4.67672,1.54234,-0.862076
4.64865,1.50153,-0.854875
4.70561,1.4881,-0.864056
4.66673,1.44437,-0.854875
4.6482,1.40744,-0.849655
4.71523,1.39621,-0.860815
4.65567,1.34756,-0.847855
4.66575,1.3195,-0.848215
4.68134,1.29295,-0.849655
4.69014,1.26445,-0.849835
4.71113,1.23915,-0.852355
4.73484,1.21438,-0.855415
4.70785,1.17672,-0.848935
4.78093,1.16386,-0.861355
4.73437,1.1218,-0.851275
4.74117,1.09273,-0.851275
4.74202,1.06233,-0.850195
4.78786,1.04179,-0.857575
4.77107,1.00751,-0.853255
4.77812,0.978416,-0.853435
4.78018,0.948314,-0.852715
4.77528,0.916926,-0.850735
4.75664,0.883121,-0.846235
4.78617,0.858257,-0.850735
4.78747,0.828203,-0.850015
4.8303,0.805117,-0.857035
4.81767,0.772661,-0.853795
4.85246,0.747727,-0.859375
4.81317,0.71147,-0.851275
4.82718,0.683301,-0.853075
4.86345,0.658019,-0.859015
4.8352,0.624013,-0.853075
4.8116,0.590977,-0.848035
4.81709,0.561671,-0.848395
4.83805,0.534044,-0.851635
4.78938,0.498951,-0.842095
4.82661,0.472909,-0.848395
4.83824,0.444093,-0.850015
4.8546,0.415571,-0.852535
4.87078,0.386865,-0.855055
4.87503,0.357115,-0.855415
4.81431,0.322986,-0.843895
4.85548,0.29583,-0.851095
4.85131,0.265709,-0.850015
4.83123,0.234888,-0.846055
4.81784,0.204615,-0.843355
4.85833,0.176475,-0.850555
4.8485,0.146336,-0.848575
4.82964,0.116112,-0.844975
4.87059,0.0871941,-0.852355
4.86119,0.0571922,-0.850555
4.85949,0.0273524,-0.850195
4.87333,-0.00247342,-0.852715
4.86241,-0.0323028,-0.850735
4.86703,-0.0622006,-0.851635
4.84394,-0.0916333,-0.847495
4.87377,-0.12212,-0.853075
4.84737,-0.151223,-0.848395
4.77852,-0.178425,-0.835975
4.82647,-0.209882,-0.844975
4.81036,-0.238761,-0.842275
4.79309,-0.267394,-0.839395
4.81099,-0.298017,-0.842995
4.8287,-0.328869,-0.846595
4.81875,-0.357908,-0.845155
4.83019,-0.388574,-0.847675
4.84437,-0.419648,-0.850735
4.82995,-0.448273,-0.848575
4.81732,-0.476931,-0.846775
4.77322,-0.502155,-0.839215
4.7153,-0.525329,-0.829135
4.79503,-0.564026,-0.844435
4.78659,-0.592833,-0.843535
4.76238,-0.619525,-0.839755
4.80333,-0.654851,-0.848035
4.76611,-0.679587,-0.841915
4.75601,-0.707949,-0.840835
4.7681,-0.739683,-0.843895
4.7392,-0.765005,-0.839395
4.73344,-0.793907,-0.839215
4.74011,-0.824961,-0.841375
4.75045,-0.856825,-0.844255
4.74413,-0.885776,-0.844075
4.73378,-0.913936,-0.843175
4.73291,-0.943927,-0.844075
4.70294,-0.967991,-0.839575
4.68729,-0.994786,-0.837775
4.70512,-1.02878,-0.842275
4.69392,-1.05655,-0.841375
4.69502,-1.08711,-0.842815
4.69209,-1.11681,-0.843535
4.68037,-1.14441,-0.842635
4.69138,-1.17766,-0.846055
4.68598,-1.20691,-0.846415
4.66992,-1.23338,-0.844795
4.66322,-1.26227,-0.844975
4.65159,-1.28981,-0.844255
4.64359,-1.31832,-0.844255
4.63069,-1.34542,-0.843355
4.63932,-1.37885,-0.846595
4.61289,-1.40186,-0.843175
4.63896,-1.44093,-0.849835
4.62347,-1.46729,-0.848575
4.59098,-1.48805,-0.844075
4.57616,-1.51433,-0.842995
4.57611,-1.54553,-0.844795
4.57584,-1.57679,-0.846595
4.52432,-1.59015,-0.838495
4.52836,-1.62286,-0.841195
4.52941,-1.65467,-0.843355
4.53761,-1.68929,-0.846955
4.51336,-1.71187,-0.844255
4.5358,-1.7523,-0.850735
4.50666,-1.77289,-0.847135
4.47195,-1.791,-0.842455
4.43629,-1.80838,-0.837595
4.47871,-1.8578,-0.848215
4.40379,-1.85847,-0.835615
4.43479,-1.9037,-0.844075
4.44015,-1.93835,-0.847495
4.38412,-1.946,-0.838675
4.3461,-1.96113,-0.833455
4.3617,-2.00048,-0.839035
4.29942,-2.00393,-0.828955
4.32971,-2.05048,-0.837595
4.32502,-2.08085,-0.839215
4.32101,-2.11167,-0.841015
4.30709,-2.1377,-0.840835
4.24119,-2.13752,-0.830035
4.25164,-2.17561,-0.834895
4.25916,-2.21254,-0.839215
4.26725,-2.2501,-0.843715
4.19613,-2.24561,-0.831835
4.22203,-2.29291,-0.840115
4.20875,-2.31925,-0.840295
4.2056,-2.35127,-0.842635
4.16885,-2.36441,-0.837955
4.09628,-2.35659,-0.825715
4.13697,-2.4139,-0.837415
4.10684,-2.43022,-0.834175
4.0927,-2.45588,-0.834355
4.08595,-2.48606,-0.836155
4.02709,-2.48423,-0.826795
4.00343,-2.50367,-0.824995
4.0071,-2.54031,-0.829135
4.0535,-2.60473,-0.842635
4.00695,-2.60969,-0.835975
3.98511,-2.63043,-0.834715
3.94601,-2.63952,-0.829675
3.96556,-2.68797,-0.837595
3.9271,-2.69722,-0.832735
3.90079,-2.71452,-0.830575
3.89933,-2.74917,-0.833995
3.86158,-2.75818,-0.829315
3.8151,-2.76048,-0.822655
3.85362,-2.82455,-0.835255
3.83069,-2.84404,-0.833995
3.81081,-2.86572,-0.833455
3.79628,-2.89143,-0.834175
3.79093,-2.92428,-0.837055
3.78842,-2.9596,-0.840655
3.7617,-2.97608,-0.838675
3.74107,-2.99726,-0.838135
3.71803,-3.01644,-0.837055
3.69565,-3.03607,-0.836155
3.69358,-3.07253,-0.840115
3.65209,-3.07612,-0.834715
3.6092,-3.07805,-0.828955
3.64534,-3.14771,-0.842275
3.55931,-3.11174,-0.826075
3.56887,-3.15895,-0.833095
3.55089,-3.18211,-0.833455
3.49414,-3.17012,-0.824275
3.49926,-3.21413,-0.830395
3.53493,-3.28712,-0.844255
3.51398,-3.30808,-0.844075
3.46798,-3.30514,-0.837595
3.46179,-3.34002,-0.841195
3.40042,-3.32133,-0.830755
3.41285,-3.37464,-0.839215
3.3747,-3.37812,-0.834715
3.37118,-3.41627,-0.839215
3.35634,-3.44323,-0.840835
3.3447,-3.47368,-0.843355
3.31519,-3.48558,-0.841195
3.28431,-3.49582,-0.838675
3.26815,-3.52168,-0.840115
3.26841,-3.56559,-0.846055
3.23657,-3.57464,-0.843355
3.22113,-3.60177,-0.845155
3.16967,-3.58829,-0.837055
3.17863,-3.64325,-0.845695
3.12347,-3.62468,-0.836515
3.13623,-3.68498,-0.846415
3.07179,-3.65445,-0.834535
3.05182,-3.67626,-0.835255
3.01362,-3.67589,-0.830755
3.02629,-3.7379,-0.841015
2.9904,-3.74026,-0.837235
2.95642,-3.74464,-0.833995
2.90194,-3.72237,-0.824635
2.92284,-3.79701,-0.837775
2.90961,-3.82819,-0.840835
2.89079,-3.85226,-0.842275
2.86592,-3.86835,-0.841915
2.84039,-3.88348,-0.841375
2.82687,-3.91519,-0.844615
2.80109,-3.93006,-0.844075
2.77579,-3.94556,-0.843715
2.74704,-3.95605,-0.842275
2.71826,-3.96634,-0.840835
2.69277,-3.98132,-0.840475
2.68467,-4.02231,-0.845875
2.66319,-4.04364,-0.846955
2.63511,-4.05495,-0.845875
2.61337,-4.07601,-0.846955
2.56728,-4.05872,-0.839755
2.54909,-4.08524,-0.842095
2.50645,-4.07232,-0.835975
2.49877,-4.11622,-0.842095
2.46083,-4.11037,-0.837595
2.45457,-4.15758,-0.844435
2.42753,-4.17002,-0.843895
2.40679,-4.19336,-0.845695
2.37859,-4.20377,-0.844795
2.33647,-4.18908,-0.838675
2.3273,-4.23351,-0.844975
2.31534,-4.27365,-0.850375
2.28953,-4.28865,-0.850555
2.22838,-4.23645,-0.836875
2.23176,-4.30681,-0.848575
2.20216,-4.31429,-0.847315
2.17829,-4.333,-0.848395
2.13203,-4.30661,-0.840295
2.09307,-4.29397,-0.835075
2.09179,-4.35906,-0.845695
2.05996,-4.36114,-0.843535
2.02155,-4.34872,-0.838495
2.0022,-4.37714,-0.841735
1.97167,-4.38127,-0.840115
1.96664,-4.44276,-0.850015
1.92992,-4.4331,-0.845695
1.88217,-4.39692,-0.836155
1.87996,-4.46733,-0.847855
1.85251,-4.47878,-0.847855
1.82684,-4.49462,-0.848755
1.78318,-4.46554,-0.840835
1.76006,-4.48739,-0.842995
1.72648,-4.4825,-0.839935
1.70277,-4.50313,-0.841915
1.66861,-4.49597,-0.838495
1.65748,-4.55142,-0.847315
1.63118,-4.56613,-0.848215
1.60248,-4.5742,-0.847855
1.57502,-4.58581,-0.848215
1.54748,-4.59725,-0.848575
1.51986,-4.60852,-0.848935
1.49246,-4.62057,-0.849475
1.45192,-4.59119,-0.842095
1.42285,-4.59719,-0.841555
1.40174,-4.62937,-0.846055
1.36521,-4.61053,-0.840835
1.35221,-4.67174,-0.850915
1.32298,-4.67805,-0.850555
1.283,-4.64531,-0.842815
1.25626,-4.65974,-0.844075
1.22965,-4.67498,-0.845515
1.19703,-4.66719,-0.842635
1.16885,-4.67635,-0.842995
1.15106,-4.72836,-0.851455
1.11545,-4.70757,-0.846235
1.09119,-4.73446,-0.850015
1.06427,-4.75066,-0.851815
0,0,0
0,0,0
0,0,0
0,0,0
0,0,0
0,0,0
0,0,0
0,0,0
0,0,0
0,0,0
0,0,0
0,0,0
0,0,0
0,0,0
0,0,0
0,0,0
0,0,0
0,0,0
0,0,0
0,0,0
0,0,0
0,0,0
0,0,0
0,0,0
0,0,0
0,0,0
0,0,0
0,0,0
0,0,0
0,0,0
0,0,0
0,0,0
0,0,0
0,0,0
0,0,0
0,0,0
0,0,0
0,0,0
0,0,0
0,0,0
0,0,0
0,0,0
0,0,0
0,0,0
0,0,0
0,0,0
0,0,0
0,0,0
0,0,0
0,0,0
0,0,0
0,0,0
0,0,0
0,0,0
0,0,0
0,0,0
0,0,0
0,0,0
0,0,0
0,0,0
0,0,0
0,0,0
0,0,0
0,0,0
0,0,0
0,0,0
0,0,0
0,0,0
0,0,0
0,0,0
0,0,0
0,0,0
0,0,0
0,0,0
0,0,0
0,0,0
0,0,0
0,0,0
0,0,0
0,0,0
0,0,0
0,0,0
0,0,0
0,0,0
0,0,0
0,0,0
0,0,0
0,0,0
0,0,0
0,0,0
0,0,0
0,0,0
0,0,0
0,0,0
0,0,0
0,0,0
0,0,0
0,0,0
0,0,0
0,0,0
0,0,0
0,0,0
0,0,0
0,0,0
0,0,0
0,0,0
0,0,0
0,0,0
0,0,0
0,0,0
0,0,0
0,0,0
0,0,0
0,0,0
0,0,0
0,0,0
0,0,0
0,0,0
0,0,0
0,0,0
0,0,0
0,0,0
0,0,0
0,0,0
0,0,0
0,0,0
0,0,0
0,0,0
0,0,0
0,0,0
0,0,0
0,0,0
0,0,0
0,0,0
0,0,0
0,0,0
0,0,0
0,0,0
0,0,0
0,0,0
0,0,0
0,0,0
0,0,0
0,0,0
0,0,0
0,0,0
0,0,0
0,0,0
0,0,0
0,0,0
0,0,0
0,0,0
0,0,0
0,0,0
0,0,0
0,0,0
0,0,0
0,0,0
0,0,0
0,0,0
0,0,0
0,0,0
0,0,0
0,0,0
0,0,0
0,0,0
0,0,0
0,0,0
0,0,0
0,0,0
0,0,0
0,0,0
0,0,0
0,0,0
0,0,0
0,0,0
0,0,0
0,0,0
0,0,0
0,0,0
0,0,0
0,0,0
0,0,0
0,0,0
0,0,0
0,0,0
0,0,0
0,0,0
0,0,0
0,0,0
0,0,0
0,0,0
0,0,0
0,0,0
0,0,0
0,0,0
0,0,0
0,0,0
0,0,0
0,0,0
0,0,0
0,0,0
0,0,0
0,0,0
0,0,0
0,0,0
0,0,0
0,0,0
0,0,0
0,0,0
0,0,0
0,0,0
0,0,0
0,0,0
0,0,0
0,0,0
0,0,0
0,0,0
0,0,0
0,0,0
0,0,0
0,0,0
0,0,0
0,0,0
0,0,0
0,0,0
0,0,0
0,0,0
0,0,0
0,0,0
0,0,0
0,0,0
0,0,0
0,0,0
0,0,0
0,0,0
0,0,0
0,0,0
0,0,0
0,0,0
0,0,0
0,0,0
0,0,0
0,0,0
0,0,0
0,0,0
0,0,0
0,0,0
0,0,0
0,0,0
0,0,0
0,0,0
0,0,0
0,0,0
0,0,0
0,0,0
0,0,0
0,0,0
0,0,0
0,0,0
0,0,0
0,0,0
0,0,0
0,0,0
0,0,0
0,0,0
0,0,0
0,0,0
0,0,0
0,0,0
0,0,0
0,0,0
0,0,0
0,0,0
0,0,0
0,0,0
0,0,0
0,0,0
0,0,0
0,0,0
0,0,0
0,0,0
0,0,0
0,0,0
0,0,0
0,0,0
0,0,0
0,0,0
0,0,0
0,0,0
0,0,0
0,0,0
0,0,0
0,0,0
0,0,0
0,0,0
0,0,0
0,0,0
0,0,0
0,0,0
0,0,0
0,0,0
0,0,0
0,0,0
0,0,0
0,0,0
0,0,0
0,0,0
0,0,0
0,0,0
0,0,0
0,0,0
0,0,0
0,0,0
0,0,0
0,0,0
0,0,0
0,0,0
0,0,0
0,0,0
0,0,0
0,0,0
0,0,0
0,0,0
0,0,0
0,0,0
0,0,0
0,0,0
0,0,0
0,0,0
0,0,0
0,0,0
0,0,0
0,0,0
0,0,0
0,0,0
0,0,0
0,0,0
0,0,0
0,0,0
0,0,0
0,0,0
0,0,0
0,0,0
0,0,0
0,0,0
0,0,0
0,0,0
0,0,0
0,0,0
0,0,0
0,0,0
0,0,0
0,0,0
0,0,0
0,0,0
0,0,0
0,0,0
0,0,0
0,0,0
0,0,0
0,0,0
0,0,0
0,0,0
0,0,0
0,0,0
0,0,0
0,0,0
0,0,0
0,0,0
0,0,0
0,0,0
0,0,0
0,0,0
0,0,0
0,0,0
0,0,0
0,0,0
0,0,0
0,0,0
0,0,0
0,0,0
0,0,0
0,0,0
0,0,0
0,0,0
0,0,0
0,0,0
0,0,0
0,0,0
0,0,0
0,0,0
0,0,0
0,0,0
0,0,0
0,0,0
0,0,0
0,0,0
0,0,0
0,0,0
0,0,0
0,0,0
0,0,0
0,0,0
0,0,0
0,0,0
0,0,0
0,0,0
0,0,0
0,0,0
0,0,0
0,0,0
0,0,0
0,0,0
0,0,0
0,0,0
0,0,0
0,0,0
0,0,0
0,0,0
0,0,0
0,0,0
0,0,0
0,0,0
0,0,0
0,0,0
0,0,0
0,0,0
0,0,0
0,0,0
0,0,0
0,0,0
0,0,0
0,0,0
0,0,0
0,0,0
0,0,0
0,0,0
0,0,0
0,0,0
0,0,0
0,0,0
0,0,0
0,0,0
0,0,0
0,0,0
0,0,0
0,0,0
0,0,0
0,0,0
0,0,0
0,0,0
0,0,0
0,0,0
0,0,0
0,0,0
0,0,0
0,0,0
0,0,0
0,0,0
0,0,0
0,0,0
0,0,0
0,0,0
0,0,0
0,0,0
0,0,0
0,0,0
0,0,0
0,0,0
0,0,0
0,0,0
0,0,0
0,0,0
0,0,0
0,0,0
0,0,0
0,0,0
0,0,0
0,0,0
0,0,0
0,0,0
0,0,0
0,0,0
0,0,0
0,0,0
0,0,0
0,0,0
0,0,0
0,0,0
0,0,0
0,0,0
0,0,0
0,0,0
0,0,0
0,0,0
0,0,0
0,0,0
0,0,0
0,0,0
0,0,0
0,0,0
0,0,0
0,0,0
0,0,0
0,0,0
0,0,0
0,0,0
0,0,0
0,0,0
0,0,0
0,0,0
0,0,0
0,0,0
0,0,0
0,0,0
0,0,0
0,0,0
0,0,0
0,0,0
0,0,0
0,0,0
0,0,0
0,0,0
0,0,0
0,0,0
0,0,0
0,0,0
0,0,0
0,0,0
0,0,0
0,0,0
0,0,0
0,0,0
0,0,0
0,0,0
0,0,0
0,0,0
0,0,0
0,0,0
0,0,0
0,0,0
0,0,0
0,0,0
0,0,0
0,0,0
0,0,0
0,0,0
0,0,0
0,0,0
0,0,0
0,0,0
0,0,0
0,0,0
0,0,0
0,0,0
0,0,0
0,0,0
0,0,0
0,0,0
0,0,0
0,0,0
0,0,0
0,0,0
0,0,0
0,0,0
0,0,0
0,0,0
0,0,0
0,0,0
0,0,0
0,0,0
0,0,0
0,0,0
0,0,0
0,0,0
0,0,0
0,0,0
0,0,0
0,0,0
0,0,0
0,0,0
0,0,0
0,0,0
0,0,0
0,0,0
0,0,0
0,0,0
0,0,0
0,0,0
0,0,0
0,0,0
0,0,0
0,0,0
0,0,0
0,0,0
0,0,0
0,0,0
0,0,0
0,0,0
0,0,0
0,0,0
0,0,0
0,0,0
0,0,0
0,0,0
0,0,0
0,0,0
0,0,0
0,0,0
0,0,0
1.13501,3.72857,-0.722572
1.16049,3.72997,-0.724298
1.18602,3.7312,-0.726025
1.21223,3.73412,-0.728135
1.24098,3.74431,-0.73178
1.26958,3.75337,-0.735233
1.29515,3.75293,-0.736768
1.32011,3.75047,-0.737919
1.34442,3.74599,-0.738686
1.35828,3.71278,-0.733507
1.38138,3.7053,-0.733698
1.42254,3.74538,-0.743866
1.40941,3.64321,-0.724298
1.44755,3.67468,-0.732739
1.4551,3.62837,-0.724874
1.47512,3.61392,-0.723723
1.48974,3.58668,-0.719886
1.55829,3.68777,-0.74329
1.59754,3.71692,-0.751539
1.40585,3.21598,-0.646796
1.40763,3.16693,-0.638164
1.42865,3.16181,-0.638931
1.45498,3.16815,-0.642192
1.47854,3.16806,-0.644111
1.58956,3.35227,-0.685931
1.74418,3.62102,-0.74636
1.75429,3.58556,-0.740988
1.7492,3.52023,-0.729094
1.77209,3.51206,-0.72967
1.85622,3.62342,-0.756527
1.87298,3.60152,-0.754225
1.87948,3.56044,-0.747703
1.76881,3.30139,-0.692837
1.77216,3.25943,-0.685931
1.77792,3.22271,-0.680176
1.79478,3.2066,-0.679025
1.81781,3.2015,-0.680368
1.87953,3.26344,-0.696866
2.01331,3.44679,-0.740988
2.05242,3.46478,-0.747894
2.08879,3.47736,-0.75365
2.11979,3.48041,-0.757294
2.14059,3.4665,-0.757103
2.13423,3.4092,-0.746935
2.1693,3.41842,-0.752115
2.19925,3.41908,-0.755376
2.21644,3.39977,-0.754033
2.24537,3.39839,-0.756911
2.26727,3.38618,-0.757294
2.28856,3.37302,-0.757486
2.29865,3.34354,-0.753841
2.02867,2.91214,-0.65447
2.05272,2.90846,-0.65658
2.07338,2.8998,-0.657539
2.11415,2.91882,-0.665213
2.13957,2.91609,-0.667707
2.16561,2.91393,-0.670392
2.19112,2.91079,-0.672886
2.50812,3.28996,-0.76938
2.51927,3.26285,-0.766503
2.53984,3.2481,-0.766694
2.55424,3.22553,-0.764968
2.57276,3.20827,-0.764584
2.60848,3.21223,-0.769572
2.63312,3.20223,-0.771107
2.64268,3.17395,-0.768037
2.65578,3.15017,-0.766119
2.67506,3.13381,-0.766119
2.70835,3.13368,-0.770339
2.72236,3.11109,-0.768805
2.76742,3.12372,-0.776478
2.78588,3.10595,-0.776286
2.78708,3.06918,-0.771107
2.80719,3.05346,-0.77149
2.84325,3.05486,-0.776478
2.85723,3.03236,-0.775135
2.87036,3.00909,-0.773601
2.88673,2.9893,-0.773025
2.88375,2.94977,-0.767078
2.88523,2.91527,-0.762474
2.92251,2.91693,-0.767845
2.90542,2.86449,-0.758254
2.94122,2.86441,-0.763241
2.98419,2.87081,-0.770148
3.00318,2.8538,-0.770531
3.03136,2.8454,-0.773409
3.06171,2.83876,-0.776862
3.08848,2.82854,-0.779356
3.12397,2.826,-0.784152
3.16539,2.82836,-0.790482
3.19667,2.82123,-0.794127
3.22501,2.81124,-0.797005
3.26674,2.81254,-0.803335
3.30636,2.81152,-0.80909
3.34534,2.80949,-0.814654
3.38442,2.80708,-0.820217
3.42814,2.80804,-0.826931
3.46896,2.80609,-0.832878
3.51141,2.80497,-0.839209
3.54396,2.79553,-0.843045
3.57653,2.7858,-0.846882
3.61689,2.78176,-0.852637
3.65655,2.77673,-0.858201
3.6908,2.7672,-0.862421
3.74083,2.76904,-0.870478
3.79816,2.77557,-0.880262
3.77453,2.72292,-0.870478
3.79117,2.69971,-0.870478
3.82291,2.68712,-0.874123
3.85384,2.67369,-0.877576
3.86936,2.64944,-0.877384
3.9075,2.64049,-0.882564
3.91383,2.60993,-0.880262
3.92977,2.58586,-0.880262
3.93157,2.55261,-0.877001
3.94468,2.52685,-0.876425
3.96675,2.5068,-0.87796
3.99038,2.4876,-0.879878
4.00891,2.46513,-0.880646
4.00131,2.42674,-0.875466
4.00602,2.39609,-0.873164
4.01896,2.37047,-0.87278
4.0436,2.35169,-0.875082
4.04093,2.31706,-0.871246
4.04226,2.28498,-0.868368
4.07849,2.27256,-0.873356
4.09494,2.24891,-0.873931
4.10003,2.21907,-0.872013
4.12483,2.19987,-0.874507
4.13998,2.17544,-0.87489
4.14715,2.14683,-0.873548
4.16724,2.12492,-0.875082
4.18897,2.10371,-0.877001
4.19388,2.07405,-0.875274
4.21535,2.05258,-0.877192
4.21725,2.02158,-0.87489
4.21804,1.99022,-0.872397
4.20703,1.95355,-0.867409
4.22429,1.93015,-0.86856
4.22979,1.90137,-0.867217
4.24676,1.87777,-0.868368
4.2573,1.85128,-0.868176
4.28753,1.83323,-0.872205
4.27699,1.79776,-0.867601
4.30426,1.77823,-0.871054
4.30964,1.74957,-0.869903
4.31027,1.71909,-0.867792
4.32347,1.69368,-0.868368
4.33287,1.66677,-0.868176
4.37515,1.6523,-0.87489
4.35852,1.61552,-0.869327
4.36558,1.58774,-0.868752
4.39465,1.56786,-0.87278
4.38937,1.53567,-0.869711
4.39035,1.50584,-0.867984
4.38649,1.47449,-0.865299
4.4085,1.45185,-0.867984
4.43134,1.4293,-0.870862
4.43254,1.39972,-0.869327
4.42323,1.36698,-0.865682
4.43623,1.34124,-0.866641
4.43591,1.31148,-0.864915
4.44858,1.2856,-0.865874
4.45261,1.25722,-0.865107
4.46497,1.23118,-0.866066
4.45823,1.19993,-0.863188
4.48449,1.17754,-0.867025
4.47071,1.14464,-0.862805
4.47004,1.11529,-0.86127
4.47966,1.08853,-0.861845
4.48434,1.06057,-0.861462
4.48311,1.03128,-0.859927
4.49989,1.00611,-0.862037
4.51078,0.97952,-0.862997
4.51382,0.951216,-0.862421
4.51957,0.923502,-0.862421
4.52612,0.895944,-0.862613
4.51514,0.865012,-0.859352
4.52422,0.838007,-0.860119
4.51479,0.807635,-0.857241
4.54094,0.783595,-0.861462
4.53598,0.754106,-0.859543
4.53761,0.725793,-0.858968
4.54198,0.697937,-0.858968
4.552,0.670915,-0.860119
4.58227,0.646682,-0.865299
4.57643,0.617239,-0.86338
4.57234,0.588143,-0.861845
4.56125,0.558285,-0.858968
4.56459,0.530287,-0.858968
4.56776,0.502269,-0.858968
4.57564,0.47474,-0.859927
4.55698,0.444554,-0.855707
4.56059,0.416674,-0.855899
4.56698,0.389017,-0.856666
4.56341,0.360522,-0.855515
4.57532,0.33323,-0.857433
4.57434,0.304953,-0.856858
4.58298,0.277297,-0.858201
4.58264,0.249064,-0.857817
4.58604,0.221035,-0.858201
4.603,0.193555,-0.86127
4.62176,0.165947,-0.864723
4.6325,0.137879,-0.866641
4.61363,0.108984,-0.862805
4.62305,0.0808297,-0.864531
4.62738,0.0525072,-0.865299
4.60995,0.0240167,-0.861845
4.59431,-0.0042593,-0.858776
4.58635,-0.0323959,-0.857241
4.5684,-0.0603078,-0.853788
4.55028,-0.0880007,-0.850335
4.56437,-0.11629,-0.853213
4.54591,-0.143741,-0.84976
4.54494,-0.171631,-0.84976
4.54381,-0.199515,-0.84976
4.54152,-0.227343,-0.849568
4.53807,-0.255095,-0.849184
4.54524,-0.283483,-0.850911
4.54146,-0.311233,-0.850527
4.5375,-0.338947,-0.850143
4.5373,-0.36694,-0.850527
4.54083,-0.395283,-0.851678
4.5432,-0.423592,-0.852637
4.55224,-0.452623,-0.854939
4.50545,-0.475918,-0.846307
4.49659,-0.502901,-0.845156
4.50512,-0.53186,-0.847458
4.50762,-0.560217,-0.848609
4.49631,-0.586851,-0.847074
4.5111,-0.616951,-0.850719
4.48197,-0.641012,-0.845731
4.47504,-0.668067,-0.845156
4.46988,-0.695362,-0.844964
4.47231,-0.723872,-0.846307
4.46682,-0.751137,-0.846115
4.4689,-0.77971,-0.847458
4.47272,-0.808686,-0.849184
4.4561,-0.833951,-0.846882
4.44897,-0.860905,-0.846499
4.44842,-0.889148,-0.847458
4.4323,-0.914248,-0.845348
4.44005,-0.944281,-0.848033
4.41979,-0.96836,-0.845156
4.41568,-0.995893,-0.845539
4.42096,-1.02563,-0.847841
4.39835,-1.04887,-0.84458
4.39851,-1.07747,-0.845923
4.40704,-1.10826,-0.848992
4.40301,-1.13602,-0.849568
4.39975,-1.16402,-0.850335
4.38969,-1.19022,-0.84976
4.37757,-1.21582,-0.848801
4.36153,-1.24024,-0.847074
4.3463,-1.26479,-0.845539
4.34504,-1.29339,-0.846882
4.33045,-1.31803,-0.845539
4.31666,-1.34283,-0.844388
4.30647,-1.3687,-0.844005
4.31106,-1.39933,-0.84669
4.29773,-1.42422,-0.845731
4.27776,-1.44679,-0.843429
4.28736,-1.47941,-0.847266
4.28561,-1.50829,-0.848801
4.25872,-1.52827,-0.845156
4.24742,-1.5537,-0.844772
4.24976,-1.58418,-0.847266
4.25097,-1.61441,-0.849568
4.22634,-1.6348,-0.846499
4.21805,-1.66142,-0.846882
4.20778,-1.68727,-0.846882
4.1928,-1.7112,-0.845923
4.18676,-1.73878,-0.846882
4.20585,-1.77703,-0.853213
4.17593,-1.79467,-0.849184
4.16394,-1.81987,-0.848992
4.16345,-1.85016,-0.851294
4.17081,-1.88415,-0.855323
4.12706,-1.89498,-0.848417
4.10824,-1.91695,-0.846882
4.09906,-1.94338,-0.847458
4.07025,-1.96041,-0.843813
4.03875,-1.97586,-0.839592
4.03183,-2.00322,-0.840743
4.01157,-2.02395,-0.839017
4.00607,-2.0521,-0.840552
4.00211,-2.08117,-0.84247
3.99881,-2.11072,-0.84458
4.00222,-2.14402,-0.848225
4.00969,-2.17978,-0.852829
4.00741,-2.2105,-0.855323
3.9912,-2.23361,-0.854748
3.97572,-2.25709,-0.854364
3.95924,-2.27998,-0.853788
3.95026,-2.3072,-0.854939
3.9259,-2.32539,-0.852637
3.90651,-2.34641,-0.851486
3.88617,-2.36676,-0.850143
3.87157,-2.39056,-0.850143
3.86016,-2.41635,-0.850911
3.82537,-2.42738,-0.846307
3.82031,-2.45717,-0.848609
3.80763,-2.48217,-0.849184
3.78168,-2.49846,-0.84669
3.76546,-2.52107,-0.846499
3.75154,-2.54523,-0.846882
3.73747,-2.56931,-0.847266
3.70392,-2.57986,-0.843045
3.6808,-2.59745,-0.841319
3.67677,-2.62854,-0.844196
3.66057,-2.65105,-0.844196
3.63395,-2.66592,-0.841703
3.61516,-2.68641,-0.841127
3.60096,-2.71031,-0.841703
3.5991,-2.74366,-0.845348
3.58685,-2.76929,-0.846499
3.55974,-2.78339,-0.844005
3.5703,-2.8271,-0.850911
3.55825,-2.85325,-0.852254
3.50791,-2.84844,-0.844005
3.52221,-2.89608,-0.852062
3.49306,-2.90822,-0.849184
3.4864,-2.93909,-0.852062
3.46382,-2.9566,-0.850911
3.43076,-2.96497,-0.847074
3.43393,-3.0047,-0.852637
3.41763,-3.02767,-0.853213
3.38145,-3.03286,-0.848609
3.37368,-3.06344,-0.851486
3.34832,-3.07811,-0.84976
3.31643,-3.08656,-0.846307
3.29529,-3.10484,-0.845731
3.26836,-3.11755,-0.843621
3.25835,-3.1464,-0.846115
3.22986,-3.15742,-0.843621
3.22019,-3.18684,-0.846307
3.18255,-3.18848,-0.841319
3.17464,-3.21983,-0.84458
3.15003,-3.23433,-0.843237
3.13285,-3.25642,-0.844005
3.14121,-3.30546,-0.852062
3.11213,-3.31537,-0.849568
3.08639,-3.32865,-0.848033
3.08713,-3.37068,-0.854172
3.07166,-3.39538,-0.855707
3.05011,-3.41343,-0.855515
3.02196,-3.42399,-0.853405
3.00606,-3.44838,-0.854939
2.97716,-3.45784,-0.852637
2.96733,-3.4895,-0.85609
2.90356,-3.45729,-0.843237
2.92617,-3.52791,-0.856666
2.86714,-3.50026,-0.845156
2.8524,-3.52617,-0.847266
2.82642,-3.53824,-0.845923
2.80952,-3.56168,-0.847458
2.78339,-3.57344,-0.846115
2.76919,-3.60056,-0.848609
2.74527,-3.61514,-0.848033
2.72598,-3.63584,-0.848992
2.70654,-3.65644,-0.849952
2.6881,-3.67852,-0.851294
2.6471,-3.66948,-0.845156
2.65814,-3.73282,-0.856474
2.61881,-3.72578,-0.850911
2.5931,-3.73774,-0.849952
2.56956,-3.75277,-0.84976
2.55089,-3.77497,-0.851294
2.52604,-3.78811,-0.850719
2.49843,-3.79698,-0.849184
2.4799,-3.81964,-0.850911
2.44794,-3.82157,-0.847841
2.42392,-3.83568,-0.84765
2.40502,-3.85798,-0.849376
2.38336,-3.87601,-0.850143
2.35953,-3.89056,-0.850143
2.34418,-3.91928,-0.853405
2.3171,-3.92852,-0.852254
2.30134,-3.95708,-0.855515
2.26822,-3.95581,-0.852062
2.24101,-3.96452,-0.850911
2.21808,-3.98077,-0.851486
2.21819,-4.03903,-0.861462
2.1742,-4.01718,-0.853597
2.14581,-4.02352,-0.852062
2.14392,-4.08005,-0.861654
2.10215,-4.06088,-0.854556
2.06738,-4.05447,-0.850335
2.04114,-4.06445,-0.84976
2.01877,-4.08217,-0.850911
1.98853,-4.0839,-0.848609
1.96513,-4.09956,-0.849376
1.9412,-4.1142,-0.849952
1.91757,-4.1296,-0.850719
1.90566,-4.17074,-0.85705
1.87359,-4.16803,-0.85398
1.8452,-4.17317,-0.852637
1.83836,-4.22761,-0.861845
1.79771,-4.20452,-0.854556
1.77036,-4.21185,-0.853788
1.74036,-4.21266,-0.851678
1.713,-4.21962,-0.850911
1.6878,-4.23188,-0.851294
1.6618,-4.24215,-0.851294
1.63398,-4.24769,-0.850335
1.60476,-4.24937,-0.848609
1.57764,-4.25638,-0.848033
1.54713,-4.25399,-0.845539
1.52562,-4.27634,-0.848225
1.50389,-4.29859,-0.850911
1.4829,-4.32352,-0.854172
1.46385,-4.35486,-0.858776
1.43895,-4.36935,-0.859927
1.41452,-4.38557,-0.861462
1.387,-4.3923,-0.861078
1.36727,-4.42417,-0.865874
1.33413,-4.41275,-0.861845
1.30034,-4.39826,-0.857241
1.27197,-4.40144,-0.856282
1.24174,-4.39783,-0.85398
1.21499,-4.40632,-0.854172
1.18972,-4.42032,-0.855515
1.16457,-4.43513,-0.85705
1.14123,-4.4574,-0.860119
1.11505,-4.46908,-0.861078
0,0,0
0,0,0
0,0,0
0,0,0
0,0,0
0,0,0
0,0,0
0,0,0
0,0,0
0,0,0
0,0,0
0,0,0
0,0,0
0,0,0
0,0,0
0,0,0
0,0,0
0,0,0
0,0,0
0,0,0
0,0,0
0,0,0
0,0,0
0,0,0
0,0,0
0,0,0
0,0,0
0,0,0
0,0,0
0,0,0
0,0,0
0,0,0
0,0,0
0,0,0
0,0,0
0,0,0
0,0,0
0,0,0
0,0,0
0,0,0
0,0,0
0,0,0
0,0,0
0,0,0
0,0,0
0,0,0
0,0,0
0,0,0
0,0,0
0,0,0
0,0,0
0,0,0
0,0,0
0,0,0
0,0,0
0,0,0
0,0,0
0,0,0
0,0,0
0,0,0
0,0,0
0,0,0
0,0,0
0,0,0
0,0,0
0,0,0
0,0,0
0,0,0
0,0,0
0,0,0
0,0,0
0,0,0
0,0,0
0,0,0
0,0,0
0,0,0
0,0,0
0,0,0
0,0,0
0,0,0
0,0,0
0,0,0
0,0,0
0,0,0
0,0,0
0,0,0
0,0,0
0,0,0
0,0,0
0,0,0
0,0,0
0,0,0
0,0,0
0,0,0
0,0,0
0,0,0
0,0,0
0,0,0
0,0,0
0,0,0
0,0,0
0,0,0
0,0,0
0,0,0
0,0,0
0,0,0
0,0,0
0,0,0
0,0,0
0,0,0
0,0,0
0,0,0
0,0,0
0,0,0
0,0,0
0,0,0
0,0,0
0,0,0
0,0,0
0,0,0
0,0,0
0,0,0
0,0,0
0,0,0
0,0,0
0,0,0
0,0,0
0,0,0
0,0,0
0,0,0
0,0,0
0,0,0
0,0,0
0,0,0
0,0,0
0,0,0
0,0,0
0,0,0
0,0,0
0,0,0
0,0,0
0,0,0
0,0,0
0,0,0
0,0,0
0,0,0
0,0,0
0,0,0
0,0,0
0,0,0
0,0,0
0,0,0
0,0,0
0,0,0
0,0,0
0,0,0
0,0,0
0,0,0
0,0,0
0,0,0
0,0,0
0,0,0
0,0,0
0,0,0
0,0,0
0,0,0
0,0,0
0,0,0
0,0,0
0,0,0
0,0,0
0,0,0
0,0,0
0,0,0
0,0,0
0,0,0
0,0,0
0,0,0
0,0,0
0,0,0
0,0,0
0,0,0
0,0,0
0,0,0
0,0,0
0,0,0
0,0,0
0,0,0
0,0,0
0,0,0
0,0,0
0,0,0
0,0,0
0,0,0
0,0,0
0,0,0
0,0,0
0,0,0
0,0,0
0,0,0
0,0,0
0,0,0
0,0,0
0,0,0
0,0,0
0,0,0
0,0,0
0,0,0
0,0,0
0,0,0
0,0,0
0,0,0
0,0,0
0,0,0
0,0,0
0,0,0
0,0,0
0,0,0
0,0,0
0,0,0
0,0,0
0,0,0
0,0,0
0,0,0
0,0,0
0,0,0
0,0,0
0,0,0
0,0,0
0,0,0
0,0,0
0,0,0
0,0,0
0,0,0
0,0,0
0,0,0
0,0,0
0,0,0
0,0,0
0,0,0
0,0,0
0,0,0
0,0,0
0,0,0
0,0,0
0,0,0
0,0,0
0,0,0
0,0,0
0,0,0
0,0,0
0,0,0
0,0,0
0,0,0
0,0,0
0,0,0
0,0,0
0,0,0
0,0,0
0,0,0
0,0,0
0,0,0
0,0,0
0,0,0
0,0,0
0,0,0
0,0,0
0,0,0
0,0,0
0,0,0
0,0,0
0,0,0
0,0,0
0,0,0
0,0,0
0,0,0
0,0,0
0,0,0
0,0,0
0,0,0
0,0,0
0,0,0
0,0,0
0,0,0
0,0,0
0,0,0
0,0,0
0,0,0
0,0,0
0,0,0
0,0,0
0,0,0
0,0,0
0,0,0
0,0,0
0,0,0
0,0,0
0,0,0
0,0,0
0,0,0
0,0,0
0,0,0
0,0,0
0,0,0
0,0,0
0,0,0
0,0,0
0,0,0
0,0,0
0,0,0
0,0,0
0,0,0
0,0,0
0,0,0
0,0,0
0,0,0
0,0,0
0,0,0
0,0,0
0,0,0
0,0,0
0,0,0
0,0,0
0,0,0
0,0,0
0,0,0
0,0,0
0,0,0
0,0,0
0,0,0
0,0,0
0,0,0
0,0,0
0,0,0
0,0,0
0,0,0
0,0,0
0,0,0
0,0,0
0,0,0
0,0,0
0,0,0
0,0,0
0,0,0
0,0,0
0,0,0
0,0,0
0,0,0
0,0,0
0,0,0
0,0,0
0,0,0
0,0,0
0,0,0
0,0,0
0,0,0
0,0,0
0,0,0
0,0,0
0,0,0
0,0,0
0,0,0
0,0,0
0,0,0
0,0,0
0,0,0
0,0,0
0,0,0
0,0,0
0,0,0
0,0,0
0,0,0
0,0,0
0,0,0
0,0,0
0,0,0
0,0,0
0,0,0
0,0,0
0,0,0
0,0,0
0,0,0
0,0,0
0,0,0
0,0,0
0,0,0
0,0,0
0,0,0
0,0,0
0,0,0
0,0,0
0,0,0
0,0,0
0,0,0
0,0,0
0,0,0
0,0,0
0,0,0
0,0,0
0,0,0
0,0,0
0,0,0
0,0,0
0,0,0
0,0,0
0,0,0
0,0,0
0,0,0
0,0,0
0,0,0
0,0,0
0,0,0
0,0,0
0,0,0
0,0,0
0,0,0
0,0,0
0,0,0
0,0,0
0,0,0
0,0,0
0,0,0
0,0,0
0,0,0
0,0,0
0,0,0
0,0,0
0,0,0
0,0,0
0,0,0
0,0,0
0,0,0
0,0,0
0,0,0
0,0,0
0,0,0
0,0,0
0,0,0
0,0,0
0,0,0
0,0,0
0,0,0
0,0,0
0,0,0
0,0,0
0,0,0
0,0,0
0,0,0
0,0,0
0,0,0
0,0,0
0,0,0
0,0,0
0,0,0
0,0,0
0,0,0
0,0,0
0,0,0
0,0,0
0,0,0
0,0,0
0,0,0
0,0,0
0,0,0
0,0,0
0,0,0
0,0,0
0,0,0
0,0,0
0,0,0
0,0,0
0,0,0
0,0,0
0,0,0
0,0,0
0,0,0
0,0,0
0,0,0
0,0,0
0,0,0
0,0,0
0,0,0
0,0,0
0,0,0
0,0,0
0,0,0
0,0,0
0,0,0
0,0,0
0,0,0
0,0,0
0,0,0
0,0,0
0,0,0
0,0,0
0,0,0
0,0,0
0,0,0
0,0,0
0,0,0
0,0,0
0,0,0
0,0,0
0,0,0
0,0,0
0,0,0
0,0,0
0,0,0
0,0,0
0,0,0
0,0,0
0,0,0
0,0,0
0,0,0
0,0,0
0,0,0
0,0,0
0,0,0
0,0,0
0,0,0
0,0,0
0,0,0
0,0,0
0,0,0
0,0,0
0,0,0
0,0,0
0,0,0
0,0,0
0,0,0
0,0,0
0,0,0
0,0,0
0,0,0
0,0,0
0,0,0
0,0,0
0,0,0
0,0,0
0,0,0
0,0,0
0,0,0
0,0,0
0,0,0
0,0,0
0,0,0
0,0,0
0,0,0
0,0,0
0,0,0
0,0,0
0,0,0
0,0,0
0,0,0
0,0,0
0,0,0
0,0,0
0,0,0
0,0,0
0,0,0
0,0,0
0,0,0
0,0,0
0,0,0
0,0,0
0,0,0
0,0,0
0,0,0
0,0,0
0,0,0
0,0,0
0,0,0
0,0,0
0,0,0
0,0,0
0,0,0
0,0,0
0,0,0
0,0,0
0,0,0
0,0,0
0,0,0
0,0,0
0,0,0
0,0,0
0,0,0
0,0,0
1.19332,3.60216,-0.747075
1.20912,3.57622,-0.743016
1.23136,3.56966,-0.743219
1.25259,3.56019,-0.742813
1.27309,3.54875,-0.742001
1.29888,3.5519,-0.744437
1.32304,3.55029,-0.745857
1.3448,3.54211,-0.745857
1.36969,3.54201,-0.747684
1.38817,3.52534,-0.745857
1.40759,3.5113,-0.74464
1.43021,3.50532,-0.745248
1.45282,3.49919,-0.745857
1.47274,3.4866,-0.745045
1.4914,3.4712,-0.743625
1.43973,3.2951,-0.705875
1.42215,3.2012,-0.686594
1.43571,3.17902,-0.683549
1.44171,3.14079,-0.676852
1.4593,3.12833,-0.67604
1.54642,3.26266,-0.708919
1.62505,3.37485,-0.736927
1.64917,3.37185,-0.738551
1.65981,3.3415,-0.733883
1.67102,3.31289,-0.729621
1.68997,3.29996,-0.729012
1.70567,3.28084,-0.726982
1.70977,3.24001,-0.719879
1.73054,3.23118,-0.720285
1.75735,3.23341,-0.723329
1.7748,3.21828,-0.722314
1.78734,3.19451,-0.71927
1.7982,3.16815,-0.715617
1.82054,3.16215,-0.716834
1.86065,3.18643,-0.725359
1.90761,3.22129,-0.736521
1.9823,3.30102,-0.758644
2.00404,3.29131,-0.759253
2.01957,3.27145,-0.757426
2.03649,3.25402,-0.756208
2.04802,3.22823,-0.752961
2.06991,3.2189,-0.753773
2.09283,3.21106,-0.75499
2.12815,3.22185,-0.760876
2.16531,3.23477,-0.767371
2.17082,3.20035,-0.762094
2.19486,3.19343,-0.763718
2.037,2.92519,-0.69938
2.04983,2.90544,-0.697553
2.06648,2.89121,-0.697147
2.09854,2.89831,-0.702221
2.14119,2.91933,-0.710948
2.15789,2.90456,-0.710543
2.18333,2.90144,-0.713181
2.33585,3.06475,-0.759253
2.34623,3.03951,-0.756411
2.36725,3.02814,-0.757223
2.39916,3.03045,-0.761688
2.44466,3.04928,-0.770618
2.45654,3.02587,-0.768386
2.47257,3.00771,-0.767574
2.50413,3.00828,-0.771836
2.5257,2.99661,-0.772851
2.56311,3.0034,-0.778939
2.49826,2.8913,-0.752555
2.51595,2.87592,-0.752555
2.53809,2.86556,-0.753976
2.56086,2.85576,-0.755599
2.59742,2.86102,-0.761485
2.62752,2.85872,-0.765341
2.65502,2.8533,-0.768386
2.68725,2.85263,-0.772851
2.71889,2.85097,-0.777113
2.74722,2.8455,-0.78036
2.77558,2.83979,-0.783608
2.80466,2.83454,-0.787058
2.8317,2.82696,-0.789899
2.86015,2.82054,-0.793147
2.89284,2.81796,-0.797612
2.9263,2.81577,-0.80228
2.95914,2.8126,-0.806745
3.00133,2.81785,-0.813848
3.0358,2.81536,-0.818719
3.07107,2.81321,-0.823793
3.11006,2.81402,-0.829882
3.14844,2.81381,-0.835768
3.18326,2.80999,-0.840639
3.22037,2.80777,-0.846119
3.25238,2.80074,-0.850178
3.28741,2.79595,-0.855049
3.3165,2.78581,-0.858296
3.35237,2.78103,-0.86337
3.39059,2.77778,-0.869053
3.43726,2.78094,-0.876968
3.45808,2.76286,-0.877983
3.46421,2.7331,-0.875142
3.46469,2.69915,-0.87088
3.50292,2.69456,-0.876562
3.52094,2.6742,-0.876968
3.53729,2.65254,-0.876968
3.5228,2.60807,-0.869053
3.56641,2.60662,-0.876156
3.59028,2.59042,-0.878186
3.59573,2.56096,-0.875548
3.60417,2.53378,-0.873721
3.62528,2.51552,-0.875142
3.63742,2.49102,-0.87433
3.67129,2.48126,-0.878998
3.66853,2.44674,-0.874533
3.6941,2.43118,-0.877171
3.70649,2.40687,-0.876562
3.72448,2.38619,-0.877374
3.73657,2.36173,-0.876765
3.74684,2.33616,-0.875751
3.75693,2.31057,-0.874736
3.76183,2.28189,-0.872503
3.7766,2.25926,-0.872706
3.79208,2.23704,-0.873112
3.8125,2.21767,-0.874736
3.83029,2.19667,-0.875751
3.83858,2.17024,-0.874533
3.85182,2.14664,-0.874533
3.85376,2.11684,-0.871894
3.85462,2.08663,-0.869053
3.86563,2.06202,-0.868647
3.87647,2.03735,-0.868241
3.86716,2.00227,-0.863167
3.90554,1.99185,-0.869256
3.92644,1.97224,-0.871285
3.92882,1.94334,-0.869053
3.94859,1.92305,-0.87088
3.96561,1.90133,-0.872097
3.97455,1.87571,-0.871488
3.95579,1.83726,-0.864588
3.96966,1.81418,-0.865197
3.97178,1.78577,-0.863167
3.98714,1.76335,-0.864182
4.00776,1.74314,-0.866414
4.01748,1.71813,-0.866212
4.02073,1.69042,-0.864588
4.03465,1.66721,-0.8654
4.0448,1.64242,-0.8654
4.0548,1.61757,-0.8654
4.01542,1.57338,-0.85444
4.0844,1.57156,-0.867632
4.09488,1.54681,-0.867835
4.08685,1.51519,-0.863979
4.1154,1.49712,-0.868241
4.11159,1.46723,-0.8654
4.1122,1.43906,-0.863573
4.12651,1.41571,-0.864791
4.12398,1.38662,-0.862355
4.12125,1.35761,-0.85992
4.15746,1.34132,-0.866009
4.17028,1.31726,-0.867023
4.1708,1.28933,-0.8654
4.1627,1.2589,-0.861949
4.1741,1.23444,-0.862761
4.18818,1.21071,-0.864182
4.18894,1.18313,-0.862761
4.19989,1.15844,-0.863573
4.21165,1.13392,-0.864588
4.20527,1.10458,-0.861746
4.21481,1.07948,-0.862355
4.22136,1.0536,-0.862355
4.22869,1.02791,-0.862558
4.24064,1.0033,-0.863776
4.24099,0.975942,-0.862558
4.24594,0.949688,-0.862355
4.25456,0.92424,-0.862964
4.26782,0.899733,-0.864588
4.26462,0.871765,-0.862761
4.26797,0.845201,-0.862355
4.27308,0.818997,-0.862355
4.27224,0.791693,-0.861138
4.26738,0.76374,-0.859108
4.26716,0.736709,-0.858093
4.2774,0.711475,-0.859311
4.28652,0.68599,-0.860326
4.29839,0.660865,-0.861949
4.29461,0.633336,-0.860326
4.30327,0.607657,-0.861341
4.30012,0.580325,-0.85992
4.30943,0.554678,-0.861138
4.30109,0.526798,-0.858702
4.30327,0.500284,-0.858499
4.30431,0.473657,-0.858093
4.29837,0.446328,-0.856267
4.2981,0.41966,-0.855658
4.3045,0.393636,-0.85647
4.30878,0.367382,-0.856875
4.30998,0.34086,-0.856672
4.32468,0.315333,-0.859311
4.30504,0.287358,-0.854846
4.28718,0.259755,-0.850787
4.29651,0.23387,-0.85241
4.29689,0.207455,-0.852207
4.30004,0.181168,-0.852613
4.30498,0.154921,-0.853425
4.31368,0.128736,-0.855049
4.31439,0.102265,-0.855049
4.28752,0.075312,-0.849366
4.28007,0.048914,-0.847742
4.2891,0.0226969,-0.849569
4.28916,-0.00362101,-0.849569
4.29689,-0.0299942,-0.851193
4.29663,-0.0563588,-0.851193
4.29718,-0.0827403,-0.851396
4.30442,-0.109305,-0.853019
4.29486,-0.135436,-0.851193
4.29689,-0.161897,-0.851801
4.28505,-0.187787,-0.849569
4.28969,-0.21437,-0.850787
4.29513,-0.241071,-0.852207
4.26328,-0.265532,-0.845916
4.29381,-0.293895,-0.852613
4.27337,-0.31885,-0.848757
4.29183,-0.346722,-0.853019
4.28474,-0.372625,-0.852004
4.2775,-0.398455,-0.85099
4.27108,-0.424306,-0.850178
4.26742,-0.450402,-0.849975
4.27041,-0.477231,-0.851193
4.28102,-0.505032,-0.854034
4.26812,-0.530082,-0.852004
4.25508,-0.554994,-0.849975
4.24966,-0.580827,-0.849569
4.23632,-0.605505,-0.847539
4.2364,-0.632065,-0.848351
4.23437,-0.658348,-0.848757
4.22542,-0.683535,-0.847742
4.22887,-0.710748,-0.849366
4.21768,-0.735505,-0.847945
4.21405,-0.761544,-0.848148
4.21989,-0.789368,-0.850381
4.20247,-0.812828,-0.847742
4.19932,-0.838982,-0.848148
4.18546,-0.862953,-0.846322
4.17243,-0.886988,-0.844698
4.16499,-0.912154,-0.844292
4.16505,-0.938985,-0.84551
4.15825,-0.964303,-0.845307
4.1675,-0.993433,-0.848554
4.15847,-1.01829,-0.847945
4.16449,-1.04689,-0.850584
4.1504,-1.07046,-0.84896
4.15322,-1.09841,-0.85099
4.1379,-1.12157,-0.849163
4.13283,-1.14746,-0.849569
4.13136,-1.17441,-0.850787
4.11843,-1.19809,-0.849569
4.11007,-1.22306,-0.849366
4.09874,-1.24712,-0.848554
4.09568,-1.2737,-0.849569
4.08686,-1.29851,-0.849366
4.07416,-1.32205,-0.848351
4.06411,-1.34641,-0.847945
4.04928,-1.36912,-0.846525
4.03988,-1.39362,-0.846322
3.99707,-1.40636,-0.838812
3.98745,-1.43052,-0.838609
4.02182,-1.47077,-0.848148
4.01547,-1.49645,-0.848757
3.99889,-1.51828,-0.847133
3.99315,-1.5442,-0.847945
3.97449,-1.56508,-0.845916
3.96663,-1.59017,-0.846322
3.94954,-1.61152,-0.844698
3.95586,-1.64248,-0.848351
3.94029,-1.66444,-0.847133
3.9381,-1.69206,-0.84896
3.90163,-1.70482,-0.843074
3.88572,-1.72635,-0.841857
3.88577,-1.75499,-0.844292
3.88026,-1.78125,-0.84551
3.87104,-1.80586,-0.845916
3.85634,-1.8279,-0.845104
3.85388,-1.85577,-0.847133
3.82395,-1.87035,-0.842871
3.79223,-1.88376,-0.838203
3.80158,-1.91758,-0.843074
3.76883,-1.93015,-0.838203
3.76213,-1.95595,-0.839421
3.74226,-1.97488,-0.837594
3.73439,-2.00012,-0.838609
3.73065,-2.02767,-0.840639
3.72071,-2.05195,-0.841248
3.73026,-2.08717,-0.846525
3.70972,-2.10567,-0.844698
3.71795,-2.14061,-0.849772
3.67261,-2.14461,-0.842059
3.63579,-2.15314,-0.836377
3.64014,-2.18599,-0.840639
3.61746,-2.20268,-0.838406
3.61471,-2.23153,-0.841045
3.59929,-2.25262,-0.840639
3.58292,-2.27309,-0.84003
3.56396,-2.29186,-0.838812
3.53343,-2.30299,-0.834753
3.52005,-2.32516,-0.834956
3.50897,-2.3489,-0.835768
3.50016,-2.37423,-0.837188
3.4702,-2.38512,-0.833332
3.45389,-2.40525,-0.832926
3.43187,-2.42132,-0.8311
3.4265,-2.44917,-0.833535
3.41379,-2.47187,-0.834144
3.41751,-2.50667,-0.839015
3.39656,-2.5235,-0.837594
3.36928,-2.53546,-0.83455
3.3739,-2.57152,-0.839827
3.36969,-2.60115,-0.842871
3.34749,-2.61695,-0.841248
3.31986,-2.62833,-0.838203
3.30749,-2.65171,-0.839218
3.25999,-2.64665,-0.830897
3.27545,-2.69272,-0.839421
3.24608,-2.70212,-0.835971
3.24815,-2.73776,-0.841045
3.18735,-2.72013,-0.82907
3.1869,-2.75373,-0.833535
3.17142,-2.77452,-0.833941
3.14481,-2.78548,-0.831303
3.10797,-2.78707,-0.825823
3.14663,-2.85678,-0.841451
3.08868,-2.83892,-0.830085
3.08912,-2.8745,-0.835159
3.08425,-2.90548,-0.838812
3.06566,-2.92368,-0.838609
3.05611,-2.9506,-0.841045
3.04075,-2.97203,-0.841857
3.01758,-2.98581,-0.840436
3.00751,-3.01259,-0.842871
2.96903,-3.01076,-0.836986
2.9628,-3.04155,-0.840639
2.94612,-3.06179,-0.841248
2.93132,-3.08407,-0.842465
2.91971,-3.10985,-0.844698
2.89858,-3.12555,-0.844089
2.87869,-3.14256,-0.843886
2.85738,-3.15798,-0.843277
2.81055,-3.14479,-0.834753
2.80092,-3.17299,-0.837797
2.7711,-3.1783,-0.83455
2.74516,-3.18783,-0.83252
2.71476,-3.19193,-0.82907
2.73102,-3.25127,-0.840639
2.68226,-3.23329,-0.831303
2.69216,-3.28605,-0.841045
2.67687,-3.3086,-0.842668
2.65041,-3.31731,-0.840639
2.62697,-3.32967,-0.839624
2.59385,-3.3295,-0.835362
2.59248,-3.37019,-0.841857
2.55635,-3.36576,-0.83658
2.55621,-3.4088,-0.843683
2.53001,-3.41734,-0.841857
2.51592,-3.44228,-0.844292
2.50106,-3.46639,-0.846525
2.46668,-3.46333,-0.841857
2.44819,-3.4824,-0.842871
2.42845,-3.49977,-0.84348
2.4014,-3.50653,-0.841451
2.39848,-3.54878,-0.848351
2.37014,-3.55366,-0.845916
2.35583,-3.57958,-0.848757
2.33595,-3.59726,-0.849569
2.32493,-3.62884,-0.853831
2.2932,-3.62814,-0.850178
2.26727,-3.63632,-0.848757
2.22286,-3.6143,-0.84003
2.21537,-3.65215,-0.845916
2.19744,-3.67324,-0.847742
2.18431,-3.70268,-0.851599
2.15811,-3.71008,-0.850178
2.13433,-3.72156,-0.849772
2.11242,-3.73629,-0.850178
2.0823,-3.73635,-0.847133
2.03436,-3.70357,-0.836377
2.04049,-3.76937,-0.84896
2.00903,-3.76627,-0.845307
1.9877,-3.78199,-0.846119
1.97166,-3.80803,-0.849366
1.92824,-3.7808,-0.840233
1.92786,-3.83806,-0.850787
1.89689,-3.8349,-0.847336
1.87633,-3.85263,-0.848757
1.84842,-3.85524,-0.846728
1.82933,-3.87625,-0.84896
1.80345,-3.88296,-0.847945
1.78284,-3.90108,-0.849569
1.76249,-3.91998,-0.851396
1.74117,-3.93699,-0.852816
1.71112,-3.93413,-0.849772
1.68772,-3.94636,-0.850178
1.65779,-3.9431,-0.847133
1.63356,-3.9532,-0.847133
1.61259,-3.97131,-0.84896
1.58384,-3.97022,-0.846525
1.55659,-3.97257,-0.844901
1.53113,-3.9793,-0.844292
1.5053,-3.98496,-0.84348
1.49001,-4.01891,-0.84896
1.46398,-4.02429,-0.848148
1.4419,-4.04058,-0.849772
1.42354,-4.06783,-0.853831
1.39443,-4.06445,-0.851193
1.37258,-4.08221,-0.853222
1.34965,-4.09707,-0.854643
1.3335,-4.13323,-0.860732
1.3034,-4.12639,-0.857484
1.27863,-4.13619,-0.85789
1.25606,-4.15333,-0.85992
1.22806,-4.1525,-0.858093
1.19929,-4.14867,-0.855658
1.17461,-4.15878,-0.856267
1.14881,-4.16497,-0.856064
0,0,0
0,0,0
0,0,0
0,0,0
0,0,0
0.978058,-4.13391,-0.841045
0,0,0
0,0,0
0,0,0
0,0,0
0,0,0
0,0,0
0,0,0
0,0,0
0,0,0
0,0,0
0,0,0
0,0,0
0,0,0
0,0,0
0,0,0
0,0,0
0,0,0
0,0,0
0,0,0
0,0,0
0,0,0
0,0,0
0,0,0
0,0,0
0,0,0
0,0,0
0,0,0
0,0,0
0,0,0
0,0,0
0,0,0
0,0,0
0,0,0
0,0,0
0,0,0
0,0,0
0,0,0
0,0,0
0,0,0
0,0,0
0,0,0
0,0,0
0,0,0
0,0,0
0,0,0
0,0,0
0,0,0
0,0,0
0,0,0
0,0,0
0,0,0
0,0,0
0,0,0
0,0,0
0,0,0
0,0,0
0,0,0
0,0,0
0,0,0
0,0,0
0,0,0
0,0,0
0,0,0
0,0,0
0,0,0
0,0,0
0,0,0
0,0,0
0,0,0
0,0,0
0,0,0
0,0,0
0,0,0
0,0,0
0,0,0
0,0,0
0,0,0
0,0,0
0,0,0
0,0,0
0,0,0
0,0,0
0,0,0
0,0,0
0,0,0
0,0,0
0,0,0
0,0,0
0,0,0
0,0,0
0,0,0
0,0,0
0,0,0
0,0,0
0,0,0
0,0,0
0,0,0
0,0,0
0,0,0
0,0,0
0,0,0
0,0,0
0,0,0
0,0,0
0,0,0
0,0,0
0,0,0
0,0,0
0,0,0
0,0,0
0,0,0
0,0,0
0,0,0
0,0,0
0,0,0
0,0,0
0,0,0
0,0,0
0,0,0
0,0,0
0,0,0
0,0,0
0,0,0
0,0,0
0,0,0
0,0,0
0,0,0
0,0,0
0,0,0
0,0,0
0,0,0
0,0,0
0,0,0
0,0,0
0,0,0
0,0,0
0,0,0
0,0,0
0,0,0
0,0,0
0,0,0
0,0,0
0,0,0
0,0,0
0,0,0
0,0,0
0,0,0
0,0,0
0,0,0
0,0,0
0,0,0
0,0,0
0,0,0
0,0,0
0,0,0
0,0,0
0,0,0
0,0,0
0,0,0
0,0,0
0,0,0
0,0,0
0,0,0
0,0,0
0,0,0
0,0,0
0,0,0
0,0,0
0,0,0
0,0,0
0,0,0
0,0,0
0,0,0
0,0,0
0,0,0
0,0,0
0,0,0
0,0,0
0,0,0
0,0,0
0,0,0
0,0,0
0,0,0
0,0,0
0,0,0
0,0,0
0,0,0
0,0,0
0,0,0
0,0,0
0,0,0
0,0,0
0,0,0
0,0,0
0,0,0
0,0,0
0,0,0
0,0,0
0,0,0
0,0,0
0,0,0
0,0,0
0,0,0
0,0,0
0,0,0
0,0,0
0,0,0
0,0,0
0,0,0
0,0,0
0,0,0
0,0,0
0,0,0
0,0,0
0,0,0
0,0,0
0,0,0
0,0,0
0,0,0
0,0,0
0,0,0
0,0,0
0,0,0
0,0,0
0,0,0
0,0,0
0,0,0
0,0,0
0,0,0
0,0,0
0,0,0
0,0,0
0,0,0
0,0,0
0,0,0
0,0,0
0,0,0
0,0,0
0,0,0
0,0,0
0,0,0
0,0,0
0,0,0
0,0,0
0,0,0
0,0,0
0,0,0
0,0,0
0,0,0
0,0,0
0,0,0
0,0,0
0,0,0
0,0,0
0,0,0
0,0,0
0,0,0
0,0,0
0,0,0
0,0,0
0,0,0
0,0,0
0,0,0
0,0,0
0,0,0
0,0,0
0,0,0
0,0,0
0,0,0
0,0,0
0,0,0
0,0,0
0,0,0
0,0,0
0,0,0
0,0,0
0,0,0
0,0,0
0,0,0
0,0,0
0,0,0
0,0,0
0,0,0
0,0,0
0,0,0
0,0,0
0,0,0
0,0,0
0,0,0
0,0,0
0,0,0
0,0,0
0,0,0
0,0,0
0,0,0
0,0,0
0,0,0
0,0,0
0,0,0
0,0,0
0,0,0
0,0,0
0,0,0
0,0,0
0,0,0
0,0,0
0,0,0
0,0,0
0,0,0
0,0,0
0,0,0
0,0,0
0,0,0
0,0,0
0,0,0
0,0,0
0,0,0
0,0,0
0,0,0
0,0,0
0,0,0
0,0,0
0,0,0
0,0,0
0,0,0
0,0,0
0,0,0
0,0,0
0,0,0
0,0,0
0,0,0
0,0,0
0,0,0
0,0,0
0,0,0
0,0,0
0,0,0
0,0,0
0,0,0
0,0,0
0,0,0
0,0,0
0,0,0
0,0,0
0,0,0
0,0,0
0,0,0
0,0,0
0,0,0
0,0,0
0,0,0
0,0,0
0,0,0
0,0,0
0,0,0
0,0,0
0,0,0
0,0,0
0,0,0
0,0,0
0,0,0
0,0,0
0,0,0
0,0,0
0,0,0
0,0,0
0,0,0
0,0,0
0,0,0
0,0,0
0,0,0
0,0,0
0,0,0
0,0,0
0,0,0
0,0,0
0,0,0
0,0,0
0,0,0
0,0,0
0,0,0
0,0,0
0,0,0
0,0,0
0,0,0
0,0,0
0,0,0
0,0,0
0,0,0
0,0,0
0,0,0
0,0,0
0,0,0
0,0,0
0,0,0
0,0,0
0,0,0
0,0,0
0,0,0
0,0,0
0,0,0
0,0,0
0,0,0
0,0,0
0,0,0
0,0,0
0,0,0
0,0,0
0,0,0
0,0,0
0,0,0
0,0,0
0,0,0
0,0,0
0,0,0
0,0,0
0,0,0
0,0,0
0,0,0
0,0,0
0,0,0
0,0,0
0,0,0
0,0,0
0,0,0
0,0,0
0,0,0
0,0,0
0,0,0
0,0,0
0,0,0
0,0,0
0,0,0
0,0,0
0,0,0
0,0,0
0,0,0
0,0,0
0,0,0
0,0,0
0,0,0
0,0,0
0,0,0
0,0,0
0,0,0
0,0,0
0,0,0
0,0,0
0,0,0
0,0,0
0,0,0
0,0,0
0,0,0
0,0,0
0,0,0
0,0,0
0,0,0
0,0,0
0,0,0
0,0,0
0,0,0
0,0,0
0,0,0
0,0,0
0,0,0
0,0,0
0,0,0
0,0,0
0,0,0
0,0,0
0,0,0
0,0,0
0,0,0
0,0,0
0,0,0
0,0,0
0,0,0
0,0,0
0,0,0
0,0,0
0,0,0
0,0,0
0,0,0
0,0,0
0,0,0
0,0,0
0,0,0
0,0,0
0,0,0
0,0,0
0,0,0
0,0,0
0,0,0
0,0,0
0,0,0
0,0,0
0,0,0
0,0,0
0,0,0
0,0,0
0,0,0
0,0,0
0,0,0
0,0,0
0,0,0
0,0,0
0,0,0
0,0,0
0,0,0
0,0,0
0,0,0
0,0,0
0,0,0
0,0,0
0,0,0
0,0,0
0,0,0
0,0,0
0,0,0
0,0,0
0,0,0
0,0,0
0,0,0
0,0,0
0,0,0
0,0,0
0,0,0
0,0,0
0,0,0
0,0,0
0,0,0
0,0,0
0,0,0
0,0,0
0,0,0
0,0,0
0,0,0
0,0,0
0,0,0
0,0,0
0,0,0
0,0,0
0,0,0
0,0,0
0,0,0
0,0,0
0,0,0
0,0,0
0,0,0
0,0,0
0,0,0
0,0,0
0,0,0
0,0,0
0,0,0
0,0,0
0,0,0
0,0,0
0,0,0
0,0,0
0,0,0
0,0,0
0,0,0
0,0,0
0,0,0
0,0,0
0,0,0
0,0,0
0,0,0
0,0,0
0,0,0
0,0,0
0,0,0
0,0,0
0,0,0
0,0,0
0,0,0
0,0,0
0,0,0
0,0,0
0,0,0
0,0,0
0,0,0
0,0,0
0,0,0
0,0,0
0,0,0
0,0,0
0,0,0
0,0,0
0,0,0
0,0,0
0,0,0
0,0,0
0,0,0
0,0,0
0,0,0
0,0,0
0,0,0
0,0,0
0,0,0
0,0,0
0,0,0
0,0,0
0,0,0
0,0,0
0,0,0
0,0,0
0,0,0
0,0,0
0,0,0
0,0,0
1.04342,3.50672,-0.766096
0,0,0
1.08376,3.48526,-0.76416
1.10631,3.48227,-0.765021
1.13127,3.48656,-0.767602
1.15295,3.48048,-0.767817
1.16928,3.45854,-0.764375
1.19048,3.4513,-0.764375
1.21131,3.44301,-0.76416
1.23176,3.43367,-0.76373
1.25079,3.42054,-0.76244
1.2738,3.4183,-0.76373
1.29475,3.41041,-0.76373
1.31776,3.40787,-0.765021
1.34294,3.41063,-0.767602
1.36094,3.39507,-0.765881
1.38174,3.38666,-0.765881
1.39651,3.36368,-0.76244
1.41447,3.34875,-0.760934
1.42304,3.31219,-0.754267
1.4238,3.25864,-0.743513
1.41564,3.18647,-0.728243
1.41549,3.13411,-0.717704
1.4351,3.12625,-0.717919
1.44848,3.10499,-0.714908
1.47252,3.10664,-0.717489
1.55083,3.22075,-0.747599
1.61001,3.2919,-0.767386
1.5898,3.2006,-0.747384
1.61864,3.2091,-0.751901
1.6294,3.18172,-0.747599
1.66285,3.19853,-0.754267
1.67333,3.17099,-0.749965
1.69045,3.15636,-0.74889
1.70932,3.14507,-0.748675
1.72812,3.13366,-0.74846
1.7435,3.11618,-0.746739
1.77319,3.12411,-0.751471
1.79184,3.11233,-0.751256
1.81336,3.10549,-0.752331
1.83885,3.10523,-0.755127
1.86741,3.1098,-0.759214
1.8956,3.1133,-0.763085
1.93671,3.13735,-0.772333
1.9523,3.11962,-0.770828
1.97297,3.11005,-0.771473
2.00152,3.11268,-0.775344
2.02964,3.11425,-0.779001
2.04387,3.0944,-0.777065
2.06282,3.0818,-0.777065
2.08498,3.07394,-0.778355
2.08445,3.03291,-0.770828
2.01767,2.89742,-0.737921
2.04217,2.89456,-0.740502
2.06897,2.89469,-0.743943
2.09242,2.88985,-0.746094
2.12743,2.90059,-0.752546
2.1481,2.8914,-0.753622
2.19163,2.91251,-0.763085
2.2065,2.89512,-0.76201
2.23018,2.88926,-0.76416
2.28334,2.92093,-0.77685
2.28062,2.88083,-0.769537
2.3068,2.87745,-0.772548
2.32934,2.86931,-0.774269
2.35248,2.86175,-0.776205
2.37374,2.85177,-0.777495
2.39811,2.84537,-0.779861
2.42884,2.8462,-0.784378
2.45136,2.83716,-0.786098
2.48029,2.8353,-0.78997
2.50541,2.8288,-0.79255
2.53771,2.8301,-0.797497
2.56684,2.8275,-0.801369
2.59075,2.81889,-0.803519
2.62662,2.82296,-0.809541
2.65861,2.82244,-0.814273
2.69003,2.82092,-0.81879
2.72356,2.82123,-0.823952
2.75584,2.81983,-0.828683
2.78613,2.81606,-0.83277
2.81787,2.81341,-0.837286
2.85663,2.81733,-0.843954
2.88295,2.80861,-0.84675
2.91631,2.80645,-0.851696
2.95258,2.80667,-0.857503
2.98754,2.80522,-0.86288
3.02331,2.80411,-0.868472
3.05342,2.79738,-0.872344
3.08573,2.79236,-0.87686
3.10498,2.77533,-0.877506
3.11756,2.75235,-0.876215
3.15205,2.74857,-0.881377
3.17552,2.73492,-0.883313
3.19001,2.71348,-0.882667
3.20286,2.69072,-0.881592
3.23434,2.68349,-0.885894
3.25074,2.66359,-0.885894
3.2693,2.64544,-0.886539
3.29539,2.63326,-0.889335
3.31532,2.61602,-0.89041
3.33131,2.59562,-0.89041
3.34485,2.57335,-0.889765
3.35591,2.54923,-0.888474
3.37305,2.52976,-0.888905
3.38459,2.50611,-0.887829
3.39753,2.48357,-0.887184
3.41271,2.46267,-0.887184
3.42617,2.44055,-0.886754
3.4259,2.40881,-0.882667
3.44222,2.38886,-0.883098
3.46165,2.371,-0.884388
3.47128,2.34643,-0.883098
3.48642,2.32563,-0.883313
3.49818,2.30259,-0.882667
3.5106,2.28001,-0.882237
3.5237,2.2579,-0.882022
3.54244,2.23937,-0.883313
3.55363,2.21604,-0.882667
3.563,2.19164,-0.881592
3.57805,2.17075,-0.882022
3.59214,2.14925,-0.882237
3.59938,2.1237,-0.880732
3.6115,2.10108,-0.880517
3.62347,2.07839,-0.880302
3.62851,2.05179,-0.878366
3.63506,2.02616,-0.87686
3.644,2.00194,-0.876
3.65106,1.97675,-0.87471
3.66399,1.95477,-0.874925
3.68628,1.93771,-0.877506
3.6903,1.91101,-0.87557
3.70804,1.89144,-0.877075
3.72743,1.8726,-0.879011
3.73885,1.84969,-0.879011
3.75364,1.82842,-0.879871
3.77007,1.80789,-0.881162
3.76255,1.77597,-0.876645
3.77072,1.75161,-0.876
3.78584,1.73047,-0.877075
3.78214,1.7008,-0.873634
3.79072,1.67677,-0.873204
3.80541,1.65543,-0.874279
3.81011,1.62974,-0.872989
3.82274,1.60747,-0.873634
3.82982,1.58286,-0.872989
3.83856,1.55897,-0.872774
3.84624,1.53466,-0.872344
3.84922,1.50853,-0.870838
3.8584,1.48489,-0.870838
3.86013,1.45842,-0.869118
3.89006,1.44252,-0.874064
3.89701,1.41796,-0.873634
3.90104,1.39238,-0.872559
3.8966,1.3639,-0.869548
3.90305,1.33933,-0.869118
3.90934,1.31473,-0.868687
3.92661,1.29378,-0.870838
3.94191,1.27206,-0.872559
3.95895,1.25079,-0.87471
3.96096,1.22475,-0.873419
3.95811,1.19731,-0.871053
3.95883,1.17106,-0.869548
3.96594,1.14674,-0.869548
3.95505,1.11734,-0.865461
3.97501,1.09669,-0.868472
3.98072,1.07202,-0.868257
3.98817,1.04783,-0.868472
3.99736,1.02406,-0.869118
4.00452,0.999754,-0.869333
4.00963,0.974933,-0.869118
4.01363,0.949861,-0.868687
4.02224,0.925874,-0.869333
4.04119,0.904166,-0.872344
4.03616,0.877068,-0.869978
4.04433,0.852892,-0.870623
4.03131,0.824338,-0.866537
4.04396,0.801107,-0.868257
4.05743,0.777936,-0.870193
4.04868,0.75053,-0.867182
4.05033,0.725156,-0.866537
4.05085,0.699624,-0.865676
4.04447,0.672989,-0.863311
4.05142,0.648624,-0.863956
4.05339,0.623455,-0.863526
4.05811,0.598715,-0.863741
4.06267,0.573941,-0.863956
4.06321,0.548609,-0.863311
4.05198,0.521792,-0.860084
4.07255,0.499063,-0.863956
4.08232,0.474857,-0.865461
4.08419,0.449692,-0.865246
4.09367,0.425332,-0.866752
4.10106,0.400681,-0.867827
4.0908,0.37435,-0.865031
4.08816,0.348826,-0.863956
4.08146,0.323039,-0.86202
4.08044,0.297775,-0.861375
4.08122,0.272667,-0.86116
4.08282,0.24762,-0.86116
4.08718,0.222724,-0.861805
4.09823,0.198115,-0.863956
4.09351,0.172717,-0.862665
4.10035,0.147809,-0.863956
4.08849,0.122264,-0.86116
4.08721,0.0971281,-0.86073
1.52945,0.0262343,-0.29723
1.52275,0.0167688,-0.295724
1.52283,0.00742503,-0.295724
1.5912,-0.00195329,-0.31078
4.10194,-0.0283827,-0.863741
4.10266,-0.0535637,-0.863956
4.09445,-0.0785884,-0.862235
4.09877,-0.103832,-0.863311
4.09317,-0.128828,-0.862235
4.07669,-0.153358,-0.858794
4.07762,-0.178454,-0.859224
4.05402,-0.202357,-0.854277
4.0371,-0.226358,-0.850836
4.04831,-0.251909,-0.853632
4.04961,-0.276944,-0.854277
4.04783,-0.301786,-0.854277
4.04493,-0.326539,-0.854062
4.04577,-0.351605,-0.854707
4.03867,-0.375972,-0.853632
4.04795,-0.4019,-0.856213
4.04347,-0.426526,-0.855783
4.04175,-0.451436,-0.855998
4.04569,-0.477026,-0.857503
4.03396,-0.500761,-0.855568
4.03081,-0.525503,-0.855568
4.03332,-0.551017,-0.856858
4.01439,-0.573549,-0.853417
4.00983,-0.598027,-0.853202
4.00705,-0.622769,-0.853417
3.9993,-0.646722,-0.852557
4.00778,-0.673349,-0.855353
4.00261,-0.69776,-0.855138
3.99152,-0.721093,-0.853632
3.99182,-0.746467,-0.854707
3.98717,-0.770946,-0.854707
3.98141,-0.795206,-0.854492
3.9841,-0.821195,-0.856213
3.97612,-0.845017,-0.855568
3.97945,-0.871276,-0.857503
3.96736,-0.894176,-0.855998
3.9618,-0.918502,-0.855998
3.95419,-0.942342,-0.855568
3.94738,-0.966355,-0.855353
3.93001,-0.987704,-0.852772
3.92955,-1.01326,-0.854062
3.90721,-1.03311,-0.850406
3.90551,-1.05834,-0.851481
3.88012,-1.07707,-0.84718
3.89129,-1.10592,-0.851266
3.87974,-1.12842,-0.850191
3.87368,-1.15248,-0.850406
3.86747,-1.17651,-0.850621
3.86857,-1.20283,-0.852557
3.86764,-1.22861,-0.854062
3.86746,-1.25473,-0.855783
3.85783,-1.27782,-0.855353
3.82031,-1.29147,-0.84847
3.83632,-1.32316,-0.854062
3.82076,-1.34408,-0.852342
3.83175,-1.37442,-0.856858
3.82141,-1.39723,-0.856428
3.8091,-1.41929,-0.855568
3.79575,-1.4409,-0.854492
3.78775,-1.46452,-0.854707
3.7796,-1.48809,-0.854923
3.77403,-1.51271,-0.855783
3.76377,-1.53547,-0.855568
3.75969,-1.56078,-0.856858
3.75004,-1.58382,-0.856858
3.72949,-1.60217,-0.854277
3.7169,-1.62385,-0.853632
3.70419,-1.64544,-0.852987
3.67533,-1.6597,-0.84847
3.68105,-1.68955,-0.852342
3.67327,-1.71334,-0.852987
3.67063,-1.73961,-0.854923
3.65725,-1.76083,-0.854277
3.6455,-1.78281,-0.854062
3.63012,-1.80298,-0.852987
3.61375,-1.82258,-0.851696
3.60511,-1.84605,-0.852342
3.59025,-1.86634,-0.851481
3.58132,-1.8897,-0.852127
3.57655,-1.91532,-0.853847
3.56645,-1.93816,-0.854277
3.54764,-1.95624,-0.852557
3.54239,-1.98178,-0.854277
3.52082,-1.99818,-0.851911
3.5068,-2.01877,-0.851481
3.48676,-2.03582,-0.849546
3.48008,-2.06066,-0.851051
3.45314,-2.07343,-0.847395
3.41115,-2.07682,-0.839867
3.4424,-2.12488,-0.851266
3.43923,-2.15218,-0.853847
3.42678,-2.17376,-0.854062
3.41174,-2.19369,-0.853632
3.39985,-2.21565,-0.854062
3.37722,-2.23055,-0.851696
3.35536,-2.2458,-0.849546
3.34071,-2.2658,-0.849331
3.32272,-2.28349,-0.848255
3.30864,-2.30384,-0.848255
3.29843,-2.32691,-0.849331
3.28171,-2.3454,-0.848685
3.25935,-2.35977,-0.846535
3.24559,-2.3803,-0.84675
3.24347,-2.40948,-0.850191
3.21302,-2.4176,-0.845889
3.20356,-2.44141,-0.847395
3.18929,-2.46162,-0.84761
3.17028,-2.47814,-0.846535
3.15348,-2.49633,-0.846104
3.13963,-2.51685,-0.846535
3.13095,-2.54161,-0.84847
3.11002,-2.55643,-0.846965
3.09803,-2.57859,-0.84804
3.07916,-2.59503,-0.84718
3.08101,-2.62909,-0.852342
3.07074,-2.65305,-0.854062
3.04705,-2.66541,-0.851911
3.02113,-2.67564,-0.849115
3.00829,-2.69739,-0.850191
2.99168,-2.7158,-0.850191
2.97496,-2.7341,-0.850191
2.96242,-2.7563,-0.851481
2.94474,-2.77375,-0.851266
2.93191,-2.79581,-0.852557
2.91189,-2.81104,-0.851696
2.8862,-2.82066,-0.849115
2.85634,-2.82596,-0.845244
2.83619,-2.84067,-0.844384
2.82762,-2.86705,-0.84718
2.79975,-2.87386,-0.843954
2.76716,-2.87551,-0.839222
2.77773,-2.92215,-0.848255
2.75574,-2.93487,-0.846965
2.74233,-2.95674,-0.84847
2.72677,-2.97639,-0.849331
2.70977,-2.99451,-0.849761
2.69004,-3.00962,-0.849331
2.66894,-3.02315,-0.84847
2.65612,-3.04609,-0.850406
2.63547,-3.06011,-0.849761
2.62867,-3.09035,-0.853847
2.60274,-3.0982,-0.851481
2.58431,-3.11486,-0.851696
2.55772,-3.1216,-0.849115
2.54036,-3.13951,-0.849761
2.51861,-3.15199,-0.8489
2.50043,-3.16892,-0.849331
2.48034,-3.18343,-0.849115
2.46552,-3.20478,-0.850836
2.44995,-3.22529,-0.852342
2.43246,-3.24339,-0.853202
2.42181,-3.2708,-0.856643
2.39709,-3.2793,-0.854923
2.37863,-3.29632,-0.855568
2.36006,-3.31324,-0.856213
2.33744,-3.32446,-0.855353
2.31589,-3.33714,-0.854923
2.29537,-3.35128,-0.854923
2.27476,-3.3653,-0.854923
2.25569,-3.38164,-0.855568
2.24135,-3.4052,-0.858149
2.21882,-3.41643,-0.857503
2.19518,-3.42587,-0.856428
2.16942,-3.43185,-0.854492
2.1447,-3.4393,-0.852987
2.1169,-3.44158,-0.850191
2.09473,-3.45283,-0.849761
2.07852,-3.474,-0.851911
2.05518,-3.48332,-0.851051
2.04359,-3.51275,-0.855353
2.022,-3.52522,-0.855353
2.00562,-3.54691,-0.857719
1.9824,-3.55659,-0.857073
1.95724,-3.5627,-0.855568
1.93395,-3.57207,-0.854923
1.91153,-3.583,-0.854707
1.88997,-3.59553,-0.854923
1.86787,-3.60706,-0.854923
1.84704,-3.62106,-0.855568
1.82698,-3.63669,-0.856643
1.80853,-3.65571,-0.858579
1.78435,-3.66322,-0.857719
1.76437,-3.67939,-0.859009
1.74051,-3.68749,-0.858364
1.71744,-3.69722,-0.858149
1.69716,-3.71302,-0.859439
1.67114,-3.71623,-0.857719
1.65226,-3.73535,-0.859869
1.63048,-3.7481,-0.860515
1.60399,-3.74996,-0.858579
1.58133,-3.76063,-0.858794
1.55711,-3.76755,-0.858149
1.53102,-3.7698,-0.856428
1.51148,-3.78819,-0.858579
1.48963,-3.80103,-0.859439
1.46628,-3.8101,-0.859439
1.45013,-3.83821,-0.863956
1.42418,-3.84062,-0.86245
1.39824,-3.84287,-0.860945
1.37529,-3.85321,-0.861375
1.3484,-3.85236,-0.859224
1.32632,-3.86518,-0.860299
1.30133,-3.86954,-0.859439
1.27757,-3.87746,-0.859439
0,0,0
0,0,0
1.20858,-3.90871,-0.861375
0,0,0
1.15775,-3.91388,-0.859224
0,0,0
0,0,0
0,0,0
0,0,0
0,0,0
0,0,0
0,0,0
0,0,0
0,0,0
0,0,0
0,0,0
0,0,0
0,0,0
0,0,0
0,0,0
0,0,0
0,0,0
0,0,0
0,0,0
0,0,0
0,0,0
0,0,0
0,0,0
0,0,0
0,0,0
0,0,0
0,0,0
0,0,0
0,0,0
0,0,0
0,0,0
0,0,0
0,0,0
0,0,0
0,0,0
0,0,0
0,0,0
0,0,0
0,0,0
0,0,0
0,0,0
0,0,0
0,0,0
0,0,0
0,0,0
0,0,0
0,0,0
0,0,0
0,0,0
0,0,0
0,0,0
0,0,0
0,0,0
0,0,0
0,0,0
0,0,0
0,0,0
0,0,0
0,0,0
0,0,0
0,0,0
0,0,0
0,0,0
0,0,0
0,0,0
0,0,0
0,0,0
0,0,0
0,0,0
0,0,0
0,0,0
0,0,0
0,0,0
0,0,0
0,0,0
0,0,0
0,0,0
0,0,0
0,0,0
0,0,0
0,0,0
0,0,0
0,0,0
0,0,0
0,0,0
0,0,0
0,0,0
0,0,0
0,0,0
0,0,0
0,0,0
0,0,0
0,0,0
0,0,0
0,0,0
0,0,0
0,0,0
0,0,0
0,0,0
0,0,0
0,0,0
0,0,0
0,0,0
0,0,0
0,0,0
0,0,0
0,0,0
0,0,0
0,0,0
0,0,0
0,0,0
0,0,0
0,0,0
0,0,0
0,0,0
0,0,0
0,0,0
0,0,0
0,0,0
0,0,0
0,0,0
0,0,0
0,0,0
0,0,0
0,0,0
0,0,0
0,0,0
0,0,0
0,0,0
0,0,0
0,0,0
0,0,0
0,0,0
0,0,0
0,0,0
0,0,0
0,0,0
0,0,0
0,0,0
0,0,0
0,0,0
0,0,0
0,0,0
0,0,0
0,0,0
0,0,0
0,0,0
0,0,0
0,0,0
0,0,0
0,0,0
0,0,0
0,0,0
0,0,0
0,0,0
0,0,0
0,0,0
0,0,0
0,0,0
0,0,0
0,0,0
0,0,0
0,0,0
0,0,0
0,0,0
0,0,0
0,0,0
0,0,0
0,0,0
0,0,0
0,0,0
0,0,0
0,0,0
0,0,0
0,0,0
0,0,0
0,0,0
0,0,0
0,0,0
0,0,0
0,0,0
0,0,0
0,0,0
0,0,0
0,0,0
0,0,0
0,0,0
0,0,0
0,0,0
0,0,0
0,0,0
0,0,0
0,0,0
0,0,0
0,0,0
0,0,0
0,0,0
0,0,0
0,0,0
0,0,0
0,0,0
0,0,0
0,0,0
0,0,0
0,0,0
0,0,0
0,0,0
0,0,0
0,0,0
0,0,0
0,0,0
0,0,0
0,0,0
0,0,0
0,0,0
0,0,0
0,0,0
0,0,0
0,0,0
0,0,0
0,0,0
0,0,0
0,0,0
0,0,0
0,0,0
0,0,0
0,0,0
0,0,0
0,0,0
0,0,0
0,0,0
0,0,0
0,0,0
0,0,0
0,0,0
0,0,0
0,0,0
0,0,0
0,0,0
0,0,0
0,0,0
0,0,0
0,0,0
0,0,0
0,0,0
0,0,0
0,0,0
0,0,0
0,0,0
0,0,0
0,0,0
0,0,0
0,0,0
0,0,0
0,0,0
0,0,0
0,0,0
0,0,0
0,0,0
0,0,0
0,0,0
0,0,0
0,0,0
0,0,0
0,0,0
0,0,0
0,0,0
0,0,0
0,0,0
0,0,0
0,0,0
0,0,0
0,0,0
0,0,0
0,0,0
0,0,0
0,0,0
0,0,0
0,0,0
0,0,0
0,0,0
0,0,0
0,0,0
0,0,0
0,0,0
0,0,0
0,0,0
0,0,0
0,0,0
0,0,0
0,0,0
0,0,0
0,0,0
0,0,0
0,0,0
0,0,0
0,0,0
0,0,0
0,0,0
0,0,0
0,0,0
0,0,0
0,0,0
0,0,0
0,0,0
0,0,0
0,0,0
0,0,0
0,0,0
0,0,0
0,0,0
0,0,0
0,0,0
0,0,0
0,0,0
0,0,0
0,0,0
0,0,0
0,0,0
0,0,0
0,0,0
0,0,0
0,0,0
0,0,0
0,0,0
0,0,0
0,0,0
0,0,0
0,0,0
0,0,0
0,0,0
0,0,0
0,0,0
0,0,0
0,0,0
0,0,0
0,0,0
0,0,0
0,0,0
0,0,0
0,0,0
0,0,0
0,0,0
0,0,0
0,0,0
0,0,0
0,0,0
0,0,0
0,0,0
0,0,0
0,0,0
0,0,0
0,0,0
0,0,0
0,0,0
0,0,0
0,0,0
0,0,0
0,0,0
0,0,0
0,0,0
0,0,0
0,0,0
0,0,0
0,0,0
0,0,0
0,0,0
0,0,0
0,0,0
0,0,0
0,0,0
0,0,0
0,0,0
0,0,0
0,0,0
0,0,0
0,0,0
0,0,0
0,0,0
0,0,0
0,0,0
0,0,0
0,0,0
0,0,0
0,0,0
0,0,0
0,0,0
0,0,0
0,0,0
0,0,0
0,0,0
0,0,0
0,0,0
0,0,0
0,0,0
0,0,0
0,0,0
0,0,0
0,0,0
0,0,0
0,0,0
0,0,0
0,0,0
0,0,0
0,0,0
0,0,0
0,0,0
0,0,0
0,0,0
0,0,0
0,0,0
0,0,0
0,0,0
0,0,0
0,0,0
0,0,0
0,0,0
0,0,0
0,0,0
0,0,0
0,0,0
0,0,0
0,0,0
0,0,0
0,0,0
0,0,0
0,0,0
0,0,0
0,0,0
0,0,0
0,0,0
0,0,0
0,0,0
0,0,0
0,0,0
0,0,0
0,0,0
0,0,0
0,0,0
0,0,0
0,0,0
0,0,0
0,0,0
0,0,0
0,0,0
0,0,0
0,0,0
0,0,0
0,0,0
0,0,0
0,0,0
0,0,0
0,0,0
0,0,0
0,0,0
0,0,0
0,0,0
0,0,0
0,0,0
0,0,0
0,0,0
0,0,0
0,0,0
0,0,0
0,0,0
0,0,0
0,0,0
0,0,0
0,0,0
0,0,0
0,0,0
0,0,0
0,0,0
0,0,0
0,0,0
0,0,0
0,0,0
0,0,0
0,0,0
0,0,0
0,0,0
0,0,0
0,0,0
0,0,0
0,0,0
0,0,0
0,0,0
0,0,0
0,0,0
0,0,0
0,0,0
0,0,0
0,0,0
0,0,0
0,0,0
0,0,0
0,0,0
0,0,0
0,0,0
0,0,0
0,0,0
0,0,0
0,0,0
0,0,0
0,0,0
0,0,0
0,0,0
0,0,0
0,0,0
0,0,0
0,0,0
0,0,0
0,0,0
0,0,0
0,0,0
0,0,0
0,0,0
0,0,0
0,0,0
0,0,0
0,0,0
0,0,0
0,0,0
0,0,0
0,0,0
0,0,0
0,0,0
0,0,0
0,0,0
0,0,0
0,0,0
0,0,0
0,0,0
0,0,0
0,0,0
0,0,0
0,0,0
0,0,0
0,0,0
0,0,0
0,0,0
0,0,0
0,0,0
0,0,0
0,0,0
0,0,0
0,0,0
0,0,0
0,0,0
0,0,0
0,0,0
0,0,0
0,0,0
0,0,0
0,0,0
0,0,0
0,0,0
0,0,0
0,0,0
0,0,0
0,0,0
0,0,0
0,0,0
0,0,0
0,0,0
0,0,0
0,0,0
0,0,0
0,0,0
0,0,0
0,0,0
0,0,0
0,0,0
0,0,0
0,0,0
0,0,0
0,0,0
0,0,0
0,0,0
0,0,0
0,0,0
0,0,0
0,0,0
0,0,0
0,0,0
0,0,0
0,0,0
0,0,0
0,0,0
0,0,0
0,0,0
0,0,0
0,0,0
0,0,0
1.06589,3.21951,-0.746854
0,0,0
1.11802,3.24302,-0.755893
1.14242,3.24897,-0.759057
1.17187,3.26849,-0.76561
1.1986,3.27953,-0.770129
1.22414,3.28672,-0.773745
1.2391,3.26549,-0.770355
1.26297,3.26782,-0.772841
1.27943,3.25094,-0.770581
1.30334,3.25298,-0.773067
1.31592,3.22688,-0.768548
1.33569,3.21874,-0.768548
1.35352,3.206,-0.767418
1.36817,3.186,-0.76448
1.38263,3.16594,-0.761542
1.38581,3.1209,-0.752278
1.39692,3.09458,-0.747758
1.40816,3.06913,-0.743465
1.4212,3.04807,-0.740301
1.44405,3.04809,-0.742561
1.45554,3.02426,-0.738719
1.48819,3.04415,-0.746176
1.51984,3.06113,-0.752956
1.55921,3.09263,-0.763576
1.57905,3.08474,-0.764028
1.59974,3.07845,-0.764932
1.61814,3.06771,-0.764706
1.63924,3.06202,-0.765836
1.65846,3.05276,-0.766062
1.68092,3.04935,-0.76787
1.69817,3.03643,-0.767192
1.7187,3.02934,-0.768096
1.74308,3.02887,-0.770807
1.7636,3.02148,-0.771711
1.78062,3.00809,-0.771033
1.81007,3.01548,-0.776005
1.83614,3.0168,-0.779394
1.86536,3.02288,-0.78414
1.87922,3.00395,-0.782106
1.89553,2.98907,-0.781202
1.92279,2.99131,-0.785044
1.88633,2.8954,-0.761768
1.90728,2.88864,-0.763124
1.92985,2.88417,-0.765158
1.94751,2.87228,-0.765158
1.9651,2.86027,-0.765158
1.98929,2.85775,-0.76787
2.00454,2.84231,-0.766966
2.02308,2.83154,-0.767418
2.05755,2.84275,-0.774197
2.09108,2.85206,-0.780524
2.11668,2.85013,-0.783688
2.1435,2.84954,-0.787303
2.16802,2.84563,-0.790015
2.1908,2.83922,-0.792049
2.21538,2.83493,-0.79476
2.23999,2.83045,-0.797472
2.26645,2.82805,-0.800862
2.29297,2.82544,-0.804251
2.32325,2.82712,-0.808996
2.36112,2.83752,-0.816454
2.38225,2.82745,-0.817809
2.416,2.83204,-0.823685
2.44034,2.82528,-0.82617
2.46725,2.82125,-0.82956
2.49549,2.81845,-0.833401
2.52574,2.81759,-0.837921
2.55608,2.81647,-0.84244
2.59045,2.81938,-0.848315
2.61964,2.81627,-0.852383
2.64289,2.80652,-0.854417
2.68358,2.81493,-0.862326
2.71231,2.81033,-0.866167
2.7329,2.79711,-0.867297
2.75687,2.78722,-0.869557
2.7815,2.77782,-0.872042
2.8089,2.77096,-0.875432
2.83143,2.75911,-0.87724
2.85462,2.74777,-0.879274
2.87637,2.7349,-0.880855
2.89665,2.72053,-0.881985
2.91971,2.70867,-0.884019
2.94059,2.69465,-0.885375
2.95779,2.67721,-0.885601
2.97343,2.65836,-0.885375
2.98458,2.63556,-0.883793
3.0117,2.6268,-0.887183
3.02555,2.60636,-0.886505
3.03407,2.58143,-0.884245
3.05134,2.56402,-0.884697
3.07676,2.55334,-0.887634
3.08634,2.52947,-0.885827
3.10938,2.51661,-0.888086
3.12172,2.49506,-0.887183
3.14079,2.47887,-0.888312
3.16132,2.46374,-0.889894
3.18024,2.44727,-0.891024
3.17503,2.41239,-0.885149
3.19133,2.39403,-0.885601
3.19108,2.36339,-0.881307
3.21496,2.35067,-0.884019
3.21748,2.32234,-0.880629
3.23484,2.30482,-0.881533
3.24095,2.27932,-0.879274
3.25968,2.26273,-0.880629
3.25823,2.23222,-0.876336
3.28478,2.22092,-0.879951
3.29915,2.20126,-0.880177
3.30772,2.17776,-0.878822
3.3251,2.16008,-0.879951
3.34075,2.14121,-0.880629
3.3563,2.12224,-0.881307
3.3643,2.09851,-0.879951
3.37628,2.07732,-0.879726
3.3873,2.05555,-0.879274
3.3965,2.03273,-0.87837
3.41143,2.01333,-0.879048
3.41361,1.98649,-0.876336
3.43081,1.96841,-0.877692
3.44961,1.95116,-0.879499
3.453,1.92521,-0.87724
3.46731,1.9054,-0.877918
3.47894,1.88409,-0.877918
3.49301,1.86408,-0.878596
3.50611,1.84352,-0.879048
3.51649,1.82152,-0.878822
3.52413,1.79814,-0.877918
3.529,1.77342,-0.876336
3.49442,1.72927,-0.864585
3.54612,1.72785,-0.875206
3.55139,1.70353,-0.87385
3.56794,1.68462,-0.875432
3.58528,1.66598,-0.87724
3.60075,1.64638,-0.878596
3.60812,1.62305,-0.877918
3.61712,1.60049,-0.877692
3.61704,1.57399,-0.875206
3.61857,1.54832,-0.873172
3.628,1.52609,-0.873172
3.6292,1.50045,-0.871139
3.64014,1.47889,-0.87159
3.64914,1.45652,-0.87159
3.65166,1.43162,-0.870009
3.66765,1.41198,-0.871817
3.66987,1.38704,-0.870235
3.67648,1.36382,-0.869783
3.69028,1.34323,-0.871139
3.69937,1.32089,-0.871365
3.70464,1.2972,-0.870687
3.71437,1.27508,-0.871139
3.7249,1.2532,-0.871817
3.72697,1.22849,-0.870461
3.74092,1.20769,-0.872042
3.74362,1.18325,-0.870913
3.7415,1.15738,-0.868653
3.74574,1.13355,-0.867975
3.74515,1.10834,-0.866167
3.75843,1.08723,-0.867749
3.77065,1.06574,-0.869105
3.77618,1.04232,-0.868879
3.79756,1.02319,-0.872494
3.79811,0.998379,-0.871139
3.79756,0.973363,-0.869557
3.79968,0.9491,-0.868653
3.79881,0.924156,-0.867071
3.79587,0.898811,-0.865037
3.81081,0.877688,-0.867297
3.81803,0.854714,-0.867749
3.83177,0.833133,-0.869783
3.83681,0.809606,-0.869783
3.8417,0.786049,-0.869783
3.8455,0.762272,-0.869557
3.85297,0.739213,-0.870235
3.85552,0.715202,-0.869783
3.85696,0.691017,-0.869105
3.85729,0.666675,-0.868201
3.85073,0.641235,-0.865715
3.84882,0.616672,-0.864359
3.84965,0.5926,-0.863682
3.85321,0.568968,-0.863682
3.86724,0.546813,-0.866167
3.87728,0.523986,-0.867749
3.88332,0.500559,-0.868427
3.87375,0.475182,-0.865489
3.84273,0.447464,-0.85758
3.86186,0.42569,-0.861422
3.86537,0.402086,-0.861648
3.85419,0.377035,-0.858484
3.87292,0.354888,-0.862326
3.85561,0.329461,-0.857806
3.87019,0.306797,-0.860744
3.87297,0.283115,-0.86097
3.86491,0.258696,-0.85871
3.86837,0.235095,-0.859162
3.87558,0.211672,-0.860518
3.87486,0.187794,-0.860066
3.88178,0.164261,-0.861422
3.88368,0.140475,-0.861648
3.88642,0.116701,-0.8621
3.89096,0.092945,-0.863004
3.89827,0.069189,-0.864585
1.50631,0.0177358,-0.3096
1.50542,0.00848766,-0.309374
1.52492,-0.000764439,-0.313893
1.54145,-0.0102354,-0.317735
3.86252,-0.0499525,-0.856224
3.86701,-0.0737449,-0.857354
3.87038,-0.0975697,-0.858258
3.87555,-0.1215,-0.859614
3.88447,-0.145643,-0.861874
3.87377,-0.16905,-0.859614
3.86293,-0.19233,-0.857354
3.84806,-0.215266,-0.854191
0,0,0
3.8325,-0.261607,-0.851253
3.82985,-0.285046,-0.851027
3.83579,-0.309167,-0.852835
3.83868,-0.333119,-0.853965
3.84626,-0.357569,-0.856224
3.84981,-0.38174,-0.85758
3.84546,-0.40515,-0.857128
3.84484,-0.428954,-0.85758
3.83633,-0.451853,-0.856224
3.82478,-0.474304,-0.854191
3.82759,-0.498519,-0.855547
3.82157,-0.5216,-0.854869
3.81926,-0.545176,-0.855095
3.82259,-0.569606,-0.856676
3.80362,-0.590657,-0.853061
3.80185,-0.614296,-0.853513
3.79801,-0.637612,-0.853513
3.80074,-0.662075,-0.855095
3.79661,-0.685383,-0.855095
3.78084,-0.706517,-0.852383
3.77548,-0.729518,-0.852157
3.77666,-0.753815,-0.853513
3.76338,-0.775204,-0.851479
3.7576,-0.798079,-0.851253
3.76119,-0.822995,-0.853287
3.74847,-0.844344,-0.851479
3.75556,-0.870188,-0.854417
3.75204,-0.893667,-0.854869
3.75122,-0.917831,-0.855999
3.75118,-0.942255,-0.857354
3.74345,-0.964768,-0.856902
3.72992,-0.985727,-0.855095
3.72568,-1.0091,-0.855547
3.70816,-1.02882,-0.852835
3.69896,-1.05075,-0.852157
3.68403,-1.07098,-0.850123
3.68112,-1.09468,-0.851027
3.67527,-1.11753,-0.851253
3.67764,-1.14295,-0.853513
3.67056,-1.16549,-0.853513
3.66983,-1.1901,-0.855095
3.66523,-1.21351,-0.855773
3.64664,-1.23224,-0.853061
3.63441,-1.253,-0.851931
3.62297,-1.27398,-0.851027
3.60592,-1.2929,-0.848767
3.60432,-1.31734,-0.850349
3.5907,-1.33739,-0.848993
3.58971,-1.36217,-0.850801
3.58855,-1.38698,-0.852609
3.57997,-1.40897,-0.852609
3.5803,-1.43453,-0.854869
3.56782,-1.455,-0.853965
3.56153,-1.47799,-0.854643
3.54521,-1.49678,-0.852835
3.53328,-1.51735,-0.852157
3.5239,-1.539,-0.852157
3.51261,-1.55981,-0.851705
3.50741,-1.58333,-0.852835
3.50117,-1.60645,-0.853739
3.50008,-1.63202,-0.855999
3.48296,-1.65013,-0.854191
3.47013,-1.6702,-0.853513
3.46332,-1.69317,-0.854417
3.44501,-1.71049,-0.852383
3.4388,-1.73379,-0.853513
3.42376,-1.75264,-0.852383
3.41467,-1.77451,-0.852835
3.40631,-1.7968,-0.853513
3.39779,-1.81904,-0.854191
3.384,-1.83846,-0.853513
3.37607,-1.86107,-0.854417
3.36374,-1.88128,-0.854191
3.34027,-1.89515,-0.851027
3.32604,-1.91415,-0.850349
3.31087,-1.93256,-0.849445
3.29644,-1.95135,-0.848767
3.27354,-1.96502,-0.84583
3.2531,-1.98,-0.84357
3.25996,-2.01169,-0.848767
3.24756,-2.03166,-0.848767
3.25395,-2.06355,-0.853965
3.22648,-2.07399,-0.849897
3.20226,-2.08631,-0.846734
3.19428,-2.10914,-0.84809
3.20799,-2.14658,-0.855547
3.19234,-2.16458,-0.854869
3.16214,-2.17254,-0.850123
3.16314,-2.20192,-0.854191
3.14957,-2.22129,-0.854191
3.13113,-2.23717,-0.852835
3.11418,-2.25406,-0.851931
3.10108,-2.2737,-0.852157
3.09645,-2.29966,-0.854869
3.0636,-2.30456,-0.849445
3.05483,-2.32744,-0.851027
3.03741,-2.34376,-0.850123
3.01146,-2.35336,-0.846734
2.99696,-2.37179,-0.846734
2.98311,-2.39074,-0.84696
2.97141,-2.41146,-0.847864
2.95957,-2.43212,-0.848767
2.93785,-2.44463,-0.846734
2.9295,-2.46826,-0.848767
2.88762,-2.46342,-0.840632
2.9012,-2.50593,-0.849445
2.88504,-2.52304,-0.849219
2.86658,-2.53811,-0.848315
2.86039,-2.56411,-0.851253
2.8345,-2.57245,-0.84809
2.81436,-2.58583,-0.846734
2.7963,-2.60106,-0.846056
2.78667,-2.62418,-0.84809
2.7677,-2.63854,-0.847186
2.76127,-2.66495,-0.850349
2.73441,-2.67163,-0.84696
2.72351,-2.69384,-0.848767
2.70762,-2.71119,-0.848993
2.69298,-2.72983,-0.849671
2.67346,-2.74351,-0.848767
2.6505,-2.75355,-0.846734
2.63557,-2.77188,-0.847412
2.61451,-2.78374,-0.846056
2.61129,-2.81472,-0.850801
2.57159,-2.80627,-0.843118
2.5576,-2.82561,-0.844248
2.53761,-2.83834,-0.843344
2.5324,-2.86774,-0.847638
2.51155,-2.87955,-0.846508
2.49829,-2.90007,-0.84809
2.48297,-2.91832,-0.848993
2.45437,-2.92082,-0.845152
2.44013,-2.94032,-0.846508
2.42266,-2.95599,-0.846734
2.40509,-2.97156,-0.84696
2.39532,-2.99691,-0.850123
2.37931,-3.01461,-0.851027
2.35957,-3.02762,-0.850575
2.34451,-3.04667,-0.851931
2.32636,-3.06178,-0.852157
2.30402,-3.07132,-0.850801
2.28919,-3.09088,-0.852383
2.26616,-3.09936,-0.850801
2.2471,-3.11321,-0.850801
2.22965,-3.12931,-0.851479
2.20985,-3.14214,-0.851253
2.18719,-3.15084,-0.849897
2.17442,-3.17384,-0.852609
2.14945,-3.17906,-0.850349
2.13261,-3.19624,-0.851479
2.11296,-3.20926,-0.851479
2.09482,-3.22462,-0.852157
2.07867,-3.24315,-0.853739
2.05665,-3.25255,-0.852835
2.03562,-3.26346,-0.852383
2.01454,-3.27422,-0.851931
1.99492,-3.28736,-0.852157
1.97271,-3.29619,-0.851253
1.94997,-3.30404,-0.850123
1.9326,-3.32099,-0.851479
1.91655,-3.34039,-0.853513
1.89698,-3.35379,-0.853965
1.88727,-3.38493,-0.859162
1.86459,-3.39304,-0.858258
1.84095,-3.39927,-0.856902
1.81731,-3.40535,-0.855547
1.79094,-3.40609,-0.852835
1.77314,-3.42307,-0.854417
1.75033,-3.43041,-0.853513
1.73057,-3.4437,-0.854191
1.7107,-3.45687,-0.854869
1.68946,-3.4673,-0.854869
1.67362,-3.48902,-0.857806
1.64678,-3.48777,-0.854869
1.63971,-3.52873,-0.862778
1.61114,-3.52367,-0.858936
1.58949,-3.53349,-0.858936
1.56542,-3.53783,-0.85758
1.53824,-3.53486,-0.854417
1.51269,-3.53528,-0.852157
1.4921,-3.54719,-0.852835
1.46882,-3.55267,-0.851931
1.44663,-3.56072,-0.851705
1.42764,-3.57676,-0.853513
1.40816,-3.59181,-0.855095
1.39274,-3.61765,-0.859388
1.37361,-3.63433,-0.861422
1.35434,-3.65091,-0.863456
1.33624,-3.67105,-0.866393
1.31402,-3.6801,-0.866619
1.29205,-3.68993,-0.867071
1.26781,-3.69318,-0.865941
1.24078,-3.68797,-0.862778
1.21355,-3.68163,-0.859388
1.18854,-3.68159,-0.85758
1.16711,-3.69253,-0.858484
1.145,-3.70148,-0.858936
1.12791,-3.72709,-0.863456
1.11359,-3.7629,-0.870461
0,0,0
0,0,0
0,0,0
0,0,0
0,0,0
0,0,0
0,0,0
0,0,0
0,0,0
0,0,0
0,0,0
0,0,0
0,0,0
0,0,0
0,0,0
0,0,0
0,0,0
0,0,0
0,0,0
0,0,0
0,0,0
0,0,0
0,0,0
0,0,0
0,0,0
0,0,0
0,0,0
0,0,0
0,0,0
0,0,0
0,0,0
0,0,0
0,0,0
0,0,0
0,0,0
0,0,0
0,0,0
0,0,0
0,0,0
0,0,0
0,0,0
0,0,0
0,0,0
0,0,0
0,0,0
0,0,0
0,0,0
0,0,0
0,0,0
0,0,0
0,0,0
0,0,0
0,0,0
0,0,0
0,0,0
0,0,0
0,0,0
0,0,0
0,0,0
0,0,0
0,0,0
0,0,0
0,0,0
0,0,0
0,0,0
0,0,0
0,0,0
0,0,0
0,0,0
0,0,0
0,0,0
0,0,0
0,0,0
0,0,0
0,0,0
0,0,0
0,0,0
0,0,0
0,0,0
0,0,0
0,0,0
0,0,0
0,0,0
0,0,0
0,0,0
0,0,0
0,0,0
0,0,0
0,0,0
0,0,0
0,0,0
0,0,0
0,0,0
0,0,0
0,0,0
0,0,0
0,0,0
0,0,0
0,0,0
0,0,0
0,0,0
0,0,0
0,0,0
0,0,0
0,0,0
0,0,0
0,0,0
0,0,0
0,0,0
0,0,0
0,0,0
0,0,0
0,0,0
0,0,0
0,0,0
0,0,0
0,0,0
0,0,0
0,0,0
0,0,0
0,0,0
0,0,0
0,0,0
0,0,0
0,0,0
0,0,0
0,0,0
0,0,0
0,0,0
0,0,0
0,0,0
0,0,0
0,0,0
0,0,0
0,0,0
0,0,0
0,0,0
0,0,0
0,0,0
0,0,0
0,0,0
0,0,0
0,0,0
0,0,0
0,0,0
0,0,0
0,0,0
0,0,0
0,0,0
0,0,0
0,0,0
0,0,0
0,0,0
0,0,0
0,0,0
0,0,0
0,0,0
0,0,0
0,0,0
0,0,0
0,0,0
0,0,0
0,0,0
0,0,0
0,0,0
0,0,0
0,0,0
0,0,0
0,0,0
0,0,0
0,0,0
0,0,0
0,0,0
0,0,0
0,0,0
0,0,0
0,0,0
0,0,0
0,0,0
0,0,0
0,0,0
0,0,0
0,0,0
0,0,0
0,0,0
0,0,0
0,0,0
0,0,0
0,0,0
0,0,0
0,0,0
0,0,0
0,0,0
0,0,0
0,0,0
0,0,0
0,0,0
0,0,0
0,0,0
0,0,0
0,0,0
0,0,0
0,0,0
0,0,0
0,0,0
0,0,0
0,0,0
0,0,0
0,0,0
0,0,0
0,0,0
0,0,0
0,0,0
0,0,0
0,0,0
0,0,0
0,0,0
0,0,0
0,0,0
0,0,0
0,0,0
0,0,0
0,0,0
0,0,0
0,0,0
0,0,0
0,0,0
0,0,0
0,0,0
0,0,0
0,0,0
0,0,0
0,0,0
0,0,0
0,0,0
0,0,0
0,0,0
0,0,0
0,0,0
0,0,0
0,0,0
0,0,0
0,0,0
0,0,0
0,0,0
0,0,0
0,0,0
0,0,0
0,0,0
0,0,0
0,0,0
0,0,0
0,0,0
0,0,0
0,0,0
0,0,0
0,0,0
0,0,0
0,0,0
0,0,0
0,0,0
0,0,0
0,0,0
0,0,0
0,0,0
0,0,0
0,0,0
0,0,0
0,0,0
0,0,0
0,0,0
0,0,0
0,0,0
0,0,0
0,0,0
0,0,0
0,0,0
0,0,0
0,0,0
0,0,0
0,0,0
0,0,0
0,0,0
0,0,0
0,0,0
0,0,0
0,0,0
0,0,0
0,0,0
0,0,0
0,0,0
0,0,0
0,0,0
0,0,0
0,0,0
0,0,0
0,0,0
0,0,0
0,0,0
0,0,0
0,0,0
0,0,0
0,0,0
0,0,0
0,0,0
0,0,0
0,0,0
0,0,0
0,0,0
0,0,0
0,0,0
0,0,0
0,0,0
0,0,0
0,0,0
0,0,0
0,0,0
0,0,0
0,0,0
0,0,0
0,0,0
0,0,0
0,0,0
0,0,0
0,0,0
0,0,0
0,0,0
0,0,0
0,0,0
0,0,0
0,0,0
0,0,0
0,0,0
0,0,0
0,0,0
0,0,0
0,0,0
0,0,0
0,0,0
0,0,0
0,0,0
0,0,0
0,0,0
0,0,0
0,0,0
0,0,0
0,0,0
0,0,0
0,0,0
0,0,0
0,0,0
0,0,0
0,0,0
0,0,0
0,0,0
0,0,0
0,0,0
0,0,0
0,0,0
0,0,0
0,0,0
0,0,0
0,0,0
0,0,0
0,0,0
0,0,0
0,0,0
0,0,0
0,0,0
0,0,0
0,0,0
0,0,0
0,0,0
0,0,0
0,0,0
0,0,0
0,0,0
0,0,0
0,0,0
0,0,0
0,0,0
0,0,0
0,0,0
0,0,0
0,0,0
0,0,0
0,0,0
0,0,0
0,0,0
0,0,0
0,0,0
0,0,0
0,0,0
0,0,0
0,0,0
0,0,0
0,0,0
0,0,0
0,0,0
0,0,0
0,0,0
0,0,0
0,0,0
0,0,0
0,0,0
0,0,0
0,0,0
0,0,0
0,0,0
0,0,0
0,0,0
0,0,0
0,0,0
0,0,0
0,0,0
0,0,0
0,0,0
0,0,0
0,0,0
0,0,0
0,0,0
0,0,0
0,0,0
0,0,0
0,0,0
0,0,0
0,0,0
0,0,0
0,0,0
0,0,0
0,0,0
0,0,0
0,0,0
0,0,0
0,0,0
0,0,0
0,0,0
0,0,0
0,0,0
0,0,0
0,0,0
0,0,0
0,0,0
0,0,0
0,0,0
0,0,0
0,0,0
0,0,0
0,0,0
0,0,0
0,0,0
0,0,0
0,0,0
0,0,0
0,0,0
0,0,0
0,0,0
0,0,0
0,0,0
0,0,0
0,0,0
0,0,0
0,0,0
0,0,0
0,0,0
0,0,0
0,0,0
0,0,0
0,0,0
0,0,0
0,0,0
0,0,0
0,0,0
0,0,0
0,0,0
0,0,0
0,0,0
0,0,0
0,0,0
0,0,0
0,0,0
0,0,0
0,0,0
0,0,0
0,0,0
0,0,0
0,0,0
0,0,0
0,0,0
0,0,0
0,0,0
0,0,0
0,0,0
0,0,0
0,0,0
0,0,0
0,0,0
0,0,0
0,0,0
0,0,0
0,0,0
0,0,0
0,0,0
0,0,0
0,0,0
0,0,0
0,0,0
0,0,0
0,0,0
0,0,0
0,0,0
0,0,0
0,0,0
0,0,0
0,0,0
0,0,0
0,0,0
0,0,0
0,0,0
0,0,0
0,0,0
0,0,0
0,0,0
0,0,0
0,0,0
0,0,0
0,0,0
0,0,0
0,0,0
0,0,0
0,0,0
0,0,0
0,0,0
0,0,0
0,0,0
0,0,0
0,0,0
0,0,0
0,0,0
0,0,0
0,0,0
0,0,0
0,0,0
0,0,0
0,0,0
0,0,0
0,0,0
0,0,0
0,0,0
0,0,0
0,0,0
0,0,0
0,0,0
0,0,0
0,0,0
0,0,0
0,0,0
0,0,0
0,0,0
0,0,0
0,0,0
0,0,0
0,0,0
0,0,0
0,0,0
0,0,0
0,0,0
0,0,0
0,0,0
0,0,0
0,0,0
0,0,0
0,0,0
0,0,0
0,0,0
0,0,0
0,0,0
0,0,0
0,0,0
0,0,0
0,0,0
0,0,0
0,0,0
0,0,0
0,0,0
0,0,0
0,0,0
0,0,0
0,0,0
0,0,0
0,0,0
0,0,0
0,0,0
0,0,0
0,0,0
0,0,0
0,0,0
0,0,0
0,0,0
0,0,0
0,0,0
0,0,0
0,0,0
0,0,0
0,0,0
0,0,0
0,0,0
0,0,0
0,0,0
0,0,0
0,0,0
0,0,0
0,0,0
0,0,0
0,0,0
0,0,0
0,0,0
0,0,0
0,0,0
0,0,0
0,0,0
0,0,0
0.965689,3.17374,-0.772337
0.983992,3.16404,-0.771385
1.00456,3.16165,-0.772337
1.02215,3.14988,-0.77091
1.04268,3.14724,-0.771861
1.05855,3.13066,-0.769245
1.08375,3.14155,-0.773764
1.10526,3.14126,-0.775429
1.13074,3.15179,-0.779948
1.15006,3.14479,-0.779948
1.1673,3.13221,-0.778521
1.1989,3.15769,-0.787084
1.22035,3.15571,-0.788511
1.24111,3.15178,-0.789462
1.25826,3.13869,-0.788035
1.28189,3.14171,-0.790889
1.29259,3.11315,-0.785419
1.30336,3.08547,-0.780186
1.3215,3.07563,-0.77971
1.33724,3.06034,-0.777807
1.35087,3.04054,-0.774715
1.3651,3.02245,-0.772099
1.38119,3.00872,-0.770672
1.39635,2.99315,-0.768769
1.41469,2.98452,-0.768769
1.43255,2.97491,-0.768531
1.45461,2.97392,-0.770672
1.48147,2.98234,-0.775429
1.51461,3.00268,-0.783516
1.53389,2.99506,-0.783992
1.56209,3.00456,-0.789224
1.58593,3.00523,-0.792079
1.56172,2.91579,-0.769958
1.57541,2.89847,-0.767817
1.59363,2.8896,-0.768055
1.62555,2.90521,-0.775191
1.64047,2.89011,-0.773764
1.6635,2.88925,-0.77638
1.68511,2.8857,-0.778283
1.70872,2.88534,-0.781137
1.72739,2.87646,-0.781613
1.74451,2.86498,-0.781375
1.7646,2.85835,-0.782565
1.78417,2.85077,-0.783516
1.80735,2.84879,-0.786132
1.82899,2.84418,-0.788035
1.85118,2.84023,-0.790176
1.87767,2.8426,-0.794219
1.90048,2.8391,-0.796598
1.92495,2.83784,-0.79969
1.95002,2.83718,-0.80302
1.97405,2.83473,-0.805874
1.99868,2.83289,-0.808966
2.02337,2.83084,-0.812059
2.04867,2.82939,-0.815389
2.07403,2.82774,-0.818719
2.10003,2.82665,-0.822286
2.12726,2.82691,-0.82633
2.15162,2.82308,-0.829184
2.17365,2.81598,-0.831087
2.19926,2.8133,-0.834417
2.21769,2.80128,-0.834893
2.25002,2.80657,-0.840839
2.27454,2.80176,-0.843693
2.30032,2.79826,-0.847023
2.328,2.79679,-0.851067
2.37954,2.82331,-0.864149
2.39051,2.80126,-0.86177
2.41845,2.79904,-0.865814
2.44836,2.79877,-0.870571
2.47515,2.79461,-0.874139
2.50456,2.79311,-0.878658
2.54058,2.79855,-0.885556
2.55048,2.77504,-0.88294
2.57804,2.77072,-0.886745
2.59499,2.75485,-0.886745
2.60581,2.73255,-0.884604
2.62118,2.71511,-0.884129
2.65069,2.71218,-0.888648
2.67889,2.70761,-0.892692
2.67415,2.66984,-0.885318
2.70707,2.66975,-0.891027
2.7248,2.65445,-0.891502
2.73753,2.63431,-0.890313
2.75435,2.61813,-0.890551
2.77532,2.60584,-0.892216
2.79624,2.59338,-0.893881
2.81854,2.58209,-0.896022
2.83721,2.56735,-0.896973
2.84857,2.54601,-0.895546
2.86778,2.5317,-0.896735
2.88106,2.51214,-0.896022
2.89054,2.48934,-0.894119
2.91167,2.47659,-0.896022
2.92681,2.45868,-0.896022
2.94334,2.44192,-0.896497
2.96052,2.42566,-0.897211
2.97006,2.40317,-0.895546
2.98324,2.38369,-0.89507
2.99399,2.36233,-0.893881
3.00077,2.33794,-0.891502
3.01583,2.32008,-0.89174
3.02537,2.298,-0.890313
3.03864,2.27881,-0.890075
3.05568,2.26244,-0.891027
3.06716,2.24192,-0.890313
3.07692,2.22022,-0.889124
3.08416,2.19679,-0.887221
3.09599,2.17671,-0.886745
3.10929,2.15767,-0.886745
3.11526,2.13361,-0.884604
3.13312,2.11772,-0.886032
3.14524,2.09791,-0.885794
3.15562,2.07697,-0.88508
3.17482,2.0618,-0.886983
3.17924,2.03704,-0.884604
3.1925,2.01802,-0.884842
3.20647,1.99942,-0.885318
3.20875,1.9736,-0.882464
3.19755,1.93976,-0.875804
3.22689,1.93058,-0.880799
3.2437,1.91371,-0.882226
3.24363,1.88693,-0.878896
3.25346,1.86602,-0.87842
3.28429,1.85702,-0.883891
3.29647,1.83731,-0.884129
3.30598,1.81611,-0.883653
3.32133,1.79811,-0.884842
3.33144,1.77724,-0.884604
3.33455,1.75269,-0.882464
3.34179,1.73041,-0.881512
3.34543,1.70634,-0.87961
3.34889,1.68229,-0.877707
3.35567,1.65999,-0.876755
3.37016,1.64149,-0.877945
3.37316,1.61742,-0.876042
3.39268,1.60126,-0.878658
3.39804,1.57836,-0.877469
3.41119,1.5591,-0.87842
3.42512,1.54013,-0.87961
3.43717,1.52027,-0.880323
3.44376,1.49799,-0.87961
3.44485,1.47339,-0.877469
3.44935,1.45034,-0.87628
3.4546,1.42766,-0.875328
3.46059,1.40534,-0.874615
3.47276,1.38552,-0.875566
3.47939,1.36348,-0.87509
3.49947,1.34664,-0.878182
3.50494,1.32411,-0.877469
3.51755,1.30427,-0.878658
3.51819,1.28,-0.876755
3.52598,1.25839,-0.876755
3.53455,1.23706,-0.876993
3.54391,1.21598,-0.877469
3.5513,1.19421,-0.877469
3.56318,1.17392,-0.878658
3.56846,1.15143,-0.878182
3.57361,1.12893,-0.877707
3.57861,1.10641,-0.877231
3.58627,1.08471,-0.877469
3.59285,1.06268,-0.877469
3.6049,1.04224,-0.878896
3.60749,1.01904,-0.877945
3.61555,0.997407,-0.87842
3.61222,0.972675,-0.876042
3.61061,0.948516,-0.874139
3.61166,0.925137,-0.87295
3.61444,0.902252,-0.872236
3.61613,0.879138,-0.871285
3.62524,0.85783,-0.872236
3.64558,0.83906,-0.876042
3.64307,0.814976,-0.874139
3.65655,0.794466,-0.87628
3.65565,0.770811,-0.874852
3.6527,0.746807,-0.87295
3.64959,0.722868,-0.871047
3.64347,0.698446,-0.86843
3.64768,0.676077,-0.86843
3.65654,0.65454,-0.86962
3.66049,0.632092,-0.86962
3.66717,0.610098,-0.870333
3.66605,0.586816,-0.869144
3.66575,0.563719,-0.868192
3.6701,0.541358,-0.86843
3.67623,0.519237,-0.869144
3.67454,0.496019,-0.867955
3.67655,0.473339,-0.867717
3.68999,0.452074,-0.870333
3.68401,0.428411,-0.868192
3.69043,0.406225,-0.869144
3.69189,0.383473,-0.868906
3.69031,0.360433,-0.867955
3.69535,0.33805,-0.868668
3.69058,0.314789,-0.867003
3.69051,0.291984,-0.866527
3.68835,0.269051,-0.865576
3.69284,0.246609,-0.86629
3.69429,0.223946,-0.86629
3.69559,0.201274,-0.86629
3.6987,0.178689,-0.866765
3.70554,0.156238,-0.868192
3.71129,0.133674,-0.869382
3.71204,0.1109,-0.869382
3.71168,0.0880978,-0.869144
3.72089,0.0654783,-0.871285
1.50195,0.016524,-0.327785
1.50008,0.00729689,-0.327309
1.51273,-0.00191391,-0.330401
3.70001,-0.0257148,-0.866052
3.69395,-0.0483427,-0.864625
3.69747,-0.0710809,-0.865576
3.69405,-0.0936938,-0.864863
3.67205,-0.115692,-0.85963
3.67224,-0.138257,-0.859868
3.66453,-0.160492,-0.858203
3.66348,-0.182974,-0.858203
3.66616,-0.205666,-0.859154
3.6658,-0.228217,-0.859392
3.66239,-0.250574,-0.858916
3.65885,-0.272897,-0.85844
3.66098,-0.295654,-0.859392
3.66297,-0.318447,-0.860343
3.65611,-0.340468,-0.859154
3.66362,-0.363852,-0.861533
3.65842,-0.386019,-0.860819
3.66563,-0.409535,-0.863198
3.65726,-0.431339,-0.86177
3.64394,-0.452458,-0.859154
3.64206,-0.474933,-0.859392
3.63234,-0.496353,-0.857727
3.62635,-0.51822,-0.857013
3.62021,-0.540032,-0.8563
3.60436,-0.5603,-0.853208
3.60852,-0.583643,-0.85511
3.59529,-0.604167,-0.852732
3.59726,-0.627216,-0.854159
3.59621,-0.649793,-0.854873
3.58643,-0.670777,-0.853445
3.60227,-0.696637,-0.85844
3.60079,-0.719297,-0.859154
3.59345,-0.74079,-0.85844
3.59549,-0.764237,-0.860105
3.59168,-0.786491,-0.860343
3.58963,-0.809155,-0.861057
3.59028,-0.832479,-0.862484
3.5851,-0.854493,-0.862484
3.5779,-0.876014,-0.862008
3.56681,-0.896532,-0.860581
3.56218,-0.918643,-0.860819
3.55554,-0.940234,-0.860581
3.54408,-0.96051,-0.859154
3.53718,-0.981979,-0.858916
3.53202,-1.00393,-0.859154
3.523,-1.02477,-0.85844
3.51757,-1.04664,-0.858678
3.51294,-1.06877,-0.859154
3.50447,-1.08973,-0.858678
3.49679,-1.11092,-0.85844
3.48713,-1.13146,-0.857727
3.47736,-1.15192,-0.857013
3.47299,-1.17416,-0.857727
3.46388,-1.19482,-0.857251
3.45282,-1.21476,-0.8563
3.44804,-1.23691,-0.857013
3.43674,-1.25671,-0.856062
3.4326,-1.27913,-0.857013
3.4256,-1.30051,-0.857251
3.41937,-1.3222,-0.857727
3.4148,-1.34458,-0.858678
3.40559,-1.36515,-0.85844
3.39535,-1.38529,-0.857965
3.3823,-1.40423,-0.856775
3.37451,-1.42534,-0.857013
3.35767,-1.44257,-0.854873
3.34342,-1.46081,-0.853445
3.34771,-1.48721,-0.857013
3.32966,-1.50373,-0.854635
3.33185,-1.52939,-0.857727
3.32329,-1.55022,-0.857965
3.31898,-1.57308,-0.859392
3.31276,-1.5951,-0.860343
3.29419,-1.61113,-0.857965
3.28598,-1.63217,-0.85844
3.2733,-1.65099,-0.857727
3.25446,-1.66662,-0.855348
3.24762,-1.68835,-0.8563
3.22947,-1.70417,-0.854159
3.22067,-1.72487,-0.854635
3.20917,-1.74414,-0.854397
3.20096,-1.7652,-0.85511
3.1977,-1.78907,-0.857251
3.19173,-1.81154,-0.858678
3.18729,-1.83496,-0.860581
3.17932,-1.85644,-0.861533
3.16704,-1.87542,-0.861295
3.15547,-1.89482,-0.861295
3.14379,-1.91414,-0.861295
3.1295,-1.93187,-0.860581
3.11182,-1.94743,-0.858916
3.08423,-1.9566,-0.854397
3.0787,-1.97969,-0.8563
3.05185,-1.989,-0.852018
3.04607,-2.01197,-0.853921
3.03125,-2.029,-0.853208
3.02276,-2.05029,-0.854397
3.02373,-2.07815,-0.85844
2.99498,-2.08557,-0.853683
2.97419,-2.09831,-0.851305
2.9826,-2.13176,-0.857727
2.96946,-2.15002,-0.857727
2.95386,-2.16648,-0.857013
2.9335,-2.17935,-0.854873
2.92084,-2.19789,-0.85511
2.90035,-2.21048,-0.85297
2.88596,-2.22764,-0.852732
2.86994,-2.24351,-0.852018
2.86069,-2.26469,-0.853445
2.84295,-2.27917,-0.852256
2.82892,-2.29657,-0.852256
2.81177,-2.31142,-0.851305
2.79753,-2.32863,-0.851305
2.78765,-2.3495,-0.852732
2.77392,-2.36719,-0.85297
2.76375,-2.38798,-0.854397
2.74832,-2.40425,-0.854159
2.73497,-2.42236,-0.854635
2.72512,-2.44363,-0.8563
2.70648,-2.45704,-0.85511
2.69063,-2.47294,-0.854873
2.67399,-2.48808,-0.854397
2.65938,-2.50511,-0.854635
2.64607,-2.52339,-0.855348
2.64172,-2.55037,-0.859154
2.6149,-2.55567,-0.855348
2.59779,-2.5703,-0.854873
2.56549,-2.5697,-0.849164
2.5565,-2.59231,-0.851543
2.53919,-2.60656,-0.851067
2.52045,-2.61929,-0.850115
2.50233,-2.63259,-0.849402
2.48679,-2.64861,-0.84964
2.47446,-2.66809,-0.851067
2.45541,-2.68035,-0.850115
2.44283,-2.69969,-0.851543
2.43011,-2.71897,-0.85297
2.41724,-2.7382,-0.854397
2.40039,-2.75298,-0.854397
2.38662,-2.77134,-0.855586
2.36831,-2.78445,-0.85511
2.35743,-2.80636,-0.857489
2.33521,-2.8148,-0.855586
2.31912,-2.83057,-0.856062
2.30171,-2.84475,-0.856062
2.28239,-2.85654,-0.855348
2.26422,-2.86973,-0.85511
2.24299,-2.87898,-0.853683
2.22113,-2.8873,-0.852018
2.20337,-2.90087,-0.852018
2.18728,-2.91667,-0.852732
2.17166,-2.93315,-0.853683
2.15706,-2.95113,-0.85511
2.14346,-2.97061,-0.857013
2.12406,-2.98212,-0.856538
2.1074,-2.99748,-0.857251
2.09174,-3.01435,-0.85844
2.06936,-3.02152,-0.856775
2.04806,-3.03013,-0.855586
2.03429,-3.04991,-0.857727
2.01073,-3.05504,-0.855586
1.99353,-3.06976,-0.8563
1.98147,-3.09256,-0.859392
1.96038,-3.10138,-0.85844
1.94389,-3.11747,-0.85963
1.92472,-3.12934,-0.85963
1.90599,-3.14192,-0.859868
1.88218,-3.14606,-0.857727
1.86136,-3.15504,-0.857013
1.84343,-3.16892,-0.857727
1.8196,-3.17259,-0.855586
1.80106,-3.18538,-0.856062
1.78195,-3.19722,-0.8563
1.76371,-3.21065,-0.857013
1.74536,-3.22397,-0.857727
1.72463,-3.23291,-0.857251
1.70702,-3.24773,-0.85844
1.68751,-3.259,-0.858678
1.66616,-3.2667,-0.857965
1.6487,-3.28207,-0.859392
1.62551,-3.28603,-0.857727
1.60958,-3.30467,-0.860105
1.59137,-3.31887,-0.861295
1.57222,-3.3312,-0.862008
1.55298,-3.34343,-0.862722
1.53001,-3.3476,-0.861295
1.51741,-3.37464,-0.866052
1.49353,-3.37678,-0.864149
1.46619,-3.37074,-0.860105
1.44319,-3.37431,-0.858678
1.41982,-3.37684,-0.857013
1.39982,-3.38728,-0.857489
1.38047,-3.39941,-0.85844
0,0,0
1.33688,-3.41157,-0.857251
1.3229,-3.43784,-0.862008
1.29457,-3.42681,-0.857013
1.27892,-3.44926,-0.860819
1.25142,-3.4397,-0.8563
1.23127,-3.45006,-0.857013
1.20847,-3.45297,-0.855824
1.1879,-3.46215,-0.8563
0,0,0
0,0,0
0,0,0
1.11136,-3.51804,-0.863435
1.09406,-3.53872,-0.867003
1.07401,-3.55094,-0.86843
1.05055,-3.55188,-0.867003
0,0,0
0,0,0
0,0,0
0,0,0
0,0,0
0,0,0
0,0,0
0,0,0
0,0,0
0,0,0
0,0,0
0,0,0
0,0,0
0,0,0
0,0,0
0,0,0
0,0,0
0,0,0
0,0,0
0,0,0
0,0,0
0,0,0
0,0,0
0,0,0
0,0,0
0,0,0
0,0,0
0,0,0
0,0,0
0,0,0
0,0,0
0,0,0
0,0,0
0,0,0
0,0,0
0,0,0
0,0,0
0,0,0
0,0,0
0,0,0
0,0,0
0,0,0
0,0,0
0,0,0
0,0,0
0,0,0
0,0,0
0,0,0
0,0,0
0,0,0
0,0,0
0,0,0
0,0,0
0,0,0
0,0,0
0,0,0
0,0,0
0,0,0
0,0,0
0,0,0
0,0,0
0,0,0
0,0,0
0,0,0
0,0,0
0,0,0
0,0,0
0,0,0
0,0,0
0,0,0
0,0,0
0,0,0
0,0,0
0,0,0
0,0,0
0,0,0
0,0,0
0,0,0
0,0,0
0,0,0
0,0,0
0,0,0
0,0,0
0,0,0
0,0,0
0,0,0
0,0,0
0,0,0
0,0,0
0,0,0
0,0,0
0,0,0
0,0,0
0,0,0
0,0,0
0,0,0
0,0,0
0,0,0
0,0,0
0,0,0
0,0,0
0,0,0
0,0,0
0,0,0
0,0,0
0,0,0
0,0,0
0,0,0
0,0,0
0,0,0
0,0,0
0,0,0
0,0,0
0,0,0
0,0,0
0,0,0
0,0,0
0,0,0
0,0,0
0,0,0
0,0,0
0,0,0
0,0,0
0,0,0
0,0,0
0,0,0
0,0,0
0,0,0
0,0,0
0,0,0
0,0,0
0,0,0
0,0,0
0,0,0
0,0,0
0,0,0
0,0,0
0,0,0
0,0,0
0,0,0
0,0,0
0,0,0
0,0,0
0,0,0
0,0,0
0,0,0
0,0,0
0,0,0
0,0,0
0,0,0
0,0,0
0,0,0
0,0,0
0,0,0
0,0,0
0,0,0
0,0,0
0,0,0
0,0,0
0,0,0
0,0,0
0,0,0
0,0,0
0,0,0
0,0,0
0,0,0
0,0,0
0,0,0
0,0,0
0,0,0
0,0,0
0,0,0
0,0,0
0,0,0
0,0,0
0,0,0
0,0,0
0,0,0
0,0,0
0,0,0
0,0,0
0,0,0
0,0,0
0,0,0
0,0,0
0,0,0
0,0,0
0,0,0
0,0,0
0,0,0
0,0,0
0,0,0
0,0,0
0,0,0
0,0,0
0,0,0
0,0,0
0,0,0
0,0,0
0,0,0
0,0,0
0,0,0
0,0,0
0,0,0
0,0,0
0,0,0
0,0,0
0,0,0
0,0,0
0,0,0
0,0,0
0,0,0
0,0,0
0,0,0
0,0,0
0,0,0
0,0,0
0,0,0
0,0,0
0,0,0
0,0,0
0,0,0
0,0,0
0,0,0
0,0,0
0,0,0
0,0,0
0,0,0
0,0,0
0,0,0
0,0,0
0,0,0
0,0,0
0,0,0
0,0,0
0,0,0
0,0,0
0,0,0
0,0,0
0,0,0
0,0,0
0,0,0
0,0,0
0,0,0
0,0,0
0,0,0
0,0,0
0,0,0
0,0,0
0,0,0
0,0,0
0,0,0
0,0,0
0,0,0
0,0,0
0,0,0
0,0,0
0,0,0
0,0,0
0,0,0
0,0,0
0,0,0
0,0,0
0,0,0
0,0,0
0,0,0
0,0,0
0,0,0
0,0,0
0,0,0
0,0,0
0,0,0
0,0,0
0,0,0
0,0,0
0,0,0
0,0,0
0,0,0
0,0,0
0,0,0
0,0,0
0,0,0
0,0,0
0,0,0
0,0,0
0,0,0
0,0,0
0,0,0
0,0,0
0,0,0
0,0,0
0,0,0
0,0,0
0,0,0
0,0,0
0,0,0
0,0,0
0,0,0
0,0,0
0,0,0
0,0,0
0,0,0
0,0,0
0,0,0
0,0,0
0,0,0
0,0,0
0,0,0
0,0,0
0,0,0
0,0,0
0,0,0
0,0,0
0,0,0
0,0,0
0,0,0
0,0,0
0,0,0
0,0,0
0,0,0
0,0,0
0,0,0
0,0,0
0,0,0
0,0,0
0,0,0
0,0,0
0,0,0
0,0,0
0,0,0
0,0,0
0,0,0
0,0,0
0,0,0
0,0,0
0,0,0
0,0,0
0,0,0
0,0,0
0,0,0
0,0,0
0,0,0
0,0,0
0,0,0
0,0,0
0,0,0
0,0,0
0,0,0
0,0,0
0,0,0
0,0,0
0,0,0
0,0,0
0,0,0
0,0,0
0,0,0
0,0,0
0,0,0
0,0,0
0,0,0
0,0,0
0,0,0
0,0,0
0,0,0
0,0,0
0,0,0
0,0,0
0,0,0
0,0,0
0,0,0
0,0,0
0,0,0
0,0,0
0,0,0
0,0,0
0,0,0
0,0,0
0,0,0
0,0,0
0,0,0
0,0,0
0,0,0
0,0,0
0,0,0
0,0,0
0,0,0
0,0,0
0,0,0
0,0,0
0,0,0
0,0,0
0,0,0
0,0,0
0,0,0
0,0,0
0,0,0
0,0,0
0,0,0
0,0,0
0,0,0
0,0,0
0,0,0
0,0,0
0,0,0
0,0,0
0,0,0
0,0,0
0,0,0
0,0,0
0,0,0
0,0,0
0,0,0
0,0,0
0,0,0
0,0,0
0,0,0
0,0,0
0,0,0
0,0,0
0,0,0
0,0,0
0,0,0
0,0,0
0,0,0
0,0,0
0,0,0
0,0,0
0,0,0
0,0,0
0,0,0
0,0,0
0,0,0
0,0,0
0,0,0
0,0,0
0,0,0
0,0,0
0,0,0
0,0,0
0,0,0
0,0,0
0,0,0
0,0,0
0,0,0
0,0,0
0,0,0
0,0,0
0,0,0
0,0,0
0,0,0
0,0,0
0,0,0
0,0,0
0,0,0
0,0,0
0,0,0
0,0,0
0,0,0
0,0,0
0,0,0
0,0,0
0,0,0
0,0,0
0,0,0
0,0,0
0,0,0
0,0,0
0,0,0
0,0,0
0,0,0
0,0,0
0,0,0
0,0,0
0,0,0
0,0,0
0,0,0
0,0,0
0,0,0
0,0,0
0,0,0
0,0,0
0,0,0
0,0,0
0,0,0
0,0,0
0,0,0
0,0,0
0,0,0
0,0,0
0,0,0
0,0,0
0,0,0
0,0,0
0,0,0
0,0,0
0,0,0
0,0,0
0,0,0
0,0,0
0,0,0
0,0,0
0,0,0
0,0,0
0,0,0
0,0,0
0,0,0
0,0,0
0,0,0
0,0,0
0,0,0
0,0,0
0,0,0
0,0,0
0,0,0
0,0,0
0,0,0
0,0,0
0,0,0
0,0,0
0,0,0
0,0,0
0,0,0
0,0,0
0,0,0
0,0,0
0,0,0
0,0,0
0,0,0
0,0,0
0,0,0
0,0,0
0,0,0
0,0,0
0,0,0
0,0,0
0,0,0
0,0,0
0,0,0
0,0,0
0,0,0
0,0,0
0,0,0
0,0,0
0,0,0
0,0,0
0,0,0
0,0,0
0,0,0
0,0,0
0,0,0
0,0,0
0,0,0
0,0,0
0,0,0
0,0,0
0,0,0
0,0,0
0,0,0
0,0,0
0,0,0
0,0,0
0,0,0
0,0,0
0,0,0
0,0,0
0,0,0
0,0,0
0,0,0
0,0,0
0,0,0
0,0,0
0,0,0
0,0,0
0,0,0
0,0,0
0,0,0
0,0,0
0,0,0
0,0,0
0,0,0
0,0,0
0,0,0
0,0,0
0,0,0
0,0,0
0,0,0
0,0,0
0,0,0
0,0,0
0,0,0
0,0,0
0,0,0
0,0,0
0,0,0
1.00298,3.03132,-0.779571
1.0135,3.00125,-0.773105
1.03915,3.01604,-0.778825
1.05475,3.00138,-0.776587
1.08491,3.02768,-0.78554
1.10347,3.02096,-0.78554
1.12435,3.02049,-0.78728
1.1384,3.00176,-0.784047
1.16133,3.00647,-0.78728
1.17408,2.98486,-0.783301
1.19778,2.99109,-0.787032
1.21684,2.98548,-0.787529
1.23328,2.97348,-0.786286
1.24472,2.9498,-0.781809
1.25897,2.9332,-0.779322
1.27075,2.91122,-0.775343
1.29134,2.90956,-0.777084
1.2992,2.87952,-0.770867
1.333,2.9067,-0.780814
1.35122,2.89935,-0.781063
1.36567,2.884,-0.779074
1.38628,2.88168,-0.780814
1.40564,2.8766,-0.781809
1.42585,2.87312,-0.783301
1.44563,2.86864,-0.784545
1.46453,2.86231,-0.785291
1.48474,2.85842,-0.786783
1.50361,2.85183,-0.787529
1.52245,2.84511,-0.788275
1.54358,2.84253,-0.790265
1.5652,2.84064,-0.792503
1.58685,2.83859,-0.794741
1.60997,2.83891,-0.797725
1.63123,2.83569,-0.799715
1.6525,2.83232,-0.801704
1.6733,2.82796,-0.803445
1.69262,2.82096,-0.80444
1.71241,2.81466,-0.805683
1.73677,2.81564,-0.809165
1.75966,2.81397,-0.811901
1.78675,2.81866,-0.816626
1.81344,2.82231,-0.821102
1.83865,2.8233,-0.824833
1.86608,2.82732,-0.829558
1.89255,2.82951,-0.833785
1.9164,2.82746,-0.83677
1.94139,2.82683,-0.840251
1.96589,2.8252,-0.843484
1.98933,2.82179,-0.84622
2.01561,2.82214,-0.850199
2.03914,2.81835,-0.852935
2.06498,2.8175,-0.856665
2.09032,2.81566,-0.860147
2.11512,2.81285,-0.86338
2.13821,2.80752,-0.865866
2.16546,2.80739,-0.870094
2.18562,2.79786,-0.871338
2.21056,2.79427,-0.874571
2.2319,2.78595,-0.876311
2.25201,2.77596,-0.877555
2.27269,2.76658,-0.879047
2.29767,2.76226,-0.88228
2.32644,2.76219,-0.887005
2.33454,2.73754,-0.883523
2.36079,2.73416,-0.887254
2.38326,2.72619,-0.889492
2.38839,2.69846,-0.885016
2.4146,2.69457,-0.888746
2.42848,2.67684,-0.887751
2.44355,2.66046,-0.887254
2.46774,2.65393,-0.890238
2.49726,2.65284,-0.895212
2.50213,2.62555,-0.890984
2.52425,2.61642,-0.893222
2.53958,2.60019,-0.892974
2.55003,2.57905,-0.890984
2.56992,2.56746,-0.892476
2.5877,2.55368,-0.893222
2.60887,2.54316,-0.895212
2.6307,2.53316,-0.89745
2.64971,2.5203,-0.898694
2.66583,2.50466,-0.898942
2.68327,2.49023,-0.899688
2.6985,2.47372,-0.899688
2.6569,2.40576,-0.880042
2.67306,2.39071,-0.880539
2.7051,2.38965,-0.886508
2.70001,2.35582,-0.879793
2.72101,2.34489,-0.882031
2.73314,2.32627,-0.881285
2.73995,2.30323,-0.878798
2.84943,2.36555,-0.910631
2.86239,2.3468,-0.910133
2.86544,2.32005,-0.906403
2.86449,2.29032,-0.901429
2.86633,2.2631,-0.89745
2.87023,2.23773,-0.894217
2.87853,2.21594,-0.892476
2.88899,2.1959,-0.891481
2.89931,2.1758,-0.890487
2.91416,2.15912,-0.890984
2.92345,2.13834,-0.889741
2.93651,2.12037,-0.889741
2.95105,2.10343,-0.890238
2.9639,2.08529,-0.890238
2.96709,2.06043,-0.887254
2.97568,2.03945,-0.88601
2.97771,2.0141,-0.882777
2.99243,1.9974,-0.883523
3.00301,1.97794,-0.883026
3.01428,1.95895,-0.882777
3.02624,1.94042,-0.882777
3.04709,1.92751,-0.885513
3.05475,1.90621,-0.884269
3.06887,1.88895,-0.885016
3.08205,1.87109,-0.885513
3.08849,1.84916,-0.884021
3.09561,1.82771,-0.882777
3.10174,1.80576,-0.881285
3.10772,1.7838,-0.879793
3.11692,1.76375,-0.879296
3.13615,1.74931,-0.881783
3.13918,1.72583,-0.879544
3.15567,1.70977,-0.881285
3.15756,1.68581,-0.878798
3.17385,1.66956,-0.880539
3.17543,1.6456,-0.878052
3.17943,1.623,-0.876311
3.19019,1.6039,-0.87656
3.1939,1.58129,-0.874819
3.20267,1.56123,-0.874571
3.21219,1.54155,-0.874571
3.22159,1.52181,-0.874571
3.23526,1.50406,-0.875814
3.25147,1.4874,-0.877804
3.26495,1.46941,-0.879047
3.28188,1.45288,-0.881285
3.27741,1.42692,-0.877555
3.27898,1.40373,-0.875565
3.28128,1.38096,-0.873824
3.28343,1.3582,-0.872084
3.28721,1.33621,-0.87084
3.30165,1.31853,-0.872581
3.30877,1.29789,-0.872332
3.323,1.28,-0.874073
3.33532,1.2613,-0.875317
3.33755,1.23879,-0.873824
3.34782,1.21928,-0.874571
3.35159,1.19741,-0.873576
3.35522,1.17554,-0.872581
3.36695,1.15651,-0.873824
3.37765,1.13706,-0.874819
3.38641,1.11692,-0.875317
3.38674,1.09404,-0.873576
3.4017,1.07587,-0.875814
3.39436,1.05068,-0.872084
3.40353,1.03067,-0.87283
3.4135,1.01087,-0.873824
3.41778,0.989369,-0.873327
3.42938,0.96996,-0.874819
3.43433,0.948642,-0.874571
3.43635,0.926543,-0.873576
3.43728,0.904209,-0.872332
3.44183,0.882861,-0.872084
3.44906,0.862195,-0.872581
3.45052,0.8401,-0.871586
3.46409,0.820921,-0.873824
3.47095,0.800085,-0.874322
3.47391,0.778349,-0.873824
3.47578,0.756402,-0.873078
3.47751,0.73446,-0.872332
3.48005,0.71272,-0.871835
3.47391,0.689281,-0.869099
3.47617,0.667588,-0.868602
3.48592,0.647306,-0.870094
3.48601,0.625221,-0.869099
3.49264,0.604315,-0.869845
3.50584,0.584465,-0.872332
3.50171,0.561716,-0.870343
3.507,0.540514,-0.87084
3.51121,0.519127,-0.871089
3.51049,0.49703,-0.870094
3.50772,0.474702,-0.868602
3.5,0.451807,-0.865866
3.49694,0.429615,-0.864374
3.50432,0.408711,-0.865618
3.49521,0.385927,-0.862633
3.511,0.365877,-0.866115
3.51992,0.344988,-0.867856
3.53355,0.324445,-0.87084
3.54802,0.30383,-0.874073
3.55464,0.282437,-0.875317
3.55728,0.260692,-0.875565
3.56654,0.239378,-0.877555
3.57084,0.217666,-0.878301
3.57404,0.195858,-0.878798
3.57324,0.17383,-0.878301
3.58586,0.152394,-0.881285
3.58672,0.130389,-0.881285
3.58746,0.108379,-0.881285
3.58224,0.0862251,-0.879793
1.48218,0.0268106,-0.340385
1.48522,0.0177496,-0.341131
1.49112,0.00866833,-0.342623
1.51923,-0.000497694,-0.349835
1.50564,-0.00972831,-0.346353
3.53456,-0.0450629,-0.867359
3.53325,-0.0667314,-0.86711
3.54052,-0.0886045,-0.869099
3.53701,-0.110236,-0.868353
3.53627,-0.131937,-0.868353
3.54023,-0.153843,-0.869597
3.54212,-0.175707,-0.870343
3.54581,-0.197708,-0.871586
3.5397,-0.219161,-0.870343
1.45872,-0.0990716,-0.335162
3.51839,-0.261217,-0.865618
3.50513,-0.281868,-0.862633
3.49948,-0.303035,-0.861639
3.48887,-0.323695,-0.8594
3.4955,-0.345956,-0.861639
3.49331,-0.367398,-0.861639
3.49195,-0.388933,-0.861887
3.49816,-0.411371,-0.864126
3.4898,-0.432112,-0.862633
3.4842,-0.453142,-0.861887
3.47464,-0.473596,-0.860147
3.46112,-0.493402,-0.857411
3.45802,-0.51463,-0.857411
3.45097,-0.535244,-0.856416
3.4438,-0.555791,-0.855421
3.43937,-0.576751,-0.855173
3.43386,-0.597511,-0.854675
3.42631,-0.617882,-0.853681
3.43483,-0.641206,-0.856914
3.41562,-0.65933,-0.852935
3.40581,-0.679139,-0.851442
3.41012,-0.701782,-0.853681
3.40954,-0.723497,-0.854675
3.40976,-0.745439,-0.855919
3.39946,-0.76507,-0.854427
3.39847,-0.786789,-0.855421
3.39641,-0.808299,-0.856167
3.38103,-0.826593,-0.853432
3.37872,-0.848031,-0.854178
3.37251,-0.868504,-0.853929
3.36525,-0.888687,-0.853432
3.37188,-0.91261,-0.856665
3.36062,-0.931729,-0.855173
3.36695,-0.955771,-0.858406
3.37684,-0.981008,-0.862633
3.36518,-1.00005,-0.861141
3.36454,-1.02237,-0.862633
3.35173,-1.04099,-0.860893
3.34067,-1.06007,-0.859649
3.32304,-1.07696,-0.856665
3.31729,-1.09763,-0.856914
3.30132,-1.11487,-0.854427
3.29716,-1.13605,-0.855173
3.29196,-1.1569,-0.85567
3.28389,-1.17675,-0.855421
3.28388,-1.19954,-0.857411
3.27374,-1.21865,-0.856665
3.26529,-1.23837,-0.856416
3.26125,-1.25978,-0.857411
3.26157,-1.28296,-0.859649
3.24194,-1.29827,-0.856416
3.2375,-1.3196,-0.857411
3.22487,-1.33758,-0.856167
3.21214,-1.35546,-0.854924
3.19576,-1.37171,-0.852686
3.19083,-1.39284,-0.853681
3.17426,-1.40885,-0.851442
3.17085,-1.4307,-0.852935
3.16729,-1.45255,-0.854427
3.15042,-1.46827,-0.852188
3.15273,-1.49296,-0.855421
3.14089,-1.51102,-0.854675
3.13069,-1.52984,-0.854427
3.12385,-1.55031,-0.855173
3.11514,-1.56989,-0.855421
3.10631,-1.58941,-0.85567
3.09736,-1.60889,-0.855919
3.08743,-1.62786,-0.855919
3.07738,-1.64678,-0.855919
3.06467,-1.66424,-0.855173
3.05525,-1.68348,-0.855421
3.04486,-1.7022,-0.855421
3.03857,-1.72324,-0.856665
3.03046,-1.7433,-0.857411
3.01887,-1.76137,-0.857162
3.00634,-1.77888,-0.856665
3.00118,-1.80078,-0.858406
2.98842,-1.81815,-0.857908
2.97803,-1.83696,-0.858157
2.96424,-1.85366,-0.857411
2.95036,-1.87026,-0.856665
2.93801,-1.8878,-0.856416
2.91582,-1.89892,-0.853183
2.90007,-1.91411,-0.85194
2.88747,-1.93133,-0.851691
2.87236,-1.94683,-0.850696
2.86275,-1.96607,-0.851442
2.85858,-1.98913,-0.853929
2.84078,-2.00272,-0.852188
2.84026,-2.02856,-0.855919
2.83012,-2.04766,-0.856665
2.81281,-2.06155,-0.855173
2.79622,-2.07588,-0.853929
2.77569,-2.08718,-0.851442
2.76746,-2.10769,-0.852935
2.7537,-2.12404,-0.852686
2.7742,-2.16714,-0.863628
2.74186,-2.16909,-0.857411
2.72699,-2.18466,-0.856914
2.71805,-2.20502,-0.858406
2.69848,-2.21673,-0.856416
2.68259,-2.23139,-0.85567
2.66811,-2.24718,-0.855421
2.65796,-2.26666,-0.856665
2.6418,-2.28102,-0.855919
2.62775,-2.29719,-0.855919
2.61216,-2.31199,-0.855421
2.58999,-2.32086,-0.852686
2.57427,-2.33541,-0.852188
2.55489,-2.34657,-0.850448
2.53903,-2.36088,-0.84995
2.52873,-2.3804,-0.851442
2.51407,-2.39587,-0.851442
2.5056,-2.41731,-0.853681
2.4921,-2.43399,-0.854178
2.47712,-2.44923,-0.854178
2.46136,-2.4637,-0.853929
2.44552,-2.47807,-0.853681
2.43365,-2.4965,-0.854924
2.41828,-2.51138,-0.854924
2.4055,-2.52898,-0.855919
2.38994,-2.54369,-0.855919
2.36901,-2.55263,-0.853929
2.34938,-2.56283,-0.852437
2.33231,-2.57576,-0.85194
2.31323,-2.58642,-0.850696
2.2954,-2.59838,-0.84995
2.28323,-2.6168,-0.851442
2.25575,-2.61755,-0.846966
2.25848,-2.65347,-0.854427
2.24527,-2.67099,-0.85567
2.23626,-2.69366,-0.858654
2.21662,-2.70358,-0.857411
2.19634,-2.71262,-0.855919
2.18388,-2.73134,-0.85766
2.16228,-2.7386,-0.85567
2.13889,-2.74342,-0.852935
2.12438,-2.75956,-0.853929
2.10506,-2.76946,-0.852935
2.08919,-2.78387,-0.853432
2.06803,-2.79119,-0.851691
2.05373,-2.80773,-0.852935
2.03476,-2.81793,-0.852188
2.01574,-2.82799,-0.851442
2.00616,-2.8514,-0.854924
1.99359,-2.87082,-0.857162
1.97156,-2.8766,-0.855173
1.95387,-2.88865,-0.855173
1.9345,-2.89816,-0.854427
1.91775,-2.9116,-0.854924
1.90143,-2.92575,-0.85567
1.88501,-2.9398,-0.856416
1.87056,-2.95704,-0.858157
1.85392,-2.97093,-0.858903
1.83565,-2.98225,-0.858903
1.81682,-2.99263,-0.858654
1.79743,-3.00206,-0.858157
1.77897,-3.01303,-0.858157
1.75607,-3.01636,-0.855919
1.73897,-3.0296,-0.856665
1.71653,-3.03346,-0.854675
1.69694,-3.04225,-0.854178
1.68291,-3.06109,-0.856665
1.66133,-3.06625,-0.855173
1.64613,-3.08322,-0.857162
1.62899,-3.09669,-0.858157
1.60728,-3.10147,-0.856665
1.59086,-3.11645,-0.858157
1.57214,-3.12702,-0.858406
1.54992,-3.13053,-0.856665
1.53238,-3.14346,-0.85766
1.51474,-3.1563,-0.858654
1.49576,-3.16641,-0.858903
1.47671,-3.17641,-0.859152
1.45961,-3.19069,-0.860644
1.44318,-3.20665,-0.862633
1.42191,-3.21191,-0.861639
1.40372,-3.22412,-0.862633
1.38277,-3.23,-0.861887
1.35954,-3.23039,-0.859649
1.336,-3.22972,-0.857162
1.32089,-3.24953,-0.860395
1.30021,-3.25577,-0.859898
1.28057,-3.26459,-0.860147
1.25494,-3.25792,-0.856167
1.24041,-3.28006,-0.860147
1.21958,-3.28579,-0.859649
1.20039,-3.29594,-0.860395
1.18503,-3.31693,-0.864126
1.1685,-3.33511,-0.86711
0,0,0
1.13861,-3.38224,-0.876063
1.12056,-3.39744,-0.878301
1.10446,-3.419,-0.88228
0,0,0
1.05669,-3.41379,-0.877306
0,0,0
0,0,0
0,0,0
0,0,0
0,0,0
0,0,0
0,0,0
0,0,0
0,0,0
0,0,0
0,0,0
0,0,0
0,0,0
0,0,0
0,0,0
0,0,0
0,0,0
0,0,0
0,0,0
0,0,0
0,0,0
0,0,0
0,0,0
0,0,0
0,0,0
0,0,0
0,0,0
0,0,0
0,0,0
0,0,0
0,0,0
0,0,0
0,0,0
0,0,0
0,0,0
0,0,0
0,0,0
0,0,0
0,0,0
0,0,0
0,0,0
0,0,0
0,0,0
0,0,0
0,0,0
0,0,0
0,0,0
0,0,0
0,0,0
0,0,0
0,0,0
0,0,0
0,0,0
0,0,0
0,0,0
0,0,0
0,0,0
0,0,0
0,0,0
0,0,0
0,0,0
0,0,0
0,0,0
0,0,0
0,0,0
0,0,0
0,0,0
0,0,0
0,0,0
0,0,0
0,0,0
0,0,0
0,0,0
0,0,0
0,0,0
0,0,0
0,0,0
0,0,0
0,0,0
0,0,0
0,0,0
0,0,0
0,0,0
0,0,0
0,0,0
0,0,0
0,0,0
0,0,0
0,0,0
0,0,0
0,0,0
0,0,0
0,0,0
0,0,0
0,0,0
0,0,0
0,0,0
0,0,0
0,0,0
0,0,0
0,0,0
0,0,0
0,0,0
0,0,0
0,0,0
0,0,0
0,0,0
0,0,0
0,0,0
0,0,0
0,0,0
0,0,0
0,0,0
0,0,0
0,0,0
0,0,0
0,0,0
0,0,0
0,0,0
0,0,0
0,0,0
0,0,0
0,0,0
0,0,0
0,0,0
0,0,0
0,0,0
0,0,0
0,0,0
0,0,0
0,0,0
0,0,0
0,0,0
0,0,0
0,0,0
0,0,0
0,0,0
0,0,0
0,0,0
0,0,0
0,0,0
0,0,0
0,0,0
0,0,0
0,0,0
0,0,0
0,0,0
0,0,0
0,0,0
0,0,0
0,0,0
0,0,0
0,0,0
0,0,0
0,0,0
0,0,0
0,0,0
0,0,0
0,0,0
0,0,0
0,0,0
0,0,0
0,0,0
0,0,0
0,0,0
0,0,0
0,0,0
0,0,0
0,0,0
0,0,0
0,0,0
0,0,0
0,0,0
0,0,0
0,0,0
0,0,0
0,0,0
0,0,0
0,0,0
0,0,0
0,0,0
0,0,0
0,0,0
0,0,0
0,0,0
0,0,0
0,0,0
0,0,0
0,0,0
0,0,0
0,0,0
0,0,0
0,0,0
0,0,0
0,0,0
0,0,0
0,0,0
0,0,0
0,0,0
0,0,0
0,0,0
0,0,0
0,0,0
0,0,0
0,0,0
0,0,0
0,0,0
0,0,0
0,0,0
0,0,0
0,0,0
0,0,0
0,0,0
0,0,0
0,0,0
0,0,0
0,0,0
0,0,0
0,0,0
0,0,0
0,0,0
0,0,0
0,0,0
0,0,0
0,0,0
0,0,0
0,0,0
0,0,0
0,0,0
0,0,0
0,0,0
0,0,0
0,0,0
0,0,0
0,0,0
0,0,0
0,0,0
0,0,0
0,0,0
0,0,0
0,0,0
0,0,0
0,0,0
0,0,0
0,0,0
0,0,0
0,0,0
0,0,0
0,0,0
0,0,0
0,0,0
0,0,0
0,0,0
0,0,0
0,0,0
0,0,0
0,0,0
0,0,0
0,0,0
0,0,0
0,0,0
0,0,0
0,0,0
0,0,0
0,0,0
0,0,0
0,0,0
0,0,0
0,0,0
0,0,0
0,0,0
0,0,0
0,0,0
0,0,0
0,0,0
0,0,0
0,0,0
0,0,0
0,0,0
0,0,0
0,0,0
0,0,0
0,0,0
0,0,0
0,0,0
0,0,0
0,0,0
0,0,0
0,0,0
0,0,0
0,0,0
0,0,0
0,0,0
0,0,0
0,0,0
0,0,0
0,0,0
0,0,0
0,0,0
0,0,0
0,0,0
0,0,0
0,0,0
0,0,0
0,0,0
0,0,0
0,0,0
0,0,0
0,0,0
0,0,0
0,0,0
0,0,0
0,0,0
0,0,0
0,0,0
0,0,0
0,0,0
0,0,0
0,0,0
0,0,0
0,0,0
0,0,0
0,0,0
0,0,0
0,0,0
0,0,0
0,0,0
0,0,0
0,0,0
0,0,0
0,0,0
0,0,0
0,0,0
0,0,0
0,0,0
0,0,0
0,0,0
0,0,0
0,0,0
0,0,0
0,0,0
0,0,0
0,0,0
0,0,0
0,0,0
0,0,0
0,0,0
0,0,0
0,0,0
0,0,0
0,0,0
0,0,0
0,0,0
0,0,0
0,0,0
0,0,0
0,0,0
0,0,0
0,0,0
0,0,0
0,0,0
0,0,0
0,0,0
0,0,0
0,0,0
0,0,0
0,0,0
0,0,0
0,0,0
0,0,0
0,0,0
0,0,0
0,0,0
0,0,0
0,0,0
0,0,0
0,0,0
0,0,0
0,0,0
0,0,0
0,0,0
0,0,0
0,0,0
0,0,0
0,0,0
0,0,0
0,0,0
0,0,0
0,0,0
0,0,0
0,0,0
0,0,0
0,0,0
0,0,0
0,0,0
0,0,0
0,0,0
0,0,0
0,0,0
0,0,0
0,0,0
0,0,0
0,0,0
0,0,0
0,0,0
0,0,0
0,0,0
0,0,0
0,0,0
0,0,0
0,0,0
0,0,0
0,0,0
0,0,0
0,0,0
0,0,0
0,0,0
0,0,0
0,0,0
0,0,0
0,0,0
0,0,0
0,0,0
0,0,0
0,0,0
0,0,0
0,0,0
0,0,0
0,0,0
0,0,0
0,0,0
0,0,0
0,0,0
0,0,0
0,0,0
0,0,0
0,0,0
0,0,0
0,0,0
0,0,0
0,0,0
0,0,0
0,0,0
0,0,0
0,0,0
0,0,0
0,0,0
0,0,0
0,0,0
0,0,0
0,0,0
0,0,0
0,0,0
0,0,0
0,0,0
0,0,0
0,0,0
0,0,0
0,0,0
0,0,0
0,0,0
0,0,0
0,0,0
0,0,0
0,0,0
0,0,0
0,0,0
0,0,0
0,0,0
0,0,0
0,0,0
0,0,0
0,0,0
0,0,0
0,0,0
0,0,0
0,0,0
0,0,0
0,0,0
0,0,0
0,0,0
0,0,0
0,0,0
0,0,0
0,0,0
0,0,0
0,0,0
0,0,0
0,0,0
0,0,0
0,0,0
0,0,0
0,0,0
0,0,0
0,0,0
0,0,0
0,0,0
0,0,0
0,0,0
0,0,0
0,0,0
0,0,0
0,0,0
0,0,0
0,0,0
0,0,0
0,0,0
0,0,0
0,0,0
0,0,0
0,0,0
0,0,0
0,0,0
0,0,0
0,0,0
0,0,0
0,0,0
0,0,0
0,0,0
0,0,0
0,0,0
0,0,0
0,0,0
0,0,0
0,0,0
0,0,0
0,0,0
0,0,0
0,0,0
0,0,0
0,0,0
0,0,0
0,0,0
0,0,0
0,0,0
0,0,0
0,0,0
0,0,0
0,0,0
0,0,0
0,0,0
0,0,0
0,0,0
0,0,0
0,0,0
0,0,0
0,0,0
0,0,0
0,0,0
0,0,0
0,0,0
0,0,0
0,0,0
0,0,0
0,0,0
0,0,0
0,0,0
0,0,0
0,0,0
0,0,0
0,0,0
0,0,0
0,0,0
0,0,0
0,0,0
0,0,0
0,0,0
0,0,0
0,0,0
0,0,0
0,0,0
0,0,0
0,0,0
0,0,0
0,0,0
0,0,0
0,0,0
0,0,0
0,0,0
0,0,0
0,0,0
0,0,0
0,0,0
0,0,0
0,0,0
0,0,0
0,0,0
0,0,0
0,0,0
0,0,0
0,0,0
0,0,0
0,0,0
0,0,0
0,0,0
0,0,0
0,0,0
0,0,0
0,0,0
0,0,0
0,0,0
0,0,0
0,0,0
0,0,0
0,0,0
0,0,0
0,0,0
0,0,0
0,0,0
0,0,0
0,0,0
0,0,0
0,0,0
0,0,0
0,0,0
0,0,0
0,0,0
0,0,0
0,0,0
0,0,0
0,0,0
0,0,0
0,0,0
0,0,0
0,0,0
0.930032,2.98665,-0.801847
0.943954,2.96709,-0.797947
0.961546,2.9594,-0.797427
0.971487,2.9287,-0.790407
0.986037,2.91262,-0.787547
1.0042,2.90743,-0.787807
1.02106,2.89848,-0.787027
1.04111,2.89852,-0.788847
1.06319,2.90387,-0.792227
1.07829,2.89005,-0.790147
1.09669,2.88519,-0.790667
1.11681,2.88471,-0.792487
1.13343,2.87511,-0.791707
1.15176,2.86989,-0.792227
1.16826,2.86009,-0.791447
1.1869,2.85554,-0.792227
1.2089,2.85888,-0.795347
1.22795,2.85495,-0.796387
1.24621,2.84914,-0.796907
1.26603,2.84673,-0.798467
1.28625,2.84507,-0.800287
1.3065,2.84327,-0.802107
1.32107,2.82907,-0.800287
1.34461,2.834,-0.804187
1.36658,2.83526,-0.807047
1.38607,2.83116,-0.808347
1.40642,2.82866,-0.810167
1.42462,2.8217,-0.810687
1.44455,2.81806,-0.812247
1.46671,2.81857,-0.815107
1.49074,2.82233,-0.819007
1.51213,2.82079,-0.821347
1.53725,2.82588,-0.825767
1.56109,2.82823,-0.829407
1.58454,2.82955,-0.832787
1.60617,2.82734,-0.835127
1.62686,2.82329,-0.836947
1.64902,2.82159,-0.839547
1.67073,2.81889,-0.841887
1.69297,2.81687,-0.844487
1.71373,2.8122,-0.846307
1.73907,2.81478,-0.850467
1.76195,2.81306,-0.853327
1.78486,2.81116,-0.856187
1.8073,2.80828,-0.858787
1.82766,2.80199,-0.860347
1.85227,2.802,-0.863987
1.87426,2.79781,-0.866327
1.8914,2.78626,-0.866327
1.91283,2.78096,-0.868407
1.93703,2.77948,-0.871787
1.96352,2.78095,-0.876207
2.00412,2.80184,-0.887127
2.01788,2.7848,-0.885567
2.04121,2.78093,-0.888427
2.05248,2.7606,-0.885827
2.06996,2.74873,-0.886087
2.08152,2.72907,-0.883747
2.11298,2.73535,-0.890247
2.12675,2.71853,-0.888947
2.14638,2.70922,-0.890247
2.1678,2.70202,-0.892327
2.17947,2.68267,-0.890247
2.19098,2.66328,-0.888167
2.21964,2.66463,-0.893367
2.2403,2.65613,-0.895187
2.26659,2.65408,-0.899347
2.28788,2.64597,-0.901427
2.30598,2.63406,-0.902207
2.32722,2.62565,-0.904287
2.34071,2.60844,-0.903247
2.35537,2.5926,-0.902727
2.36927,2.57597,-0.901947
2.37912,2.55502,-0.899607
2.39276,2.53827,-0.898827
2.40429,2.51934,-0.897267
2.41434,2.49899,-0.895187
2.42828,2.48274,-0.894667
2.43735,2.46162,-0.892327
2.45105,2.44525,-0.891807
2.466,2.43017,-0.891807
2.48986,2.42375,-0.895187
2.50677,2.41044,-0.895967
2.52782,2.401,-0.898307
2.54954,2.39205,-0.900907
2.56063,2.37308,-0.899607
2.56589,2.34884,-0.896227
2.57595,2.32917,-0.894667
2.5758,2.30045,-0.889467
2.58842,2.28332,-0.888947
2.5951,2.26105,-0.886347
2.60307,2.24005,-0.884267
2.62118,2.22779,-0.885827
2.64811,2.22284,-0.890507
2.68325,2.22443,-0.898047
2.6961,2.20731,-0.897787
2.69908,2.18222,-0.894147
2.70865,2.16261,-0.892847
2.72263,2.14654,-0.893107
2.72356,2.1203,-0.888947
2.7258,2.09531,-0.885307
2.74784,2.08555,-0.888427
2.7853,2.08719,-0.896747
2.80659,2.07638,-0.899607
2.81694,2.05741,-0.898827
2.82716,2.03839,-0.898047
2.83647,2.01877,-0.897007
2.84565,1.9991,-0.895967
2.84675,1.9739,-0.892327
2.84686,1.94821,-0.888427
2.85156,1.92584,-0.886087
2.86252,1.90777,-0.885827
2.86933,1.88699,-0.884267
2.88248,1.8704,-0.884787
2.89959,1.85632,-0.886607
2.91092,1.83849,-0.886607
2.92461,1.82213,-0.887387
2.93491,1.80365,-0.887127
2.94262,1.7836,-0.886087
2.96097,1.76997,-0.888427
2.95846,1.74392,-0.884267
2.9833,1.73399,-0.888687
2.99053,1.71373,-0.887647
3.00015,1.69487,-0.887387
3.01302,1.67784,-0.888167
3.01818,1.65654,-0.886607
3.0249,1.63615,-0.885567
3.03743,1.61892,-0.886347
3.04047,1.59666,-0.884267
3.04507,1.57531,-0.882707
3.04951,1.55396,-0.881147
3.05295,1.53219,-0.879327
3.0571,1.51086,-0.877767
3.07326,1.49545,-0.879847
3.08673,1.47865,-0.881147
3.10186,1.46257,-0.882967
3.1169,1.44636,-0.884787
3.1266,1.42761,-0.885047
3.12914,1.40562,-0.883227
3.13858,1.38679,-0.883487
3.13729,1.36327,-0.880627
3.14649,1.34437,-0.880887
3.15824,1.32654,-0.881927
3.16007,1.30455,-0.880107
3.16981,1.28586,-0.880627
3.18391,1.26889,-0.882447
3.17636,1.24335,-0.878027
3.18032,1.22245,-0.876987
3.18957,1.20359,-0.877507
3.18331,1.17896,-0.873607
3.19139,1.15974,-0.873867
3.19117,1.13754,-0.871787
3.19262,1.11602,-0.870227
3.20307,1.09766,-0.871267
3.21157,1.07861,-0.871787
3.22822,1.0622,-0.874647
3.23835,1.04356,-0.875687
3.24653,1.02425,-0.876207
3.25368,1.0046,-0.876467
3.25424,0.982938,-0.874907
3.25836,0.962405,-0.874387
3.25863,0.940785,-0.872827
3.26249,0.920248,-0.872307
3.26342,0.898928,-0.871007
3.27167,0.87964,-0.871787
3.28074,0.86053,-0.872827
3.28035,0.838947,-0.871267
3.27887,0.817166,-0.869447
3.28664,0.797716,-0.870227
3.29711,0.778869,-0.871787
3.30465,0.759273,-0.872567
3.31773,0.740879,-0.874907
3.32221,0.720507,-0.874907
3.32941,0.700707,-0.875687
3.33648,0.680845,-0.876467
3.33491,0.659234,-0.874907
3.33889,0.638759,-0.874907
3.34655,0.618964,-0.875947
3.34743,0.597908,-0.875167
3.35484,0.578014,-0.876207
3.35356,0.556626,-0.874907
3.3531,0.535428,-0.873867
3.36682,0.516458,-0.876727
3.3642,0.494945,-0.875167
3.36621,0.474158,-0.874907
3.36619,0.453107,-0.874127
3.36795,0.432321,-0.873867
3.3715,0.411765,-0.874127
3.36437,0.389955,-0.871527
1.47586,0.161243,-0.359329
1.50083,0.154677,-0.365829
1.48157,0.143495,-0.360369
1.48146,0.134313,-0.360109
1.47553,0.124646,-0.358289
1.483,0.116123,-0.360109
1.48561,0.107162,-0.360629
1.47757,0.0974657,-0.358289
1.4791,0.0884561,-0.358549
1.47962,0.0793788,-0.358549
1.47043,0.069833,-0.355949
1.4853,0.0614189,-0.359849
1.47986,0.0520957,-0.358289
1.47533,0.0428705,-0.356989
1.47363,0.0337715,-0.356469
1.47961,0.0248305,-0.358029
1.4778,0.0157293,-0.357509
1.47497,0.00664605,-0.356729
1.46823,-0.00239859,-0.354909
1.46239,-0.0113669,-0.353349
1.48353,-0.0206185,-0.359069
1.48531,-0.0297581,-0.359589
1.48124,-0.0387732,-0.358549
1.47711,-0.0477394,-0.357509
1.47486,-0.0567292,-0.356989
1.47063,-0.0656086,-0.355949
1.47695,-0.0749683,-0.357769
1.46971,-0.0836505,-0.355949
1.46917,-0.0926669,-0.355949
1.46376,-0.10135,-0.354649
1.4737,-0.11112,-0.357509
1.47395,-0.120238,-0.357769
1.47223,-0.129196,-0.357509
1.46948,-0.138048,-0.356989
1.44459,-0.144675,-0.350489
3.35558,-0.35534,-0.868147
3.35909,-0.376566,-0.869707
3.35001,-0.396378,-0.867887
3.34464,-0.416569,-0.867107
3.32861,-0.435335,-0.863467
3.31535,-0.454312,-0.860607
3.30772,-0.473963,-0.859307
3.30571,-0.494393,-0.859567
3.29593,-0.513628,-0.857747
3.28986,-0.533379,-0.856967
3.28748,-0.553716,-0.857227
3.28117,-0.573379,-0.856447
3.28234,-0.59436,-0.857747
3.27673,-0.614134,-0.857227
3.27669,-0.634961,-0.858267
3.27652,-0.655811,-0.859307
3.27527,-0.676488,-0.860087
3.272,-0.696773,-0.860347
3.27144,-0.717663,-0.861387
3.26698,-0.737723,-0.861387
3.26615,-0.758627,-0.862427
3.25486,-0.777086,-0.860607
3.25472,-0.798191,-0.861907
3.24601,-0.817205,-0.860867
3.24094,-0.837107,-0.860867
3.23761,-0.857471,-0.861387
3.23042,-0.876815,-0.860867
3.22219,-0.895845,-0.860087
3.21106,-0.914015,-0.858527
0,0,0
3.20793,-0.95583,-0.860867
3.19277,-0.972684,-0.858267
3.18951,-0.993117,-0.859047
3.18427,-1.01296,-0.859307
3.17249,-1.03069,-0.857747
3.17344,-1.05257,-0.859827
3.15137,-1.06676,-0.855407
3.15663,-1.09017,-0.858787
3.1517,-1.11016,-0.859307
3.14483,-1.12948,-0.859307
3.14056,-1.14975,-0.860087
3.13345,-1.169,-0.860087
3.12712,-1.18854,-0.860347
3.12067,-1.20806,-0.860607
3.11499,-1.22789,-0.861127
3.1065,-1.24662,-0.860867
3.09701,-1.26493,-0.860347
3.08562,-1.28243,-0.859307
3.07325,-1.29946,-0.858007
3.06167,-1.31677,-0.856967
3.05088,-1.33437,-0.856187
3.04087,-1.35228,-0.855667
3.03163,-1.37051,-0.855407
3.0258,-1.3903,-0.856187
3.02421,-1.4121,-0.858267
3.01723,-1.43146,-0.858787
3.01448,-1.45288,-0.860607
3.00638,-1.47177,-0.860867
2.99989,-1.49148,-0.861647
2.99499,-1.51203,-0.862947
2.98308,-1.52906,-0.862167
2.96678,-1.54377,-0.860087
2.95555,-1.56105,-0.859567
2.94421,-1.57824,-0.859047
2.93278,-1.59535,-0.858527
2.92293,-1.61332,-0.858527
2.91214,-1.63075,-0.858267
2.90711,-1.65145,-0.859827
2.89944,-1.6707,-0.860607
2.88496,-1.68603,-0.859307
2.87705,-1.70517,-0.860087
2.86323,-1.7208,-0.859047
2.85096,-1.73734,-0.858527
2.83778,-1.75328,-0.857747
2.82452,-1.76912,-0.856967
2.8185,-1.78952,-0.858527
2.81315,-1.81044,-0.860347
2.80199,-1.82766,-0.860347
2.79636,-1.84855,-0.862167
2.78818,-1.86782,-0.863207
2.77507,-1.88381,-0.862687
2.75868,-1.89752,-0.861127
2.7454,-1.9133,-0.860607
2.73519,-1.93123,-0.861127
2.72015,-1.94573,-0.860087
2.70972,-1.96351,-0.860607
2.69061,-1.97496,-0.858267
2.67999,-1.99259,-0.858787
2.66232,-2.00493,-0.856967
2.64152,-2.01479,-0.854107
2.63522,-2.03568,-0.856187
2.61964,-2.04943,-0.855147
2.61383,-2.07086,-0.857487
2.58977,-2.0778,-0.853587
2.58897,-2.10339,-0.857747
2.60585,-2.14376,-0.868147
2.58819,-2.15601,-0.866587
2.56975,-2.16749,-0.864767
2.54097,-2.17005,-0.859307
2.52323,-2.18182,-0.857747
2.50543,-2.19344,-0.856187
2.49337,-2.21005,-0.856707
2.47976,-2.22531,-0.856707
2.46606,-2.24049,-0.856707
2.4544,-2.25754,-0.857487
2.44687,-2.27847,-0.859827
2.43424,-2.29477,-0.860347
2.42431,-2.31366,-0.861907
2.41563,-2.33386,-0.863987
2.39505,-2.34256,-0.861647
2.37857,-2.35517,-0.860867
2.35998,-2.36562,-0.859307
2.33728,-2.37181,-0.856187
2.32201,-2.38542,-0.855927
2.30733,-2.39962,-0.855927
2.29123,-2.41233,-0.855407
2.27969,-2.42986,-0.856707
2.26737,-2.44664,-0.857747
2.25557,-2.46406,-0.859047
2.23912,-2.47643,-0.858527
2.22259,-2.48868,-0.858007
2.20728,-2.50227,-0.858007
2.19189,-2.51577,-0.858007
2.17578,-2.52844,-0.857747
2.1596,-2.541,-0.857487
2.15266,-2.56456,-0.861127
2.13503,-2.57549,-0.860347
2.11735,-2.5863,-0.859567
2.10448,-2.603,-0.860867
2.08184,-2.60756,-0.858007
2.06819,-2.62332,-0.859047
2.04909,-2.63215,-0.857747
2.02819,-2.63855,-0.855667
2.01313,-2.65248,-0.856187
1.99508,-2.66247,-0.855407
1.97986,-2.67621,-0.855927
1.96226,-2.68675,-0.855407
1.94461,-2.69717,-0.854887
1.93082,-2.71299,-0.856187
1.9158,-2.72715,-0.856967
1.90124,-2.74203,-0.858007
1.88383,-2.75285,-0.857747
1.8669,-2.76436,-0.857747
1.85098,-2.77737,-0.858267
1.83603,-2.7919,-0.859307
1.8157,-2.79825,-0.857747
1.80215,-2.81503,-0.859567
1.78639,-2.82848,-0.860347
1.76798,-2.83775,-0.859827
1.75256,-2.85184,-0.860867
1.73502,-2.86254,-0.860867
1.71842,-2.87479,-0.861387
1.7032,-2.88944,-0.862687
1.68447,-2.89816,-0.862167
1.66761,-2.91012,-0.862687
1.64973,-2.9203,-0.862687
1.62849,-2.92446,-0.860867
1.60912,-2.93186,-0.860087
1.58696,-2.93403,-0.857747
1.56802,-2.94201,-0.857227
1.55039,-2.95243,-0.857487
1.53047,-2.95846,-0.856447
1.51097,-2.96521,-0.855667
1.49621,-2.98133,-0.857747
1.47918,-2.99305,-0.858527
1.46163,-3.00381,-0.859047
1.444,-3.01446,-0.859567
1.42672,-3.02589,-0.860347
1.41056,-3.03984,-0.861907
1.39349,-3.05195,-0.862947
1.37553,-3.0622,-0.863467
1.35398,-3.0644,-0.861647
1.33284,-3.06734,-0.860087
1.31514,-3.07812,-0.860867
1.29211,-3.07634,-0.858007
1.27763,-3.09492,-0.861127
1.26043,-3.10718,-0.862427
1.24135,-3.11485,-0.862427
1.23383,-3.15208,-0.871007
1.20372,-3.13165,-0.862947
1.1838,-3.13718,-0.862427
1.16453,-3.14438,-0.862427
1.14389,-3.14784,-0.861387
1.12813,-3.1648,-0.864247
0,0,0
1.10017,-3.21037,-0.873347
0,0,0
0,0,0
0,0,0
0,0,0
0,0,0
0,0,0
0,0,0
0,0,0
0,0,0
0,0,0
0,0,0
0,0,0
0,0,0
0,0,0
0,0,0
0,0,0
0,0,0
0,0,0
0,0,0
0,0,0
0,0,0
0,0,0
0,0,0
0,0,0
0,0,0
0,0,0
0,0,0
0,0,0
0,0,0
0,0,0
0,0,0
0,0,0
0,0,0
0,0,0
0,0,0
0,0,0
0,0,0
0,0,0
0,0,0
0,0,0
0,0,0
0,0,0
0,0,0
0,0,0
0,0,0
0,0,0
0,0,0
0,0,0
0,0,0
0,0,0
0,0,0
0,0,0
0,0,0
0,0,0
0,0,0
0,0,0
0,0,0
0,0,0
0,0,0
0,0,0
0,0,0
0,0,0
0,0,0
0,0,0
0,0,0
0,0,0
0,0,0
0,0,0
0,0,0
0,0,0
0,0,0
0,0,0
0,0,0
0,0,0
0,0,0
0,0,0
0,0,0
0,0,0
0,0,0
0,0,0
0,0,0
0,0,0
0,0,0
0,0,0
0,0,0
0,0,0
0,0,0
0,0,0
0,0,0
0,0,0
0,0,0
0,0,0
0,0,0
0,0,0
0,0,0
0,0,0
0,0,0
0,0,0
0,0,0
0,0,0
0,0,0
0,0,0
0,0,0
0,0,0
0,0,0
0,0,0
0,0,0
0,0,0
0,0,0
0,0,0
0,0,0
0,0,0
0,0,0
0,0,0
0,0,0
0,0,0
0,0,0
0,0,0
0,0,0
0,0,0
0,0,0
0,0,0
0,0,0
0,0,0
0,0,0
0,0,0
0,0,0
0,0,0
0,0,0
0,0,0
0,0,0
0,0,0
0,0,0
0,0,0
0,0,0
0,0,0
0,0,0
0,0,0
0,0,0
0,0,0
0,0,0
0,0,0
0,0,0
0,0,0
0,0,0
0,0,0
0,0,0
0,0,0
0,0,0
0,0,0
0,0,0
0,0,0
0,0,0
0,0,0
0,0,0
0,0,0
0,0,0
0,0,0
0,0,0
0,0,0
0,0,0
0,0,0
0,0,0
0,0,0
0,0,0
0,0,0
0,0,0
0,0,0
0,0,0
0,0,0
0,0,0
0,0,0
0,0,0
0,0,0
0,0,0
0,0,0
0,0,0
0,0,0
0,0,0
0,0,0
0,0,0
0,0,0
0,0,0
0,0,0
0,0,0
0,0,0
0,0,0
0,0,0
0,0,0
0,0,0
0,0,0
0,0,0
0,0,0
0,0,0
0,0,0
0,0,0
0,0,0
0,0,0
0,0,0
0,0,0
0,0,0
0,0,0
0,0,0
0,0,0
0,0,0
0,0,0
0,0,0
0,0,0
0,0,0
0,0,0
0,0,0
0,0,0
0,0,0
0,0,0
0,0,0
0,0,0
0,0,0
0,0,0
0,0,0
0,0,0
0,0,0
0,0,0
0,0,0
0,0,0
0,0,0
0,0,0
0,0,0
0,0,0
0,0,0
0,0,0
0,0,0
0,0,0
0,0,0
0,0,0
0,0,0
0,0,0
0,0,0
0,0,0
0,0,0
0,0,0
0,0,0
0,0,0
0,0,0
0,0,0
0,0,0
0,0,0
0,0,0
0,0,0
0,0,0
0,0,0
0,0,0
0,0,0
0,0,0
0,0,0
0,0,0
0,0,0
0,0,0
0,0,0
0,0,0
0,0,0
0,0,0
0,0,0
0,0,0
0,0,0
0,0,0
0,0,0
0,0,0
0,0,0
0,0,0
0,0,0
0,0,0
0,0,0
0,0,0
0,0,0
0,0,0
0,0,0
0,0,0
0,0,0
0,0,0
0,0,0
0,0,0
0,0,0
0,0,0
0,0,0
0,0,0
0,0,0
0,0,0
0,0,0
0,0,0
0,0,0
0,0,0
0,0,0
0,0,0
0,0,0
0,0,0
0,0,0
0,0,0
0,0,0
0,0,0
0,0,0
0,0,0
0,0,0
0,0,0
0,0,0
0,0,0
0,0,0
0,0,0
0,0,0
0,0,0
0,0,0
0,0,0
0,0,0
0,0,0
0,0,0
0,0,0
0,0,0
0,0,0
0,0,0
0,0,0
0,0,0
0,0,0
0,0,0
0,0,0
0,0,0
0,0,0
0,0,0
0,0,0
0,0,0
0,0,0
0,0,0
0,0,0
0,0,0
0,0,0
0,0,0
0,0,0
0,0,0
0,0,0
0,0,0
0,0,0
0,0,0
0,0,0
0,0,0
0,0,0
0,0,0
0,0,0
0,0,0
0,0,0
0,0,0
0,0,0
0,0,0
0,0,0
0,0,0
0,0,0
0,0,0
0,0,0
0,0,0
0,0,0
0,0,0
0,0,0
0,0,0
0,0,0
0,0,0
0,0,0
0,0,0
0,0,0
0,0,0
0,0,0
0,0,0
0,0,0
0,0,0
0,0,0
0,0,0
0,0,0
0,0,0
0,0,0
0,0,0
0,0,0
0,0,0
0,0,0
0,0,0
0,0,0
0,0,0
0,0,0
0,0,0
0,0,0
0,0,0
0,0,0
0,0,0
0,0,0
0,0,0
0,0,0
0,0,0
0,0,0
0,0,0
0,0,0
0,0,0
0,0,0
0,0,0
0,0,0
0,0,0
0,0,0
0,0,0
0,0,0
0,0,0
0,0,0
0,0,0
0,0,0
0,0,0
0,0,0
0,0,0
0,0,0
0,0,0
0,0,0
0,0,0
0,0,0
0,0,0
0,0,0
0,0,0
0,0,0
0,0,0
0,0,0
0,0,0
0,0,0
0,0,0
0,0,0
0,0,0
0,0,0
0,0,0
0,0,0
0,0,0
0,0,0
0,0,0
0,0,0
0,0,0
0,0,0
0,0,0
0,0,0
0,0,0
0,0,0
0,0,0
0,0,0
0,0,0
0,0,0
0,0,0
0,0,0
0,0,0
0,0,0
0,0,0
0,0,0
0,0,0
0,0,0
0,0,0
0,0,0
0,0,0
0,0,0
0,0,0
0,0,0
0,0,0
0,0,0
0,0,0
0,0,0
0,0,0
0,0,0
0,0,0
0,0,0
0,0,0
0,0,0
0,0,0
0,0,0
0,0,0
0,0,0
0,0,0
0,0,0
0,0,0
0,0,0
0,0,0
0,0,0
0,0,0
0,0,0
0,0,0
0,0,0
0,0,0
0,0,0
0,0,0
0,0,0
0,0,0
0,0,0
0,0,0
0,0,0
0,0,0
0,0,0
0,0,0
0,0,0
0,0,0
0,0,0
0,0,0
0,0,0
0,0,0
0,0,0
0,0,0
0,0,0
0,0,0
0,0,0
0,0,0
0,0,0
0,0,0
0,0,0
0,0,0
0,0,0
0,0,0
0,0,0
0,0,0
0,0,0
0,0,0
0,0,0
0,0,0
0,0,0
0,0,0
0,0,0
0,0,0
0,0,0
0,0,0
0,0,0
0,0,0
0,0,0
0,0,0
0,0,0
0,0,0
0,0,0
0,0,0
0,0,0
0,0,0
0,0,0
0,0,0
0,0,0
0,0,0
0,0,0
0,0,0
0,0,0
0,0,0
0,0,0
0,0,0
0,0,0
0,0,0
0,0,0
0,0,0
0,0,0
0,0,0
0,0,0
0,0,0
0,0,0
0,0,0
0,0,0
0,0,0
0,0,0
0,0,0
0,0,0
0,0,0
0,0,0
0,0,0
0,0,0
0,0,0
0,0,0
0,0,0
0,0,0
0,0,0
0,0,0
0,0,0
0,0,0
0,0,0
0,0,0
0,0,0
0,0,0
0,0,0
0,0,0
0,0,0
0,0,0
0,0,0
0,0,0
0,0,0
0,0,0
0,0,0
0,0,0
0,0,0
0,0,0
0,0,0
0,0,0
0,0,0
0,0,0
0,0,0
0,0,0
0,0,0
0,0,0
0,0,0
0,0,0
0,0,0
0,0,0
0,0,0
0,0,0
0,0,0
0,0,0
0,0,0
0.951987,2.81757,-0.79646
0.974907,2.82805,-0.801337
0.990963,2.81839,-0.800253
1.01929,2.84306,-0.809465
1.03671,2.83675,-0.809465
1.06015,2.84657,-0.814342
1.08033,2.84721,-0.81651
1.10125,2.84951,-0.819219
1.12189,2.85076,-0.821657
1.13936,2.84382,-0.821657
1.15969,2.84391,-0.823825
1.17934,2.84207,-0.825451
1.2005,2.84365,-0.82816
1.21944,2.83977,-0.829244
1.23684,2.83223,-0.829244
1.25654,2.82987,-0.830869
1.27705,2.82913,-0.833037
1.298,2.82911,-0.835475
1.32103,2.83331,-0.839268
1.3454,2.83993,-0.843874
1.36656,2.83943,-0.846313
1.38818,2.83964,-0.849022
1.40858,2.8371,-0.850919
1.42813,2.83271,-0.852273
1.44768,2.82817,-0.853628
1.46722,2.82351,-0.854983
1.48766,2.82041,-0.856879
1.50949,2.81972,-0.859589
1.52998,2.81632,-0.861485
1.55141,2.81447,-0.863923
1.57382,2.81414,-0.866904
1.59581,2.8128,-0.869613
1.6164,2.80879,-0.87151
1.63991,2.80963,-0.875032
1.65859,2.802,-0.875845
1.67328,2.78764,-0.87449
1.69836,2.79048,-0.878825
1.72354,2.79311,-0.88316
1.7432,2.78656,-0.884515
1.76954,2.79045,-0.889392
1.78663,2.77954,-0.889392
1.8005,2.76368,-0.887766
1.83015,2.77186,-0.894268
1.84445,2.75658,-0.892914
1.85593,2.73724,-0.890204
1.87487,2.72898,-0.891288
1.89158,2.71742,-0.891288
1.90822,2.70576,-0.891288
1.92534,2.69479,-0.891559
1.94805,2.6915,-0.894539
1.97307,2.69114,-0.898603
1.99299,2.68362,-0.900229
2.01983,2.68518,-0.905106
2.03627,2.67274,-0.905106
2.05263,2.6602,-0.905106
2.06773,2.64603,-0.904564
2.07915,2.62726,-0.902396
2.09583,2.6152,-0.902667
2.11123,2.60155,-0.902396
2.12593,2.58706,-0.901855
2.14485,2.57766,-0.903209
2.16124,2.56519,-0.90348
2.17694,2.55188,-0.90348
2.19256,2.53847,-0.90348
2.20809,2.52497,-0.90348
2.22354,2.51138,-0.90348
2.2402,2.49912,-0.904022
2.25355,2.48319,-0.903209
2.26548,2.46577,-0.901855
2.27467,2.44548,-0.899416
2.29227,2.43428,-0.9005
2.30185,2.4146,-0.898332
2.31596,2.39973,-0.898062
2.33602,2.39099,-0.900229
2.34997,2.37592,-0.899958
2.36655,2.3635,-0.900771
2.37758,2.34556,-0.899416
2.38917,2.32824,-0.898332
2.4041,2.3142,-0.898603
2.41965,2.30073,-0.899145
2.43232,2.28452,-0.898603
2.45335,2.2761,-0.901313
2.45804,2.25255,-0.897791
2.47967,2.24453,-0.900771
2.48909,2.22543,-0.899145
2.49837,2.20629,-0.89752
2.51186,2.19092,-0.89752
2.52598,2.17609,-0.897791
2.53709,2.15868,-0.896978
2.54807,2.14122,-0.896165
2.55672,2.12185,-0.894539
2.56746,2.10429,-0.893727
2.57209,2.08184,-0.890746
2.58406,2.06542,-0.890475
2.59895,2.05131,-0.891288
2.60466,2.03,-0.88885
2.6102,2.0087,-0.886411
2.61404,1.98624,-0.883431
2.62541,1.96959,-0.88316
2.62894,1.94714,-0.88018
2.69523,1.97074,-0.899145
2.70103,1.94966,-0.896978
2.70432,1.9269,-0.893997
2.6964,1.89643,-0.887224
2.6985,1.87326,-0.883973
2.69803,1.84851,-0.879909
2.69975,1.82545,-0.876657
2.71651,1.81259,-0.878554
2.7726,1.82553,-0.893727
2.79425,1.8153,-0.897249
2.78993,1.78825,-0.892101
2.79272,1.76596,-0.889392
2.79942,1.74624,-0.888037
2.7986,1.72197,-0.884244
2.80747,1.70377,-0.883702
2.81869,1.687,-0.883973
2.82236,1.66576,-0.881805
2.83253,1.64841,-0.881805
2.84927,1.63483,-0.883973
2.85757,1.61637,-0.883431
2.87248,1.60162,-0.885057
2.88647,1.58628,-0.886411
2.89107,1.56579,-0.884786
2.90317,1.54938,-0.885598
2.90325,1.52661,-0.882618
2.91085,1.50788,-0.882076
2.91319,1.4865,-0.879909
2.91882,1.46686,-0.878825
2.92604,1.44807,-0.878283
2.94006,1.43262,-0.879909
2.94966,1.41497,-0.88018
2.96438,1.39972,-0.882076
2.97379,1.38191,-0.882347
2.98484,1.36484,-0.88316
2.9914,1.34571,-0.882618
3.00136,1.32811,-0.88316
3.00328,1.30698,-0.881263
3.01212,1.28891,-0.881534
3.02264,1.27152,-0.882347
3.02771,1.25185,-0.881534
3.03801,1.23433,-0.882347
3.04553,1.21567,-0.882347
3.04397,1.19344,-0.879638
3.05213,1.17509,-0.879909
3.04848,1.15226,-0.876657
3.05369,1.13286,-0.876116
3.06239,1.11476,-0.876657
3.06464,1.09433,-0.875303
3.07675,1.07742,-0.876928
3.08785,1.06008,-0.878283
3.09886,1.04265,-0.879638
3.11069,1.02542,-0.881263
3.12059,1.0075,-0.882347
3.12212,0.98688,-0.880992
3.12444,0.966567,-0.879909
3.12755,0.946541,-0.879096
3.13145,0.926787,-0.878554
3.1343,0.906753,-0.877741
3.13981,0.887504,-0.877741
3.14148,0.867198,-0.876657
3.14303,0.846905,-0.875574
3.15468,0.829316,-0.87747
3.15598,0.808988,-0.876387
3.16182,0.789841,-0.876657
3.1666,0.770425,-0.876657
3.17408,0.751646,-0.87747
3.1852,0.733668,-0.879367
3.1887,0.7139,-0.879096
3.18832,0.693299,-0.877741
3.18875,0.672928,-0.876657
3.18999,0.652771,-0.875845
3.1911,0.632624,-0.875032
3.18452,0.611038,-0.872052
3.192,0.592188,-0.873135
3.19747,0.572931,-0.873677
3.19618,0.552482,-0.872322
3.209,0.53444,-0.875032
3.20937,0.514283,-0.874219
3.22103,0.495899,-0.876657
3.22972,0.476968,-0.878283
3.23545,0.457546,-0.879096
1.42857,0.193316,-0.365129
1.45551,0.187867,-0.372445
1.45186,0.178347,-0.37109
1.45101,0.169213,-0.370548
1.4482,0.159885,-0.369464
1.43958,0.150001,-0.366755
1.43472,0.140603,-0.365129
1.42693,0.131008,-0.362691
1.41907,0.121513,-0.360253
1.41691,0.112576,-0.35944
1.41758,0.10388,-0.35944
1.42299,0.0955005,-0.360794
1.42932,0.0871172,-0.36242
1.43847,0.078817,-0.364859
1.43893,0.0699892,-0.364859
1.44414,0.0613618,-0.366213
1.44449,0.0524995,-0.366213
1.44286,0.0435777,-0.365671
1.4431,0.0347237,-0.365671
1.44329,0.0258683,-0.365671
1.44149,0.0169898,-0.365129
1.44061,0.00813949,-0.364859
1.43582,-0.0006964,-0.363504
1.43867,-0.00952633,-0.364317
1.43859,-0.0183537,-0.364317
1.43845,-0.0271804,-0.364317
1.44018,-0.0360547,-0.364859
1.44186,-0.0449514,-0.3654
1.44636,-0.0539784,-0.366755
1.44408,-0.062768,-0.366213
1.43021,-0.070956,-0.36242
1.42302,-0.0793532,-0.360524
1.41962,-0.0879039,-0.359711
1.41041,-0.096022,-0.357272
1.40596,-0.104388,-0.356189
1.40337,-0.112858,-0.355647
1.40553,-0.121717,-0.356459
1.40092,-0.129982,-0.355376
1.39723,-0.13829,-0.354563
1.36763,-0.143832,-0.346435
1.37246,-0.152862,-0.34806
1.34569,-0.158237,-0.340745
1.21191,-0.150011,-0.303085
3.24983,-0.423208,-0.881805
3.23191,-0.441056,-0.87747
3.22724,-0.460606,-0.876928
3.22149,-0.479973,-0.876116
3.21658,-0.499435,-0.875574
3.21251,-0.519009,-0.875303
3.21591,-0.539827,-0.877199
3.2059,-0.558392,-0.875303
3.20146,-0.577882,-0.875032
3.1865,-0.595392,-0.871781
3.17429,-0.613288,-0.869342
3.1648,-0.631622,-0.867717
3.15521,-0.649863,-0.866091
3.15398,-0.669811,-0.866904
3.14793,-0.68874,-0.866362
3.13989,-0.707196,-0.865278
3.14112,-0.727753,-0.866904
3.13472,-0.746566,-0.866362
3.13382,-0.766702,-0.867446
3.12719,-0.785447,-0.866904
3.11859,-0.803659,-0.86582
3.1229,-0.82524,-0.868529
3.11221,-0.842875,-0.866904
3.11625,-0.86453,-0.869613
3.10255,-0.881267,-0.867175
3.09616,-0.900018,-0.866904
3.09058,-0.918999,-0.866904
3.09041,-0.939626,-0.868529
3.07356,-0.955141,-0.865278
3.07223,-0.975439,-0.866633
3.06069,-0.99249,-0.865007
3.04723,-1.00883,-0.86284
3.03916,-1.02689,-0.862298
3.02552,-1.04301,-0.86013
3.0227,-1.06283,-0.861214
3.01884,-1.08233,-0.862027
3.01124,-1.10051,-0.861756
3.01255,-1.12199,-0.864194
3.0002,-1.1384,-0.862569
2.99406,-1.15714,-0.86284
2.98959,-1.17654,-0.863653
2.97606,-1.19236,-0.861756
2.97315,-1.21241,-0.863111
2.96121,-1.22879,-0.861756
2.95804,-1.24881,-0.863111
2.94237,-1.26351,-0.860672
2.93897,-1.28347,-0.862027
2.924,-1.29835,-0.859859
2.92563,-1.32063,-0.86284
2.91572,-1.33775,-0.862298
2.91444,-1.35887,-0.864465
2.91126,-1.3792,-0.866091
2.89928,-1.39537,-0.865007
2.88288,-1.40933,-0.862569
2.87331,-1.42656,-0.862298
2.86708,-1.44547,-0.863111
2.85216,-1.45996,-0.861214
2.8423,-1.47699,-0.860943
2.82467,-1.48991,-0.858234
2.81802,-1.50858,-0.859047
2.81294,-1.52814,-0.860401
2.80941,-1.54862,-0.862298
2.78893,-1.55972,-0.858776
2.77596,-1.5749,-0.857692
2.76791,-1.59287,-0.858234
2.75726,-1.60934,-0.857963
2.7465,-1.62573,-0.857692
2.73813,-1.64355,-0.858234
2.72881,-1.66082,-0.858505
2.71775,-1.67702,-0.858234
2.70986,-1.6952,-0.859047
2.70591,-1.71592,-0.861214
2.70019,-1.73561,-0.86284
2.69674,-1.75688,-0.865278
2.68832,-1.77498,-0.866091
2.68378,-1.79573,-0.868258
2.68546,-1.82081,-0.872593
2.67027,-1.83453,-0.871239
2.66528,-1.85528,-0.873406
2.66643,-1.88047,-0.877741
2.62274,-1.87385,-0.866633
2.60105,-1.88257,-0.863111
2.56772,-1.88256,-0.855524
2.56462,-1.90459,-0.858505
2.56058,-1.92608,-0.861214
2.54947,-1.94234,-0.861485
2.53446,-1.95559,-0.860401
2.51255,-1.9634,-0.856879
2.49291,-1.9728,-0.85417
2.46499,-1.97542,-0.84848
2.45805,-1.99475,-0.850377
2.46287,-2.02386,-0.856608
2.4541,-2.04201,-0.857963
2.443,-2.05827,-0.858505
2.4274,-2.07072,-0.857421
2.4059,-2.07802,-0.85417
2.41122,-2.10859,-0.860943
2.39103,-2.11697,-0.858234
2.38015,-2.13352,-0.859047
2.36701,-2.14809,-0.859047
2.34528,-2.15476,-0.855795
2.32779,-2.16517,-0.85417
2.31166,-2.17677,-0.853086
2.29826,-2.19092,-0.853086
2.29031,-2.21033,-0.855254
2.27808,-2.22568,-0.855795
2.26849,-2.24368,-0.857421
2.2608,-2.26369,-0.859859
2.24552,-2.27615,-0.859318
2.23621,-2.29471,-0.861214
2.22409,-2.31047,-0.862027
2.20589,-2.31988,-0.860401
2.1903,-2.33197,-0.859859
2.17398,-2.34325,-0.859047
2.16217,-2.35939,-0.86013
2.14313,-2.36761,-0.858234
2.12663,-2.37856,-0.857421
2.11264,-2.39229,-0.857692
2.10551,-2.41391,-0.860943
2.08626,-2.42168,-0.859047
2.07448,-2.4381,-0.860401
2.06134,-2.453,-0.861214
2.04871,-2.46856,-0.862298
2.03657,-2.48481,-0.863653
2.02674,-2.50399,-0.866091
2.01254,-2.51789,-0.866633
1.99526,-2.52792,-0.86582
1.97853,-2.5386,-0.865278
1.95763,-2.54382,-0.86284
1.93908,-2.55195,-0.861485
1.92107,-2.56072,-0.860401
1.90704,-2.57478,-0.861214
1.8895,-2.58411,-0.860401
1.87699,-2.60033,-0.862027
1.86379,-2.61572,-0.863382
1.8466,-2.62553,-0.86284
1.82881,-2.63444,-0.862027
1.81424,-2.648,-0.86284
1.79149,-2.64951,-0.859589
1.77894,-2.66606,-0.861485
1.76414,-2.67933,-0.862298
1.74347,-2.68365,-0.86013
1.72697,-2.6943,-0.86013
1.714,-2.71054,-0.862027
1.69479,-2.71692,-0.860672
1.67658,-2.72481,-0.859859
1.66033,-2.73587,-0.86013
1.64351,-2.746,-0.86013
1.62565,-2.75438,-0.859589
1.60533,-2.75848,-0.857692
1.58598,-2.7641,-0.856337
1.57136,-2.77797,-0.857692
1.5496,-2.77915,-0.854983
1.5353,-2.79367,-0.856608
1.51813,-2.80304,-0.856608
1.50407,-2.81824,-0.858505
1.48809,-2.82998,-0.859318
1.46937,-2.83649,-0.858505
1.45282,-2.84717,-0.859047
1.43489,-2.85517,-0.858776
1.41734,-2.86392,-0.858776
1.40143,-2.87602,-0.859859
1.38084,-2.87849,-0.857963
1.36685,-2.89474,-0.860401
1.34541,-2.89522,-0.857963
1.33002,-2.90867,-0.859589
1.3157,-2.92468,-0.862027
1.29501,-2.92654,-0.86013
1.2801,-2.94149,-0.862298
1.26165,-2.9484,-0.862027
1.24316,-2.9552,-0.861756
1.22537,-2.96366,-0.862027
1.20716,-2.97113,-0.862027
1.19069,-2.98295,-0.863382
1.17272,-2.99109,-0.863653
1.15365,-2.99644,-0.863111
1.13627,-3.00616,-0.863923
1.11278,-2.99954,-0.859859
1.10357,-3.03164,-0.867446
1.08106,-3.02747,-0.864194
1.06406,-3.03859,-0.865549
1.05258,-3.066,-0.871781
1.03467,-3.07514,-0.872593
1.01247,-3.07138,-0.869613
0.995966,-3.08486,-0.871781
0,0,0
0,0,0
0,0,0
0,0,0
0,0,0
0,0,0
0,0,0
0,0,0
0,0,0
0,0,0
0,0,0
0,0,0
0,0,0
0,0,0
0,0,0
0,0,0
0,0,0
0,0,0
0,0,0
0,0,0
0,0,0
0,0,0
0,0,0
0,0,0
0,0,0
0,0,0
0,0,0
0,0,0
0,0,0
0,0,0
0,0,0
0,0,0
0,0,0
0,0,0
0,0,0
0,0,0
0,0,0
0,0,0
0,0,0
0,0,0
0,0,0
0,0,0
0,0,0
0,0,0
0,0,0
0,0,0
0,0,0
0,0,0
0,0,0
0,0,0
0,0,0
0,0,0
0,0,0
0,0,0
0,0,0
0,0,0
0,0,0
0,0,0
0,0,0
0,0,0
0,0,0
0,0,0
0,0,0
0,0,0
0,0,0
0,0,0
0,0,0
0,0,0
0,0,0
0,0,0
0,0,0
0,0,0
0,0,0
0,0,0
0,0,0
0,0,0
0,0,0
0,0,0
0,0,0
0,0,0
0,0,0
0,0,0
0,0,0
0,0,0
0,0,0
0,0,0
0,0,0
0,0,0
0,0,0
0,0,0
0,0,0
0,0,0
0,0,0
0,0,0
0,0,0
0,0,0
0,0,0
0,0,0
0,0,0
0,0,0
0,0,0
0,0,0
0,0,0
0,0,0
0,0,0
0,0,0
0,0,0
0,0,0
0,0,0
0,0,0
0,0,0
0,0,0
0,0,0
0,0,0
0,0,0
0,0,0
0,0,0
0,0,0
0,0,0
0,0,0
0,0,0
0,0,0
0,0,0
0,0,0
0,0,0
0,0,0
0,0,0
0,0,0
0,0,0
0,0,0
0,0,0
0,0,0
0,0,0
0,0,0
0,0,0
0,0,0
0,0,0
0,0,0
0,0,0
0,0,0
0,0,0
0,0,0
0,0,0
0,0,0
0,0,0
0,0,0
0,0,0
0,0,0
0,0,0
0,0,0
0,0,0
0,0,0
0,0,0
0,0,0
0,0,0
0,0,0
0,0,0
0,0,0
0,0,0
0,0,0
0,0,0
0,0,0
0,0,0
0,0,0
0,0,0
0,0,0
0,0,0
0,0,0
0,0,0
0,0,0
0,0,0
0,0,0
0,0,0
0,0,0
0,0,0
0,0,0
0,0,0
0,0,0
0,0,0
0,0,0
0,0,0
0,0,0
0,0,0
0,0,0
0,0,0
0,0,0
0,0,0
0,0,0
0,0,0
0,0,0
0,0,0
0,0,0
0,0,0
0,0,0
0,0,0
0,0,0
0,0,0
0,0,0
0,0,0
0,0,0
0,0,0
0,0,0
0,0,0
0,0,0
0,0,0
0,0,0
0,0,0
0,0,0
0,0,0
0,0,0
0,0,0
0,0,0
0,0,0
0,0,0
0,0,0
0,0,0
0,0,0
0,0,0
0,0,0
0,0,0
0,0,0
0,0,0
0,0,0
0,0,0
0,0,0
0,0,0
0,0,0
0,0,0
0,0,0
0,0,0
0,0,0
0,0,0
0,0,0
0,0,0
0,0,0
0,0,0
0,0,0
0,0,0
0,0,0
0,0,0
0,0,0
0,0,0
0,0,0
0,0,0
0,0,0
0,0,0
0,0,0
0,0,0
0,0,0
0,0,0
0,0,0
0,0,0
0,0,0
0,0,0
0,0,0
0,0,0
0,0,0
0,0,0
0,0,0
0,0,0
0,0,0
0,0,0
0,0,0
0,0,0
0,0,0
0,0,0
0,0,0
0,0,0
0,0,0
0,0,0
0,0,0
0,0,0
0,0,0
0,0,0
0,0,0
0,0,0
0,0,0
0,0,0
0,0,0
0,0,0
0,0,0
0,0,0
0,0,0
0,0,0
0,0,0
0,0,0
0,0,0
0,0,0
0,0,0
0,0,0
0,0,0
0,0,0
0,0,0
0,0,0
0,0,0
0,0,0
0,0,0
0,0,0
0,0,0
0,0,0
0,0,0
0,0,0
0,0,0
0,0,0
0,0,0
0,0,0
0,0,0
0,0,0
0,0,0
0,0,0
0,0,0
0,0,0
0,0,0
0,0,0
0,0,0
0,0,0
0,0,0
0,0,0
0,0,0
0,0,0
0,0,0
0,0,0
0,0,0
0,0,0
0,0,0
0,0,0
0,0,0
0,0,0
0,0,0
0,0,0
0,0,0
0,0,0
0,0,0
0,0,0
0,0,0
0,0,0
0,0,0
0,0,0
0,0,0
0,0,0
0,0,0
0,0,0
0,0,0
0,0,0
0,0,0
0,0,0
0,0,0
0,0,0
0,0,0
0,0,0
0,0,0
0,0,0
0,0,0
0,0,0
0,0,0
0,0,0
0,0,0
0,0,0
0,0,0
0,0,0
0,0,0
0,0,0
0,0,0
0,0,0
0,0,0
0,0,0
0,0,0
0,0,0
0,0,0
0,0,0
0,0,0
0,0,0
0,0,0
0,0,0
0,0,0
0,0,0
0,0,0
0,0,0
0,0,0
0,0,0
0,0,0
0,0,0
0,0,0
0,0,0
0,0,0
0,0,0
0,0,0
0,0,0
0,0,0
0,0,0
0,0,0
0,0,0
0,0,0
0,0,0
0,0,0
0,0,0
0,0,0
0,0,0
0,0,0
0,0,0
0,0,0
0,0,0
0,0,0
0,0,0
0,0,0
0,0,0
0,0,0
0,0,0
0,0,0
0,0,0
0,0,0
0,0,0
0,0,0
0,0,0
0,0,0
0,0,0
0,0,0
0,0,0
0,0,0
0,0,0
0,0,0
0,0,0
0,0,0
0,0,0
0,0,0
0,0,0
0,0,0
0,0,0
0,0,0
0,0,0
0,0,0
0,0,0
0,0,0
0,0,0
0,0,0
0,0,0
0,0,0
0,0,0
0,0,0
0,0,0
0,0,0
0,0,0
0,0,0
0,0,0
0,0,0
0,0,0
0,0,0
0,0,0
0,0,0
0,0,0
0,0,0
0,0,0
0,0,0
0,0,0
0,0,0
0,0,0
0,0,0
0,0,0
0,0,0
0,0,0
0,0,0
0,0,0
0,0,0
0,0,0
0,0,0
0,0,0
0,0,0
0,0,0
0,0,0
0,0,0
0,0,0
0,0,0
0,0,0
0,0,0
0,0,0
0,0,0
0,0,0
0,0,0
0,0,0
0,0,0
0,0,0
0,0,0
0,0,0
0,0,0
0,0,0
0,0,0
0,0,0
0,0,0
0,0,0
0,0,0
0,0,0
0,0,0
0,0,0
0,0,0
0,0,0
0,0,0
0,0,0
0,0,0
0,0,0
0,0,0
0,0,0
0,0,0
0,0,0
0,0,0
0,0,0
0,0,0
0,0,0
0,0,0
0,0,0
0,0,0
0,0,0
0,0,0
0,0,0
0,0,0
0,0,0
0,0,0
0,0,0
0,0,0
0,0,0
0,0,0
0,0,0
0,0,0
0,0,0
0,0,0
0,0,0
0,0,0
0,0,0
0,0,0
0,0,0
0,0,0
0,0,0
0,0,0
0,0,0
0,0,0
0,0,0
0,0,0
0,0,0
0,0,0
0,0,0
0,0,0
0,0,0
0,0,0
0,0,0
0,0,0
0,0,0
0,0,0
0,0,0
0,0,0
0,0,0
0,0,0
0,0,0
0,0,0
0,0,0
0,0,0
0,0,0
0,0,0
0,0,0
0,0,0
0,0,0
0,0,0
0,0,0
0,0,0
0,0,0
0,0,0
0,0,0
0,0,0
0,0,0
0,0,0
0,0,0
0,0,0
0,0,0
0,0,0
0,0,0
0,0,0
0,0,0
0,0,0
0,0,0
0,0,0
0,0,0
0,0,0
0,0,0
0,0,0
0,0,0
0,0,0
0,0,0
0,0,0
0,0,0
0,0,0
0,0,0
0,0,0
0,0,0
0,0,0
0,0,0
0,0,0
0,0,0
0,0,0
0,0,0
0,0,0
0,0,0
0,0,0
0,0,0
0,0,0
0,0,0
0,0,0
0,0,0
0,0,0
0,0,0
0,0,0
0,0,0
0,0,0
0,0,0
0,0,0
0,0,0
0,0,0
0,0,0
0,0,0
0,0,0
0,0,0
0,0,0
0,0,0
0,0,0
0,0,0
0,0,0
0,0,0
0,0,0
0,0,0
0,0,0
0.884466,2.8384,-0.832503
0.906226,2.84664,-0.83673
0.927231,2.85197,-0.840113
0.945015,2.84714,-0.840394
0.959392,2.8322,-0.837576
0.980196,2.83624,-0.840676
0.996624,2.82745,-0.839831
1.0172,2.83031,-0.842649
1.03751,2.83213,-0.845186
1.05587,2.82841,-0.846031
1.07696,2.83174,-0.849131
1.09674,2.83134,-0.851104
1.12042,2.84063,-0.856177
1.13818,2.83459,-0.856459
1.15592,2.82844,-0.856741
1.1762,2.82839,-0.858996
1.19614,2.8273,-0.860969
1.21271,2.81815,-0.860405
1.23344,2.81856,-0.862942
1.25149,2.8127,-0.863505
1.2703,2.80846,-0.864633
1.29232,2.81108,-0.868015
1.31401,2.81266,-0.871115
1.33782,2.81841,-0.875624
1.36216,2.82485,-0.880416
1.38116,2.81988,-0.881543
1.40313,2.82081,-0.884643
1.42214,2.81557,-0.88577
1.44071,2.80935,-0.886616
1.45792,2.80046,-0.886616
1.47462,2.79061,-0.886334
1.49489,2.78743,-0.888307
1.51747,2.78832,-0.891689
1.53825,2.78568,-0.893944
1.55766,2.78037,-0.895353
1.57753,2.77577,-0.897044
1.59597,2.76853,-0.89789
1.61922,2.76946,-0.901554
1.63276,2.75369,-0.899581
1.65012,2.74444,-0.899862
1.65445,2.71378,-0.892816
1.68821,2.73133,-0.902399
1.70341,2.71848,-0.901554
1.72315,2.71284,-0.903244
1.7382,2.6998,-0.902399
1.75631,2.69149,-0.903244
1.76591,2.67026,-0.899581
1.78333,2.66097,-0.900144
1.80232,2.65394,-0.901554
1.81911,2.64363,-0.901835
1.83749,2.63556,-0.902963
1.85584,2.62738,-0.90409
1.87081,2.61438,-0.903526
1.89132,2.60907,-0.905781
1.90559,2.59509,-0.904936
1.92205,2.58412,-0.905217
1.93383,2.56691,-0.903244
1.94955,2.555,-0.903244
1.96812,2.54678,-0.904654
1.98607,2.53768,-0.905781
2.00339,2.52771,-0.906627
2.02067,2.51761,-0.907472
2.03426,2.50293,-0.906627
2.04958,2.4904,-0.906627
2.0636,2.4763,-0.906063
2.07628,2.46066,-0.904936
2.0876,2.4435,-0.903244
2.10255,2.43064,-0.903244
2.11743,2.41769,-0.903244
2.13413,2.40681,-0.90409
2.1495,2.39439,-0.904372
2.16286,2.37973,-0.903808
2.17223,2.36076,-0.901554
2.18471,2.34528,-0.900708
2.20103,2.33393,-0.901554
2.2173,2.32246,-0.902399
2.22751,2.30467,-0.900708
2.25435,2.304,-0.906063
2.2617,2.2833,-0.903244
2.26751,2.26125,-0.899862
2.2834,2.24931,-0.900708
2.29716,2.23526,-0.900708
2.31083,2.22112,-0.900708
2.32719,2.20955,-0.901835
2.34141,2.19588,-0.902117
2.35343,2.18017,-0.901554
2.35827,2.15791,-0.898171
2.3736,2.14533,-0.899017
2.381,2.12561,-0.896762
2.38896,2.10652,-0.894789
2.40039,2.09056,-0.894226
2.40736,2.07079,-0.891971
2.42441,2.05971,-0.893662
2.43994,2.04726,-0.894789
2.44728,2.02796,-0.892816
2.45968,2.01291,-0.892816
2.47646,2.0014,-0.894508
2.48794,1.98557,-0.894226
2.49933,1.96967,-0.893944
2.51364,1.95606,-0.894789
2.51951,1.93593,-0.892535
2.53822,1.92565,-0.895071
2.55382,1.91292,-0.89648
2.57554,1.90463,-0.900144
2.5771,1.88143,-0.89648
2.58082,1.85997,-0.893662
2.59375,1.84522,-0.894226
2.60266,1.82761,-0.89338
2.59254,1.79684,-0.88577
2.6146,1.78849,-0.889716
2.61599,1.76597,-0.886334
2.66749,1.77703,-0.900708
2.67273,1.75693,-0.898735
2.67461,1.73476,-0.895635
2.68924,1.7209,-0.897044
2.68596,1.69565,-0.892253
2.68003,1.66899,-0.886616
2.68368,1.6485,-0.884361
2.68718,1.62802,-0.882107
2.693,1.60904,-0.880697
2.69869,1.59005,-0.879288
2.73743,1.59034,-0.889153
2.75962,1.58067,-0.89338
2.78765,1.57409,-0.899581
2.79809,1.55742,-0.899862
2.79918,1.53561,-0.897044
2.78999,1.50836,-0.890844
2.78226,1.48218,-0.885207
2.78705,1.46285,-0.883798
2.79172,1.44352,-0.882388
2.79796,1.42505,-0.881543
2.80493,1.407,-0.880979
2.81437,1.39019,-0.881261
2.8332,1.37793,-0.884643
2.83987,1.35969,-0.884079
2.84903,1.34265,-0.884361
2.8546,1.32393,-0.883516
2.85656,1.3036,-0.881543
2.86363,1.28566,-0.881261
2.86445,1.26496,-0.879006
2.86864,1.24583,-0.877879
2.87799,1.22896,-0.878443
2.88725,1.21202,-0.879006
2.89906,1.19611,-0.880416
2.9019,1.17649,-0.879006
2.90639,1.1576,-0.878161
2.91255,1.1394,-0.877879
2.91501,1.11978,-0.87647
2.92362,1.10255,-0.877033
2.92583,1.08293,-0.875624
2.94504,1.06954,-0.87957
2.96149,1.055,-0.88267
2.96972,1.03744,-0.883234
2.97875,1.02013,-0.884079
2.98496,1.00184,-0.884079
2.98831,0.982601,-0.883234
2.99429,0.964246,-0.883234
2.99283,0.943545,-0.880979
2.99856,0.925164,-0.880979
3.00234,0.906192,-0.880416
3.00233,0.886122,-0.878725
3.00863,0.867949,-0.879006
3.01667,0.850254,-0.879852
3.0246,0.832493,-0.880697
3.02224,0.811925,-0.878443
3.03274,0.794827,-0.880134
3.03663,0.775965,-0.879852
3.03947,0.756854,-0.879288
3.05058,0.739775,-0.881261
3.04666,0.719057,-0.878725
3.04727,0.699489,-0.877597
3.07492,0.68601,-0.884643
3.04625,0.660007,-0.874779
3.05682,0.642687,-0.876752
1.1317,0.229958,-0.298418
1.10956,0.218355,-0.291372
1.11371,0.212084,-0.292217
1.13103,0.208215,-0.297009
0,0,0
0,0,0
1.13088,0.186732,-0.295881
0,0,0
1.14732,0.175025,-0.300109
1.17874,0.172456,-0.309128
0,0,0
1.157,0.154774,-0.302082
1.2274,0.156601,-0.322656
1.24071,0.150581,-0.32632
1.27021,0.146284,-0.334775
1.31686,0.143517,-0.348303
1.37688,0.141567,-0.365777
1.36627,0.131999,-0.362395
1.35654,0.122654,-0.359295
1.36205,0.114735,-0.360704
1.34168,0.104715,-0.354504
1.32795,0.0954367,-0.350276
1.30457,0.0856936,-0.34323
1.33955,0.07977,-0.353376
1.28637,0.0686385,-0.337593
1.29826,0.0612974,-0.340975
1.32066,0.0542551,-0.347458
1.34111,0.0468716,-0.353376
1.31068,0.0377315,-0.344358
1.30705,0.0295984,-0.34323
1.32064,0.0218114,-0.347176
1.31883,0.0136861,-0.346612
1.34287,0.00571626,-0.353658
1.36111,-0.00254226,-0.359013
1.35052,-0.0108183,-0.355913
1.37057,-0.0193726,-0.361832
1.3877,-0.0281175,-0.366905
1.3453,-0.0355524,-0.354504
1.38437,-0.0450533,-0.366059
1.35147,-0.0523127,-0.356477
1.29361,-0.0580733,-0.339566
1.29419,-0.0660577,-0.339848
1.32824,-0.0759393,-0.349994
1.30286,-0.0825326,-0.342666
1.28892,-0.0896055,-0.338721
1.27208,-0.096296,-0.333929
1.25904,-0.103093,-0.330266
1.23735,-0.108984,-0.324065
1.22997,-0.11595,-0.322092
1.18532,-0.119123,-0.309128
1.18934,-0.126899,-0.310537
0,0,0
1.14672,-0.136643,-0.298418
1.15252,-0.144506,-0.300391
0,0,0
0,0,0
0,0,0
0,0,0
1.14471,-0.179348,-0.299545
1.14169,-0.186062,-0.298981
1.13012,-0.191313,-0.295881
1.12231,-0.197088,-0.293908
1.13996,-0.207387,-0.299545
1.15564,-0.217556,-0.304618
3.0288,-0.58756,-0.865478
3.02138,-0.60538,-0.864351
3.01855,-0.624102,-0.864633
3.0156,-0.642811,-0.864914
3.00598,-0.66007,-0.863223
2.99719,-0.677446,-0.861814
2.99671,-0.696691,-0.862942
2.99705,-0.716179,-0.864351
2.9898,-0.73387,-0.863505
2.98338,-0.751733,-0.862942
2.97871,-0.770024,-0.862942
2.97393,-0.788287,-0.862942
2.96719,-0.806017,-0.862378
2.96681,-0.825493,-0.863787
2.95431,-0.841581,-0.861532
2.95093,-0.860229,-0.862096
2.95847,-0.882153,-0.866042
2.94474,-0.897774,-0.863505
2.93551,-0.914685,-0.862378
2.93259,-0.933552,-0.863223
2.92315,-0.950343,-0.862096
2.91636,-0.967959,-0.861814
2.914,-0.987065,-0.862942
2.90789,-1.00493,-0.862942
2.90528,-1.02402,-0.864069
2.90166,-1.0428,-0.864914
2.8934,-1.05993,-0.864351
2.87785,-1.07431,-0.861532
2.873,-1.09263,-0.862096
2.86356,-1.1092,-0.861251
2.85223,-1.12499,-0.859841
2.84082,-1.14068,-0.858432
2.83733,-1.15954,-0.859559
2.82307,-1.17399,-0.857305
2.82642,-1.19577,-0.860687
2.82079,-1.21385,-0.861251
2.81329,-1.23113,-0.861251
2.80393,-1.24759,-0.860687
2.80147,-1.26714,-0.862378
2.7919,-1.28351,-0.861814
2.79701,-1.3067,-0.866042
2.78807,-1.32343,-0.86576
2.77644,-1.33885,-0.864633
2.76386,-1.35375,-0.863223
2.75465,-1.37025,-0.862942
2.74276,-1.3854,-0.861814
2.72396,-1.39695,-0.858432
2.71364,-1.41276,-0.857868
2.70407,-1.42893,-0.857587
2.69694,-1.4464,-0.85815
2.69476,-1.46659,-0.860405
2.68823,-1.48449,-0.861251
2.68577,-1.5047,-0.863505
2.67982,-1.52305,-0.864633
2.67957,-1.54473,-0.867733
2.67584,-1.56453,-0.869706
2.66619,-1.58092,-0.869706
2.66138,-1.60022,-0.871397
2.65724,-1.62001,-0.87337
2.62195,-1.62066,-0.864633
2.6209,-1.64231,-0.867733
2.59214,-1.64654,-0.861251
2.57957,-1.66086,-0.860405
2.58138,-1.68451,-0.864633
2.5654,-1.69662,-0.86266
2.55414,-1.71179,-0.862378
2.54518,-1.72851,-0.862942
2.53531,-1.74464,-0.863223
2.53794,-1.76949,-0.868015
2.51763,-1.77839,-0.864633
2.50901,-1.79547,-0.865478
2.50261,-1.81421,-0.867169
2.48525,-1.82499,-0.864914
2.47554,-1.84135,-0.865478
2.46726,-1.85882,-0.866605
2.45505,-1.87334,-0.866324
2.44351,-1.88837,-0.866324
2.43565,-1.90628,-0.867733
2.41865,-1.91702,-0.86576
2.40309,-1.92882,-0.864351
2.38749,-1.94051,-0.862942
2.37554,-1.95512,-0.862942
2.35686,-1.96413,-0.860405
2.3477,-1.98103,-0.861532
2.34061,-1.99976,-0.863505
2.32975,-2.01534,-0.864069
2.31589,-2.02833,-0.863505
2.30628,-2.04505,-0.864633
2.28726,-2.0534,-0.862096
2.2668,-2.06029,-0.858996
2.25482,-2.07481,-0.859278
2.23432,-2.08142,-0.856177
2.22011,-2.09377,-0.855614
2.20584,-2.10603,-0.85505
2.19425,-2.12086,-0.855614
2.18531,-2.13831,-0.857305
2.17215,-2.15168,-0.857305
2.17382,-2.17991,-0.863505
2.15501,-2.18774,-0.861251
2.14356,-2.20298,-0.862096
2.13532,-2.22162,-0.864351
2.12495,-2.23816,-0.86576
2.10856,-2.24836,-0.864633
2.09602,-2.26266,-0.865196
2.07951,-2.27265,-0.864069
2.06681,-2.28679,-0.864633
2.04827,-2.29442,-0.86266
2.03161,-2.30407,-0.861532
2.00924,-2.30709,-0.857868
2.00318,-2.32883,-0.861532
1.98699,-2.33888,-0.860687
1.97137,-2.34956,-0.860123
1.95018,-2.35349,-0.857023
1.93874,-2.36912,-0.858432
1.92779,-2.38545,-0.860123
1.91252,-2.39648,-0.859841
1.89718,-2.40742,-0.859559
1.88532,-2.4228,-0.860969
1.87276,-2.43736,-0.862096
1.85603,-2.44652,-0.861251
1.84674,-2.46553,-0.864069
1.82415,-2.46679,-0.860405
1.81578,-2.48724,-0.863787
1.79824,-2.49522,-0.86266
1.78011,-2.5023,-0.861251
1.76086,-2.50768,-0.859278
1.74872,-2.52317,-0.860969
1.72941,-2.52831,-0.858996
1.71333,-2.53807,-0.858714
1.69932,-2.55093,-0.859559
1.67784,-2.5525,-0.856459
1.66684,-2.56999,-0.858996
1.66088,-2.59552,-0.864351
1.64236,-2.6016,-0.862942
1.6289,-2.6157,-0.864351
1.61031,-2.62156,-0.862942
1.58822,-2.62155,-0.859559
1.57506,-2.63618,-0.861251
1.55544,-2.64001,-0.859278
1.53536,-2.64287,-0.857023
1.51864,-2.65141,-0.856741
1.50281,-2.66151,-0.857023
1.48738,-2.67236,-0.857587
1.47281,-2.6848,-0.858714
1.45494,-2.69126,-0.857868
1.4402,-2.70352,-0.858996
1.42448,-2.71401,-0.859559
1.41,-2.72696,-0.860969
1.39324,-2.73556,-0.860969
1.37945,-2.75006,-0.862942
1.36382,-2.76105,-0.863787
1.34811,-2.77195,-0.864633
1.33108,-2.78017,-0.864633
1.31482,-2.79002,-0.865196
1.29565,-2.79369,-0.863787
1.27609,-2.79635,-0.862096
1.2593,-2.805,-0.862378
1.23935,-2.80653,-0.860405
1.22326,-2.81672,-0.861251
1.20633,-2.82506,-0.861532
1.18749,-2.82887,-0.860405
1.1745,-2.84674,-0.863787
1.15809,-2.85656,-0.864633
1.14197,-2.86718,-0.86576
1.13135,-2.892,-0.871397
1.11048,-2.89083,-0.86886
1.08866,-2.88682,-0.865478
0,0,0
1.05053,-2.89274,-0.863223
0,0,0
0,0,0
0,0,0
0,0,0
0,0,0
0,0,0
0,0,0
0,0,0
0,0,0
0,0,0
0,0,0
0,0,0
0,0,0
0,0,0
0,0,0
0,0,0
0,0,0
0,0,0
0,0,0
0,0,0
0,0,0
0,0,0
0,0,0
0,0,0
0,0,0
0,0,0
0,0,0
0,0,0
0,0,0
0,0,0
0,0,0
0,0,0
0,0,0
0,0,0
0,0,0
0,0,0
0,0,0
0,0,0
0,0,0
0,0,0
0,0,0
0,0,0
0,0,0
0,0,0
0,0,0
0,0,0
0,0,0
0,0,0
0,0,0
0,0,0
0,0,0
0,0,0
0,0,0
0,0,0
0,0,0
0,0,0
0,0,0
0,0,0
0,0,0
0,0,0
0,0,0
0,0,0
0,0,0
0,0,0
0,0,0
0,0,0
0,0,0
0,0,0
0,0,0
0,0,0
0,0,0
0,0,0
0,0,0
0,0,0
0,0,0
0,0,0
0,0,0
0,0,0
0,0,0
0,0,0
0,0,0
0,0,0
0,0,0
0,0,0
0,0,0
0,0,0
0,0,0
0,0,0
0,0,0
0,0,0
0,0,0
0,0,0
0,0,0
0,0,0
0,0,0
0,0,0
0,0,0
0,0,0
0,0,0
0,0,0
0,0,0
0,0,0
0,0,0
0,0,0
0,0,0
0,0,0
0,0,0
0,0,0
0,0,0
0,0,0
0,0,0
0,0,0
0,0,0
0,0,0
0,0,0
0,0,0
0,0,0
0,0,0
0,0,0
0,0,0
0,0,0
0,0,0
0,0,0
0,0,0
0,0,0
0,0,0
0,0,0
0,0,0
0,0,0
0,0,0
0,0,0
0,0,0
0,0,0
0,0,0
0,0,0
0,0,0
0,0,0
0,0,0
0,0,0
0,0,0
0,0,0
0,0,0
0,0,0
0,0,0
0,0,0
0,0,0
0,0,0
0,0,0
0,0,0
0,0,0
0,0,0
0,0,0
0,0,0
0,0,0
0,0,0
0,0,0
0,0,0
0,0,0
0,0,0
0,0,0
0,0,0
0,0,0
0,0,0
0,0,0
0,0,0
0,0,0
0,0,0
0,0,0
0,0,0
0,0,0
0,0,0
0,0,0
0,0,0
0,0,0
0,0,0
0,0,0
0,0,0
0,0,0
0,0,0
0,0,0
0,0,0
0,0,0
0,0,0
0,0,0
0,0,0
0,0,0
0,0,0
0,0,0
0,0,0
0,0,0
0,0,0
0,0,0
0,0,0
0,0,0
0,0,0
0,0,0
0,0,0
0,0,0
0,0,0
0,0,0
0,0,0
0,0,0
0,0,0
0,0,0
0,0,0
0,0,0
0,0,0
0,0,0
0,0,0
0,0,0
0,0,0
0,0,0
0,0,0
0,0,0
0,0,0
0,0,0
0,0,0
0,0,0
0,0,0
0,0,0
0,0,0
0,0,0
0,0,0
0,0,0
0,0,0
0,0,0
0,0,0
0,0,0
0,0,0
0,0,0
0,0,0
0,0,0
0,0,0
0,0,0
0,0,0
0,0,0
0,0,0
0,0,0
0,0,0
0,0,0
0,0,0
0,0,0
0,0,0
0,0,0
0,0,0
0,0,0
0,0,0
0,0,0
0,0,0
0,0,0
0,0,0
0,0,0
0,0,0
0,0,0
0,0,0
0,0,0
0,0,0
0,0,0
0,0,0
0,0,0
0,0,0
0,0,0
0,0,0
0,0,0
0,0,0
0,0,0
0,0,0
0,0,0
0,0,0
0,0,0
0,0,0
0,0,0
0,0,0
0,0,0
0,0,0
0,0,0
0,0,0
0,0,0
0,0,0
0,0,0
0,0,0
0,0,0
0,0,0
0,0,0
0,0,0
0,0,0
0,0,0
0,0,0
0,0,0
0,0,0
0,0,0
0,0,0
0,0,0
0,0,0
0,0,0
0,0,0
0,0,0
0,0,0
0,0,0
0,0,0
0,0,0
0,0,0
0,0,0
0,0,0
0,0,0
0,0,0
0,0,0
0,0,0
0,0,0
0,0,0
0,0,0
0,0,0
0,0,0
0,0,0
0,0,0
0,0,0
0,0,0
0,0,0
0,0,0
0,0,0
0,0,0
0,0,0
0,0,0
0,0,0
0,0,0
0,0,0
0,0,0
0,0,0
0,0,0
0,0,0
0,0,0
0,0,0
0,0,0
0,0,0
0,0,0
0,0,0
0,0,0
0,0,0
0,0,0
0,0,0
0,0,0
0,0,0
0,0,0
0,0,0
0,0,0
0,0,0
0,0,0
0,0,0
0,0,0
0,0,0
0,0,0
0,0,0
0,0,0
0,0,0
0,0,0
0,0,0
0,0,0
0,0,0
0,0,0
0,0,0
0,0,0
0,0,0
0,0,0
0,0,0
0,0,0
0,0,0
0,0,0
0,0,0
0,0,0
0,0,0
0,0,0
0,0,0
0,0,0
0,0,0
0,0,0
0,0,0
0,0,0
0,0,0
0,0,0
0,0,0
0,0,0
0,0,0
0,0,0
0,0,0
0,0,0
0,0,0
0,0,0
0,0,0
0,0,0
0,0,0
0,0,0
0,0,0
0,0,0
0,0,0
0,0,0
0,0,0
0,0,0
0,0,0
0,0,0
0,0,0
0,0,0
0,0,0
0,0,0
0,0,0
0,0,0
0,0,0
0,0,0
0,0,0
0,0,0
0,0,0
0,0,0
0,0,0
0,0,0
0,0,0
0,0,0
0,0,0
0,0,0
0,0,0
0,0,0
0,0,0
0,0,0
0,0,0
0,0,0
0,0,0
0,0,0
0,0,0
0,0,0
0,0,0
0,0,0
0,0,0
0,0,0
0,0,0
0,0,0
0,0,0
0,0,0
0,0,0
0,0,0
0,0,0
0,0,0
0,0,0
0,0,0
0,0,0
0,0,0
0,0,0
0,0,0
0,0,0
0,0,0
0,0,0
0,0,0
0,0,0
0,0,0
0,0,0
0,0,0
0,0,0
0,0,0
0,0,0
0,0,0
0,0,0
0,0,0
0,0,0
0,0,0
0,0,0
0,0,0
0,0,0
0,0,0
0,0,0
0,0,0
0,0,0
0,0,0
0,0,0
0,0,0
0,0,0
0,0,0
0,0,0
0,0,0
0,0,0
0,0,0
0,0,0
0,0,0
0,0,0
0,0,0
0,0,0
0,0,0
0,0,0
0,0,0
0,0,0
0,0,0
0,0,0
0,0,0
0,0,0
0,0,0
0,0,0
0,0,0
0,0,0
0,0,0
0,0,0
0,0,0
0,0,0
0,0,0
0,0,0
0,0,0
0,0,0
0,0,0
0,0,0
0,0,0
0,0,0
0,0,0
0,0,0
0,0,0
0,0,0
0,0,0
0,0,0
0,0,0
0,0,0
0,0,0
0,0,0
0,0,0
0,0,0
0,0,0
0,0,0
0,0,0
0,0,0
0,0,0
0,0,0
0,0,0
0,0,0
0,0,0
0,0,0
0,0,0
0,0,0
0,0,0
0,0,0
0,0,0
0,0,0
0,0,0
0,0,0
0,0,0
0,0,0
0,0,0
0,0,0
0,0,0
0,0,0
0,0,0
0,0,0
0,0,0
0,0,0
0,0,0
0,0,0
0,0,0
0,0,0
0,0,0
0,0,0
0,0,0
0,0,0
0,0,0
0,0,0
0,0,0
0,0,0
0,0,0
0,0,0
0,0,0
0,0,0
0,0,0
0,0,0
0,0,0
0,0,0
0,0,0
0,0,0
0,0,0
0,0,0
0,0,0
0,0,0
0,0,0
0,0,0
0,0,0
0,0,0
0,0,0
0,0,0
0,0,0
0,0,0
0,0,0
0,0,0
0,0,0
0,0,0
0,0,0
0,0,0
0,0,0
0,0,0
0,0,0
0,0,0
0,0,0
0,0,0
0,0,0
0,0,0
0,0,0
0,0,0
0,0,0
0,0,0
0,0,0
0,0,0
0,0,0
0,0,0
0,0,0
0,0,0
0,0,0
0,0,0
0,0,0
0.992888,2.82229,-0.874257
1.01309,2.82425,-0.87689
1.03205,2.82247,-0.878352
1.05235,2.82415,-0.880985
1.07373,2.82836,-0.884496
1.09383,2.82886,-0.886836
1.11257,2.82565,-0.888006
1.1306,2.82055,-0.888591
1.1468,2.8109,-0.887714
1.16696,2.81087,-0.890054
1.1853,2.8063,-0.890932
1.20174,2.79722,-0.890347
1.22156,2.79593,-0.892394
1.24141,2.7945,-0.894442
1.2609,2.79206,-0.896197
1.28559,2.80078,-0.901756
1.30356,2.79457,-0.902341
1.31576,2.77615,-0.89883
1.33775,2.77836,-0.902341
1.35478,2.7701,-0.902341
1.37175,2.76174,-0.902341
1.39341,2.76266,-0.905559
1.41513,2.76342,-0.908776
1.4272,2.74535,-0.905559
1.44134,2.73147,-0.903803
1.43956,2.68802,-0.891809
1.46425,2.69425,-0.897075
1.48352,2.69024,-0.89883
1.50094,2.68276,-0.899415
1.52351,2.68431,-0.903218
1.54377,2.68154,-0.905559
1.55923,2.67037,-0.904973
1.5751,2.65992,-0.904681
1.58745,2.64365,-0.902341
1.60215,2.63141,-0.901463
1.62027,2.62479,-0.902633
1.63432,2.61155,-0.901463
1.64672,2.59582,-0.899415
1.67297,2.60176,-0.905266
1.6936,2.59865,-0.907899
1.70635,2.58342,-0.906144
1.72323,2.57449,-0.906729
1.74007,2.56546,-0.907314
1.76174,2.5634,-0.910532
1.78181,2.55882,-0.912872
1.79692,2.54706,-0.912579
1.81307,2.53676,-0.912872
1.82524,2.52094,-0.911117
1.83671,2.5043,-0.909069
1.85319,2.49451,-0.909654
1.85753,2.46858,-0.904096
1.86916,2.45257,-0.902341
1.88359,2.4403,-0.902048
1.90148,2.43246,-0.903511
1.9223,2.42825,-0.906436
1.93597,2.41491,-0.905851
1.94774,2.39928,-0.904388
1.96303,2.38802,-0.904681
1.97581,2.37373,-0.903803
1.98725,2.3579,-0.902341
1.99734,2.34057,-0.900293
2.00604,2.32176,-0.89766
2.0215,2.31085,-0.898245
2.03057,2.29268,-0.895905
2.04524,2.28089,-0.896197
2.06112,2.27042,-0.897075
2.07955,2.26266,-0.899123
2.09469,2.25125,-0.899708
2.11306,2.24323,-0.901756
2.12546,2.22884,-0.90117
2.13843,2.21507,-0.900878
2.14998,2.19985,-0.9
2.15873,2.18186,-0.897952
2.16734,2.16385,-0.895905
2.17989,2.14983,-0.895612
2.18962,2.13308,-0.89415
2.19991,2.11696,-0.892979
2.2184,2.10869,-0.89532
2.22991,2.09373,-0.894735
2.23991,2.0774,-0.893564
2.25402,2.06491,-0.89415
2.26665,2.05104,-0.89415
2.27634,2.03455,-0.892979
2.28878,2.02054,-0.892979
2.30041,2.00583,-0.892687
2.30978,1.98918,-0.891517
2.3234,1.97621,-0.892102
2.33768,1.96376,-0.892979
2.33791,1.93962,-0.888299
2.35198,1.92705,-0.889176
2.37268,1.9198,-0.892687
2.37471,1.89745,-0.888884
2.39156,1.88699,-0.890932
2.40158,1.8711,-0.890347
2.41378,1.85691,-0.890639
2.43274,1.84785,-0.893564
2.44556,1.83404,-0.89415
2.45523,1.81786,-0.893564
2.46943,1.80502,-0.894735
2.47968,1.78927,-0.894442
2.4875,1.7718,-0.893272
2.49989,1.75761,-0.893857
2.50277,1.73678,-0.890932
2.51022,1.71923,-0.889761
2.51993,1.70326,-0.889469
2.52715,1.68565,-0.888299
2.53745,1.67011,-0.888299
2.54925,1.65555,-0.888884
2.56017,1.64039,-0.889176
2.5718,1.62567,-0.889761
2.5728,1.6043,-0.886544
2.58097,1.58748,-0.885958
2.58739,1.56963,-0.884788
2.59451,1.55225,-0.883911
2.59657,1.53193,-0.881278
2.60675,1.51645,-0.88157
2.62596,1.50614,-0.885081
2.63848,1.49188,-0.886251
2.66095,1.48311,-0.890932
2.6524,1.45708,-0.884788
2.66634,1.44351,-0.886544
2.66671,1.42263,-0.883618
2.67623,1.40668,-0.883911
2.67377,1.38452,-0.880108
2.68222,1.36809,-0.880108
2.67774,1.34517,-0.87572
2.6808,1.32617,-0.873964
2.69491,1.31262,-0.876012
2.72188,1.30516,-0.882448
2.77049,1.30761,-0.896197
2.76632,1.28495,-0.892102
2.76719,1.26477,-0.889761
2.76792,1.24463,-0.887421
2.77988,1.22956,-0.888884
2.77685,1.2079,-0.885373
2.78245,1.19009,-0.884788
2.78088,1.16929,-0.881863
2.79066,1.1533,-0.88274
2.80654,1.13975,-0.885666
2.80904,1.12074,-0.884203
2.81408,1.10278,-0.883618
2.81812,1.08446,-0.88274
2.8122,1.06242,-0.878645
2.81777,1.04481,-0.878352
2.82502,1.02783,-0.878645
2.82767,1.00919,-0.877475
2.83381,0.991825,-0.877475
2.84618,0.97659,-0.879523
2.85302,0.959412,-0.879815
2.86067,0.942486,-0.8804
2.86822,0.925503,-0.880985
2.87202,0.907311,-0.8804
2.87753,0.889671,-0.8804
2.88294,0.871998,-0.8804
2.88732,0.854021,-0.880108
2.89067,0.835758,-0.879523
2.90126,0.819564,-0.881278
2.91177,0.803272,-0.883033
2.91387,0.784645,-0.882155
2.91586,0.766023,-0.881278
2.91772,0.747406,-0.8804
2.91112,0.726711,-0.87689
2.91181,0.707932,-0.87572
2.91144,0.688952,-0.874257
2.9007,0.667645,-0.869576
2.91128,0.651294,-0.871624
1.08271,0.23551,-0.297956
1.11314,0.234975,-0.307025
1.11456,0.22814,-0.307025
1.11594,0.221297,-0.307025
1.11446,0.213906,-0.306147
1.11763,0.207412,-0.306732
1.12265,0.201224,-0.307902
1.13706,0.196608,-0.311998
1.12503,0.187432,-0.307902
1.13277,0.181583,-0.30995
1.11213,0.171288,-0.303222
1.12167,0.165716,-0.305854
1.1293,0.159766,-0.307902
1.11604,0.150917,-0.303514
1.12264,0.144798,-0.305269
1.13394,0.139184,-0.308487
1.13383,0.132114,-0.308195
1.12701,0.124318,-0.305854
1.1287,0.117499,-0.306147
1.14368,0.111964,-0.310535
1.13958,0.104509,-0.309072
1.12782,0.0964602,-0.305269
1.12743,0.0894629,-0.304977
1.14322,0.0836547,-0.309657
1.13036,0.075748,-0.305562
1.13748,0.0692151,-0.30761
1.13597,0.0621305,-0.307025
1.13538,0.0551131,-0.306732
1.13474,0.0481054,-0.306439
1.13597,0.0411761,-0.306732
1.13811,0.0342621,-0.307317
1.13257,0.0271427,-0.305562
1.13462,0.0202263,-0.306147
1.13951,0.0133182,-0.30761
1.13765,0.00631609,-0.307025
1.13863,-0.000665442,-0.307317
1.14434,-0.00769251,-0.309072
1.14332,-0.0147013,-0.30878
1.14607,-0.0217717,-0.309657
1.14592,-0.0288035,-0.309657
1.14572,-0.0358342,-0.309657
1.14261,-0.0427552,-0.30878
1.14233,-0.0497653,-0.30878
1.14009,-0.0566779,-0.308195
1.13399,-0.0633503,-0.306439
1.13263,-0.0702476,-0.306147
1.13122,-0.0771305,-0.305854
1.13073,-0.0840701,-0.305854
1.13114,-0.0910836,-0.306147
1.13247,-0.0981883,-0.306732
1.12613,-0.104602,-0.304977
1.13498,-0.112457,-0.307902
1.11715,-0.11761,-0.302636
1.12496,-0.125419,-0.305269
1.14697,-0.135011,-0.31229
1.10341,-0.136738,-0.299126
1.12815,-0.146848,-0.307025
1.12439,-0.153378,-0.306147
1.12911,-0.161087,-0.307902
1.13094,-0.168436,-0.30878
1.13083,-0.175519,-0.309072
1.12029,-0.180926,-0.306147
1.11916,-0.187797,-0.306147
1.11798,-0.19466,-0.306147
1.12241,-0.202537,-0.307902
1.12397,-0.209948,-0.30878
1.12454,-0.217204,-0.309365
0,0,0
0,0,0
2.87878,-0.611852,-0.859337
2.88618,-0.63196,-0.862848
2.88224,-0.649658,-0.862848
2.88938,-0.669924,-0.866358
2.89173,-0.689193,-0.868406
2.88559,-0.706468,-0.867821
2.87192,-0.721828,-0.864896
2.86837,-0.739676,-0.865188
2.86008,-0.756283,-0.864018
2.85077,-0.772567,-0.862555
2.84413,-0.789532,-0.86197
2.83555,-0.805923,-0.8608
2.82964,-0.823039,-0.860508
2.82912,-0.84175,-0.86197
2.82024,-0.857979,-0.8608
2.81492,-0.875268,-0.8608
2.81588,-0.894551,-0.862848
2.81125,-0.912107,-0.86314
2.8056,-0.92934,-0.86314
2.79893,-0.946231,-0.862848
2.79398,-0.963699,-0.86314
2.79252,-0.982411,-0.864603
2.78734,-0.99985,-0.864896
2.77846,-1.01595,-0.864018
2.77218,-1.03298,-0.864018
2.77294,-1.05268,-0.866358
2.7584,-1.06657,-0.863725
2.75002,-1.08278,-0.86314
2.74333,-1.09963,-0.86314
2.73033,-1.11391,-0.861093
2.73139,-1.13395,-0.863725
2.7235,-1.15031,-0.863433
2.71552,-1.16663,-0.86314
2.71269,-1.18518,-0.864603
2.70274,-1.20064,-0.863725
2.69707,-1.21799,-0.864311
2.68867,-1.23411,-0.864018
2.68885,-1.25423,-0.866651
2.67938,-1.26988,-0.866066
2.68273,-1.29169,-0.869869
2.66703,-1.30435,-0.867236
2.65127,-1.31686,-0.864603
2.66448,-1.34387,-0.871917
2.66044,-1.36237,-0.873379
2.61385,-1.35882,-0.860215
2.60039,-1.37215,-0.85846
2.58012,-1.38176,-0.854364
2.59008,-1.40761,-0.8608
2.58642,-1.42625,-0.862555
2.57928,-1.44303,-0.86314
2.5762,-1.46213,-0.865188
2.57133,-1.4803,-0.866651
2.56467,-1.49749,-0.867528
2.54227,-1.50541,-0.862848
2.53545,-1.52245,-0.863725
2.52034,-1.5345,-0.861678
2.52308,-1.55747,-0.866066
2.4997,-1.5643,-0.861093
2.49974,-1.58575,-0.864603
2.49238,-1.60261,-0.865481
2.47529,-1.61318,-0.862848
2.46774,-1.62992,-0.863725
2.45848,-1.64556,-0.864018
2.44676,-1.65954,-0.863433
2.43653,-1.67452,-0.863433
2.43092,-1.69272,-0.865188
2.4158,-1.7043,-0.863433
2.40607,-1.71964,-0.863725
2.3978,-1.73606,-0.864603
2.3817,-1.74678,-0.862555
2.37248,-1.7625,-0.86314
2.35245,-1.77012,-0.85963
2.33622,-1.78046,-0.857582
2.33055,-1.79886,-0.85963
2.32549,-1.81783,-0.86197
2.31804,-1.83504,-0.863433
2.31196,-1.85341,-0.865481
2.305,-1.87118,-0.867236
2.28683,-1.87982,-0.864603
2.26643,-1.88648,-0.861093
2.2614,-1.9059,-0.863725
2.24311,-1.91415,-0.861093
2.23133,-1.92788,-0.861093
2.22377,-1.94531,-0.862848
2.20965,-1.95702,-0.86197
2.20329,-1.97564,-0.864311
2.18476,-1.98334,-0.861678
2.17325,-1.99736,-0.86197
2.16655,-2.01586,-0.864311
2.14162,-2.01732,-0.859045
2.14165,-2.0423,-0.864311
2.12564,-2.05208,-0.862848
2.11643,-2.06843,-0.864311
2.10438,-2.08205,-0.864603
2.08886,-2.09221,-0.863433
2.06256,-2.09137,-0.857582
2.0697,-2.12454,-0.866358
2.06856,-2.1496,-0.871624
2.05731,-2.16434,-0.872502
2.04333,-2.17622,-0.872209
2.01889,-2.1768,-0.867236
1.99904,-2.18209,-0.864311
1.98817,-2.19715,-0.865481
1.9651,-2.19861,-0.861093
1.96043,-2.22067,-0.865188
1.93986,-2.22473,-0.86197
1.92617,-2.23659,-0.86197
1.91117,-2.24691,-0.861385
1.89858,-2.26006,-0.86197
1.88773,-2.27534,-0.863433
1.8707,-2.28318,-0.86197
1.85846,-2.29685,-0.862848
1.84433,-2.30821,-0.862848
1.83013,-2.31948,-0.862848
1.81763,-2.33293,-0.863725
1.80561,-2.34707,-0.864896
1.78829,-2.3543,-0.863433
1.77094,-2.3614,-0.86197
1.75414,-2.36915,-0.8608
1.73844,-2.37832,-0.860215
1.71654,-2.37887,-0.856412
1.70413,-2.39247,-0.857582
1.68557,-2.3974,-0.855534
1.67028,-2.40691,-0.855242
1.65873,-2.42185,-0.856997
1.64009,-2.42644,-0.854949
1.62252,-2.43248,-0.853487
1.61282,-2.45038,-0.856412
1.60244,-2.46744,-0.859045
1.59036,-2.48206,-0.8608
1.57714,-2.49501,-0.86197
1.56079,-2.50301,-0.861385
1.5439,-2.5101,-0.860508
1.53095,-2.52361,-0.86197
1.51593,-2.53378,-0.862263
1.49841,-2.53974,-0.861093
1.48568,-2.55385,-0.862848
1.46856,-2.56043,-0.86197
1.45564,-2.57438,-0.863725
1.43749,-2.57909,-0.862263
1.41796,-2.58116,-0.859923
1.39754,-2.5814,-0.856997
1.38258,-2.59161,-0.857582
1.36487,-2.59666,-0.856412
1.35331,-2.61348,-0.859337
1.33377,-2.61492,-0.856997
1.32113,-2.62989,-0.859337
1.30879,-2.64566,-0.86197
1.29379,-2.65622,-0.862848
1.27912,-2.66756,-0.864018
1.26477,-2.67968,-0.865481
1.24387,-2.67785,-0.862263
1.2298,-2.69065,-0.864018
1.21287,-2.69727,-0.863725
1.19785,-2.70816,-0.864896
1.18312,-2.71985,-0.866358
1.16678,-2.72793,-0.866651
1.15224,-2.74033,-0.868406
1.13614,-2.74912,-0.868991
1.12033,-2.7587,-0.869869
1.10125,-2.76019,-0.868114
1.07941,-2.75443,-0.864018
1.06455,-2.76635,-0.865773
1.04519,-2.76657,-0.863725
1.02753,-2.77114,-0.86314
1.01084,-2.77829,-0.863433
0.993771,-2.78444,-0.863433
0.980772,-2.80222,-0.867236
0.96387,-2.80909,-0.867528
0.952405,-2.83217,-0.873087
0.94458,-2.86703,-0.882448
0.933722,-2.8937,-0.889176
0,0,0
0,0,0
0,0,0
0,0,0
0,0,0
0,0,0
0,0,0
0,0,0
0,0,0
0,0,0
0,0,0
0,0,0
0,0,0
0,0,0
0,0,0
0,0,0
0,0,0
0,0,0
0,0,0
0,0,0
0,0,0
0,0,0
0,0,0
0,0,0
0,0,0
0,0,0
0,0,0
0,0,0
0,0,0
0,0,0
0,0,0
0,0,0
0,0,0
0,0,0
0,0,0
0,0,0
0,0,0
0,0,0
0,0,0
0,0,0
0,0,0
0,0,0
0,0,0
0,0,0
0,0,0
0,0,0
0,0,0
0,0,0
0,0,0
0,0,0
0,0,0
0,0,0
0,0,0
0,0,0
0,0,0
0,0,0
0,0,0
0,0,0
0,0,0
0,0,0
0,0,0
0,0,0
0,0,0
0,0,0
0,0,0
0,0,0
0,0,0
0,0,0
0,0,0
0,0,0
0,0,0
0,0,0
0,0,0
0,0,0
0,0,0
0,0,0
0,0,0
0,0,0
0,0,0
0,0,0
0,0,0
0,0,0
0,0,0
0,0,0
0,0,0
0,0,0
0,0,0
0,0,0
0,0,0
0,0,0
0,0,0
0,0,0
0,0,0
0,0,0
0,0,0
0,0,0
0,0,0
0,0,0
0,0,0
0,0,0
0,0,0
0,0,0
0,0,0
0,0,0
0,0,0
0,0,0
0,0,0
0,0,0
0,0,0
0,0,0
0,0,0
0,0,0
0,0,0
0,0,0
0,0,0
0,0,0
0,0,0
0,0,0
0,0,0
0,0,0
0,0,0
0,0,0
0,0,0
0,0,0
0,0,0
0,0,0
0,0,0
0,0,0
0,0,0
0,0,0
0,0,0
0,0,0
0,0,0
0,0,0
0,0,0
0,0,0
0,0,0
0,0,0
0,0,0
0,0,0
0,0,0
0,0,0
0,0,0
0,0,0
0,0,0
0,0,0
0,0,0
0,0,0
0,0,0
0,0,0
0,0,0
0,0,0
0,0,0
0,0,0
0,0,0
0,0,0
0,0,0
0,0,0
0,0,0
0,0,0
0,0,0
0,0,0
0,0,0
0,0,0
0,0,0
0,0,0
0,0,0
0,0,0
0,0,0
0,0,0
0,0,0
0,0,0
0,0,0
0,0,0
0,0,0
0,0,0
0,0,0
0,0,0
0,0,0
0,0,0
0,0,0
0,0,0
0,0,0
0,0,0
0,0,0
0,0,0
0,0,0
0,0,0
0,0,0
0,0,0
0,0,0
0,0,0
0,0,0
0,0,0
0,0,0
0,0,0
0,0,0
0,0,0
0,0,0
0,0,0
0,0,0
0,0,0
0,0,0
0,0,0
0,0,0
0,0,0
0,0,0
0,0,0
0,0,0
0,0,0
0,0,0
0,0,0
0,0,0
0,0,0
0,0,0
0,0,0
0,0,0
0,0,0
0,0,0
0,0,0
0,0,0
0,0,0
0,0,0
0,0,0
0,0,0
0,0,0
0,0,0
0,0,0
0,0,0
0,0,0
0,0,0
0,0,0
0,0,0
0,0,0
0,0,0
0,0,0
0,0,0
0,0,0
0,0,0
0,0,0
0,0,0
0,0,0
0,0,0
0,0,0
0,0,0
0,0,0
0,0,0
0,0,0
0,0,0
0,0,0
0,0,0
0,0,0
0,0,0
0,0,0
0,0,0
0,0,0
0,0,0
0,0,0
0,0,0
0,0,0
0,0,0
0,0,0
0,0,0
0,0,0
0,0,0
0,0,0
0,0,0
0,0,0
0,0,0
0,0,0
0,0,0
0,0,0
0,0,0
0,0,0
0,0,0
0,0,0
0,0,0
0,0,0
0,0,0
0,0,0
0,0,0
0,0,0
0,0,0
0,0,0
0,0,0
0,0,0
0,0,0
0,0,0
0,0,0
0,0,0
0,0,0
0,0,0
0,0,0
0,0,0
0,0,0
0,0,0
0,0,0
0,0,0
0,0,0
0,0,0
0,0,0
0,0,0
0,0,0
0,0,0
0,0,0
0,0,0
0,0,0
0,0,0
0,0,0
0,0,0
0,0,0
0,0,0
0,0,0
0,0,0
0,0,0
0,0,0
0,0,0
0,0,0
0,0,0
0,0,0
0,0,0
0,0,0
0,0,0
0,0,0
0,0,0
0,0,0
0,0,0
0,0,0
0,0,0
0,0,0
0,0,0
0,0,0
0,0,0
0,0,0
0,0,0
0,0,0
0,0,0
0,0,0
0,0,0
0,0,0
0,0,0
0,0,0
0,0,0
0,0,0
0,0,0
0,0,0
0,0,0
0,0,0
0,0,0
0,0,0
0,0,0
0,0,0
0,0,0
0,0,0
0,0,0
0,0,0
0,0,0
0,0,0
0,0,0
0,0,0
0,0,0
0,0,0
0,0,0
0,0,0
0,0,0
0,0,0
0,0,0
0,0,0
0,0,0
0,0,0
0,0,0
0,0,0
0,0,0
0,0,0
0,0,0
0,0,0
0,0,0
0,0,0
0,0,0
0,0,0
0,0,0
0,0,0
0,0,0
0,0,0
0,0,0
0,0,0
0,0,0
0,0,0
0,0,0
0,0,0
0,0,0
0,0,0
0,0,0
0,0,0
0,0,0
0,0,0
0,0,0
0,0,0
0,0,0
0,0,0
0,0,0
0,0,0
0,0,0
0,0,0
0,0,0
0,0,0
0,0,0
0,0,0
0,0,0
0,0,0
0,0,0
0,0,0
0,0,0
0,0,0
0,0,0
0,0,0
0,0,0
0,0,0
0,0,0
0,0,0
0,0,0
0,0,0
0,0,0
0,0,0
0,0,0
0,0,0
0,0,0
0,0,0
0,0,0
0,0,0
0,0,0
0,0,0
0,0,0
0,0,0
0,0,0
0,0,0
0,0,0
0,0,0
0,0,0
0,0,0
0,0,0
0,0,0
0,0,0
0,0,0
0,0,0
0,0,0
0,0,0
0,0,0
0,0,0
0,0,0
0,0,0
0,0,0
0,0,0
0,0,0
0,0,0
0,0,0
0,0,0
0,0,0
0,0,0
0,0,0
0,0,0
0,0,0
0,0,0
0,0,0
0,0,0
0,0,0
0,0,0
0,0,0
0,0,0
0,0,0
0,0,0
0,0,0
0,0,0
0,0,0
0,0,0
0,0,0
0,0,0
0,0,0
0,0,0
0,0,0
0,0,0
0,0,0
0,0,0
0,0,0
0,0,0
0,0,0
0,0,0
0,0,0
0,0,0
0,0,0
0,0,0
0,0,0
0,0,0
0,0,0
0,0,0
0,0,0
0,0,0
0,0,0
0,0,0
0,0,0
0,0,0
0,0,0
0,0,0
0,0,0
0,0,0
0,0,0
0,0,0
0,0,0
0,0,0
0,0,0
0,0,0
0,0,0
0,0,0
0,0,0
0,0,0
0,0,0
0,0,0
0,0,0
0,0,0
0,0,0
0,0,0
0,0,0
0,0,0
0,0,0
0,0,0
0,0,0
0,0,0
0,0,0
0,0,0
0,0,0
0,0,0
0,0,0
0,0,0
0,0,0
0,0,0
0,0,0
0,0,0
0,0,0
0,0,0
0,0,0
0,0,0
0,0,0
0,0,0
0,0,0
0,0,0
0,0,0
0,0,0
0,0,0
0,0,0
0,0,0
0,0,0
0,0,0
0,0,0
0,0,0
0,0,0
0,0,0
0,0,0
0,0,0
0,0,0
0,0,0
0,0,0
0,0,0
0,0,0
0,0,0
0,0,0
0,0,0
0,0,0
0,0,0
0,0,0
0,0,0
0,0,0
0,0,0
0,0,0
0,0,0
0,0,0
0,0,0
0,0,0
0,0,0
0,0,0
0,0,0
0,0,0
0,0,0
0,0,0
0,0,0
0,0,0
0,0,0
0,0,0
0,0,0
0,0,0
0,0,0
0,0,0
0,0,0
0,0,0
0,0,0
0,0,0
0,0,0
0,0,0
0,0,0
0,0,0
0,0,0
0,0,0
0,0,0
0,0,0
0,0,0
0,0,0
0,0,0
0,0,0
0,0,0
0,0,0
0,0,0
0,0,0
0,0,0
0,0,0
0,0,0
0,0,0
0,0,0
0,0,0
0,0,0
0,0,0
0,0,0
0,0,0
0,0,0
0,0,0
0,0,0
0,0,0
0,0,0
0,0,0
0.864842,2.77534,-0.884297
0.886186,2.7836,-0.888848
0.902072,2.77449,-0.887634
0.927474,2.79422,-0.896128
0.946434,2.7939,-0.897949
0.97413,2.81866,-0.908263
0.990141,2.80904,-0.90705
1.00993,2.81008,-0.909477
1.0265,2.80204,-0.90887
1.04368,2.79569,-0.90887
1.05946,2.78567,-0.907656
1.07412,2.7729,-0.905533
1.08972,2.76271,-0.904319
1.10346,2.74801,-0.901589
1.1293,2.76324,-0.909173
1.1455,2.7545,-0.908567
1.16646,2.75708,-0.911904
1.18599,2.756,-0.914027
1.20136,2.74517,-0.912814
1.21973,2.74123,-0.914027
1.23378,2.72762,-0.911904
1.25009,2.71913,-0.9116
1.26353,2.7045,-0.909173
1.27969,2.69584,-0.90887
1.29745,2.69051,-0.90978
1.31393,2.6825,-0.90978
1.32952,2.67268,-0.909173
1.34675,2.66617,-0.90978
1.36004,2.65192,-0.907656
1.37629,2.64353,-0.907656
1.3916,2.63335,-0.90705
1.40683,2.62308,-0.906443
1.42426,2.61691,-0.907353
1.44121,2.60979,-0.90796
1.45953,2.60506,-0.909477
1.48019,2.60434,-0.91251
1.49757,2.59768,-0.91342
1.52069,2.60079,-0.917971
1.52739,2.57583,-0.912207
1.53924,2.55988,-0.90978
1.55839,2.55608,-0.911904
1.56903,2.53836,-0.90887
1.58407,2.52788,-0.908567
1.6016,2.52133,-0.90978
1.61858,2.51386,-0.91069
1.64179,2.51585,-0.915241
1.65562,2.50335,-0.914331
1.67041,2.49235,-0.914027
1.68193,2.47653,-0.911904
1.69332,2.46067,-0.90978
1.70838,2.45024,-0.90978
1.71569,2.42881,-0.905533
1.72835,2.41513,-0.904319
1.74481,2.4068,-0.905229
1.76123,2.39835,-0.90614
1.78046,2.39362,-0.908567
1.7934,2.38037,-0.907656
1.8045,2.36477,-0.905836
1.8184,2.3529,-0.905533
1.83397,2.3432,-0.90614
1.84832,2.3319,-0.90614
1.8614,2.31903,-0.905533
1.87379,2.30535,-0.904623
0,0,0
1.90499,2.28584,-0.90614
1.91652,2.27119,-0.904926
1.9298,2.25867,-0.904623
1.94113,2.2439,-0.903409
1.95486,2.23195,-0.903409
1.966,2.21706,-0.902196
1.97765,2.20282,-0.901286
1.99113,2.19065,-0.901286
2.00518,2.17909,-0.901589
2.01332,2.16117,-0.899162
2.02654,2.14877,-0.899162
2.03114,2.12733,-0.895218
2.04746,2.11826,-0.896735
2.06175,2.10702,-0.897342
2.07196,2.09162,-0.896128
2.08476,2.07887,-0.896128
2.09747,2.06604,-0.896128
2.10533,2.04847,-0.894005
2.11855,2.03618,-0.894308
2.12962,2.02183,-0.893701
2.14129,2.00807,-0.893398
2.15078,1.9923,-0.892185
2.15804,1.97456,-0.890061
2.17436,1.96512,-0.891881
2.18566,1.95111,-0.891578
2.19974,1.93955,-0.892488
2.21734,1.93102,-0.894915
2.22337,1.91241,-0.892488
2.23724,1.90058,-0.893398
2.24813,1.88621,-0.893095
2.2538,1.86751,-0.890668
2.26521,1.85365,-0.890668
2.27506,1.83851,-0.890061
2.28481,1.82333,-0.889454
2.29745,1.81046,-0.890061
2.30626,1.79457,-0.889151
2.31723,1.78039,-0.889151
2.33267,1.76959,-0.890971
2.34958,1.75982,-0.893398
2.36186,1.7465,-0.894005
2.38177,1.73872,-0.897645
2.39471,1.72575,-0.898555
2.41535,1.7182,-0.902499
2.42351,1.70171,-0.901589
2.42842,1.683,-0.899466
2.43477,1.66538,-0.897949
2.44257,1.64881,-0.897039
2.44392,1.62798,-0.893701
2.45307,1.61243,-0.893398
2.45812,1.59423,-0.891578
2.46866,1.57963,-0.891881
2.48636,1.56955,-0.894915
2.48786,1.54922,-0.891881
2.49164,1.53043,-0.889758
2.50342,1.5166,-0.890668
2.50941,1.49925,-0.889454
2.52267,1.48625,-0.890971
2.53092,1.47026,-0.890668
2.53989,1.4547,-0.890668
2.55043,1.44003,-0.891275
2.55588,1.4225,-0.890061
2.56039,1.4045,-0.888544
2.56561,1.38695,-0.887331
2.56986,1.36894,-0.885814
2.57737,1.3527,-0.885511
2.58816,1.33817,-0.886421
2.59717,1.3227,-0.886724
2.6095,1.30888,-0.888241
2.60638,1.28735,-0.884297
2.62194,1.27509,-0.887027
2.6237,1.25609,-0.884904
2.63825,1.24322,-0.887331
2.63459,1.22179,-0.883387
2.64464,1.20679,-0.884297
2.66068,1.19445,-0.887331
2.66535,1.17695,-0.886421
2.6699,1.15943,-0.885511
2.67433,1.1419,-0.8846
2.67865,1.12436,-0.88369
2.68022,1.10572,-0.88187
2.67371,1.08388,-0.87732
2.6688,1.06287,-0.873376
2.7081,1.05933,-0.8846
2.72256,1.04577,-0.887331
2.71198,1.02265,-0.881567
2.73161,1.01096,-0.886117
2.74582,0.997109,-0.888848
2.75009,0.979602,-0.888241
2.75785,0.963338,-0.888848
2.76191,0.94578,-0.888241
2.7794,0.932762,-0.892185
2.78055,0.9142,-0.890668
2.78429,0.896537,-0.890061
2.77611,0.875133,-0.885511
2.7796,0.857521,-0.884904
2.77934,0.838795,-0.883084
2.78352,0.821455,-0.88278
2.78119,0.802245,-0.880353
2.78789,0.785682,-0.88096
2.79082,0.768055,-0.880353
2.79272,0.750174,-0.879443
2.80465,0.734959,-0.88187
2.80356,0.716319,-0.88005
2.80791,0.699103,-0.88005
2.80659,0.680511,-0.87823
2.80793,0.66262,-0.87732
2.81194,0.645379,-0.87732
2.81585,0.628113,-0.87732
1.12302,0.242574,-0.324583
1.12635,0.236072,-0.32519
1.12217,0.228012,-0.32337
1.10953,0.218348,-0.318819
1.11085,0.211536,-0.318819
1.11962,0.206104,-0.321246
1.10492,0.196379,-0.316089
1.11174,0.190567,-0.317909
1.11007,0.183274,-0.316999
1.10741,0.175857,-0.315786
1.11506,0.170072,-0.317909
1.10383,0.161421,-0.313965
1.12744,0.157839,-0.321246
1.118,0.149518,-0.317909
1.11512,0.14217,-0.316696
1.12353,0.13625,-0.319123
1.13192,0.130233,-0.32155
1.14122,0.124221,-0.32428
1.1467,0.117708,-0.325797
1.13223,0.109191,-0.320943
1.13762,0.102674,-0.32246
1.13728,0.0956114,-0.322156
1.1521,0.0897557,-0.326707
1.13742,0.0815789,-0.321853
1.12459,0.0737122,-0.317606
1.12692,0.0669254,-0.318213
1.12255,0.0597514,-0.316696
1.12575,0.0529997,-0.317606
1.12606,0.0460913,-0.317606
1.12918,0.0392833,-0.318516
1.13225,0.0324388,-0.319426
1.13434,0.0255357,-0.320033
1.14495,0.0187572,-0.32337
1.13647,0.0116351,-0.32064
1.147,0.00471524,-0.323977
1.14224,-0.00231783,-0.32246
1.12982,-0.00923776,-0.318516
1.1307,-0.0161827,-0.318819
1.13058,-0.0231202,-0.318819
1.13041,-0.0300569,-0.318819
1.13211,-0.0370528,-0.319426
1.13186,-0.0439986,-0.319426
1.12967,-0.050859,-0.318819
1.13409,-0.0580282,-0.320336
1.14323,-0.0655214,-0.32337
1.15422,-0.0732478,-0.32701
1.16325,-0.080981,-0.330044
1.16463,-0.0882592,-0.330651
1.15077,-0.094327,-0.326403
1.15587,-0.101883,-0.328224
1.13245,-0.106848,-0.320943
1.14126,-0.114738,-0.323977
1.114,-0.118933,-0.315482
1.10567,-0.124918,-0.313055
1.10583,-0.131812,-0.313359
1.12202,-0.140712,-0.318819
1.0824,-0.142534,-0.306381
1.10039,-0.151757,-0.312449
1.10698,-0.159586,-0.314876
1.09467,-0.164686,-0.311235
1.11435,-0.174624,-0.317909
1.13207,-0.184505,-0.323977
1.15629,-0.195716,-0.332168
1.14287,-0.200677,-0.328224
1.13786,-0.207008,-0.32701
1.1347,-0.213635,-0.326403
0,0,0
1.09742,-0.22063,-0.315179
0,0,0
2.80207,-0.597378,-0.870949
2.80394,-0.615784,-0.872769
2.79732,-0.632348,-0.871859
2.79617,-0.650146,-0.872769
2.78564,-0.665743,-0.870646
2.78613,-0.683957,-0.872162
2.78003,-0.700574,-0.871556
2.76645,-0.715238,-0.868522
2.75741,-0.73098,-0.867005
2.75379,-0.748135,-0.867308
2.74639,-0.764252,-0.866398
2.75082,-0.783697,-0.869432
2.74321,-0.799762,-0.868522
2.73551,-0.815763,-0.867612
2.72863,-0.831977,-0.867005
2.72166,-0.848138,-0.866398
2.71096,-0.86309,-0.864578
2.71467,-0.88265,-0.867612
2.70197,-0.896892,-0.865185
2.70002,-0.914675,-0.866398
2.69977,-0.933091,-0.868219
2.69129,-0.948689,-0.867308
2.68991,-0.966794,-0.868825
2.68392,-0.983281,-0.868825
2.6823,-1.0014,-0.870342
2.67878,-1.01885,-0.871252
2.67337,-1.03561,-0.871556
2.66874,-1.05269,-0.872162
2.66223,-1.06905,-0.872162
2.65209,-1.08392,-0.870949
2.66123,-1.10676,-0.87641
2.63244,-1.11379,-0.868825
2.61243,-1.12428,-0.864275
2.6177,-1.14563,-0.868522
2.60975,-1.16128,-0.868219
2.59911,-1.1757,-0.867005
2.58665,-1.18924,-0.865185
2.58017,-1.2055,-0.865488
2.57186,-1.2209,-0.865185
2.56689,-1.23789,-0.866095
2.56096,-1.25446,-0.866702
2.55663,-1.27185,-0.867915
2.54793,-1.28708,-0.867612
2.53998,-1.30269,-0.867612
2.5311,-1.31781,-0.867308
2.50442,-1.32353,-0.860634
2.5055,-1.34382,-0.863971
2.48967,-1.35507,-0.861241
2.48047,-1.36986,-0.860938
2.482,-1.39064,-0.864578
2.46679,-1.40208,-0.862151
2.46062,-1.41862,-0.863061
2.46009,-1.4385,-0.866095
2.45122,-1.45356,-0.866095
2.43082,-1.46171,-0.861848
2.43401,-1.48403,-0.866398
2.42648,-1.49994,-0.867005
2.41723,-1.5148,-0.867005
2.40789,-1.5296,-0.867005
2.39846,-1.54435,-0.867005
2.39213,-1.56112,-0.868219
2.37933,-1.57366,-0.867005
2.36884,-1.5877,-0.866702
2.35826,-1.60167,-0.866398
2.35153,-1.61827,-0.867612
2.34312,-1.63376,-0.868219
2.32605,-1.64316,-0.865488
2.31282,-1.65519,-0.864275
2.30185,-1.66879,-0.863971
2.29157,-1.68288,-0.863971
2.27355,-1.69122,-0.860938
2.26313,-1.70514,-0.860938
2.25338,-1.71957,-0.861241
2.24656,-1.73628,-0.862758
2.23812,-1.75179,-0.863668
2.22732,-1.76549,-0.863668
2.21868,-1.78092,-0.864578
2.21807,-1.80291,-0.868825
2.20843,-1.81769,-0.869432
2.2009,-1.83426,-0.870949
2.19033,-1.84834,-0.871252
2.17605,-1.85927,-0.870039
2.16532,-1.87321,-0.870342
2.15451,-1.88709,-0.870646
2.14217,-1.89964,-0.870342
2.13331,-1.9153,-0.871556
2.11729,-1.92451,-0.869735
2.10825,-1.94004,-0.870949
2.09282,-1.94969,-0.869432
2.07804,-1.95988,-0.868219
2.07838,-1.98444,-0.873679
2.06548,-1.99649,-0.873376
2.04774,-2.0038,-0.870949
2.03609,-2.017,-0.871252
2.01694,-2.02271,-0.868219
1.99914,-2.02961,-0.865792
1.98532,-2.04048,-0.865185
1.9688,-2.0485,-0.863365
1.95094,-2.05502,-0.860938
1.9383,-2.06695,-0.860938
1.9204,-2.07321,-0.858511
1.90506,-2.08215,-0.857297
1.90184,-2.1044,-0.861848
1.8908,-2.11816,-0.862758
1.88092,-2.13329,-0.864275
1.86967,-2.14695,-0.865185
1.86081,-2.16343,-0.867308
1.8438,-2.17046,-0.865488
1.82922,-2.18027,-0.864882
1.82128,-2.19805,-0.867612
1.80474,-2.2055,-0.866095
1.79118,-2.21653,-0.866095
1.77576,-2.22525,-0.865185
1.75912,-2.23236,-0.863668
1.74715,-2.24537,-0.864578
1.73159,-2.25378,-0.863668
1.71312,-2.25829,-0.861241
1.70038,-2.27028,-0.861848
1.68755,-2.28221,-0.862455
1.67576,-2.2956,-0.863668
1.66499,-2.31047,-0.865488
1.64747,-2.31599,-0.863668
1.63103,-2.32293,-0.862455
1.61458,-2.32977,-0.861241
1.60079,-2.34042,-0.861544
1.58053,-2.34151,-0.858207
1.56561,-2.35037,-0.857904
1.55273,-2.36232,-0.858814
1.5382,-2.3718,-0.858814
1.52876,-2.38922,-0.861848
1.51712,-2.40339,-0.863668
1.50084,-2.41023,-0.862758
1.48552,-2.41858,-0.862455
1.47115,-2.42846,-0.862758
1.4303,-2.3941,-0.846679
1.4393,-2.44305,-0.861544
1.41853,-2.44195,-0.857904
1.40779,-2.45805,-0.860634
1.3969,-2.47411,-0.863365
1.38215,-2.48346,-0.863668
1.36551,-2.48939,-0.862758
1.35157,-2.50024,-0.863668
1.33621,-2.50848,-0.863668
1.32079,-2.51664,-0.863668
1.31014,-2.534,-0.867005
1.28851,-2.53011,-0.862758
1.27553,-2.54308,-0.864578
1.26201,-2.55512,-0.866095
1.24589,-2.56196,-0.865792
1.23221,-2.57386,-0.867308
1.21883,-2.58654,-0.869129
1.20374,-2.5957,-0.869735
1.18858,-2.60477,-0.870342
1.17219,-2.61114,-0.870039
1.1573,-2.6209,-0.870949
1.14233,-2.63057,-0.871859
1.12617,-2.63753,-0.871859
1.10812,-2.64,-0.870342
1.0919,-2.64675,-0.870342
1.07779,-2.6587,-0.872162
1.06146,-2.66526,-0.872162
1.0423,-2.66463,-0.869735
0,0,0
1.01188,-2.68346,-0.871859
0.992418,-2.68157,-0.869129
0,0,0
0.958476,-2.69086,-0.868219
0.93943,-2.68949,-0.865792
0,0,0
0,0,0
0,0,0
0,0,0
0,0,0
0,0,0
0,0,0
0,0,0
0,0,0
0,0,0
0,0,0
0,0,0
0,0,0
0,0,0
0,0,0
0,0,0
0,0,0
0,0,0
0,0,0
0,0,0
0,0,0
0,0,0
0,0,0
0,0,0
0,0,0
0,0,0
0,0,0
0,0,0
0,0,0
0,0,0
0,0,0
0,0,0
0,0,0
0,0,0
0,0,0
0,0,0
0,0,0
0,0,0
0,0,0
0,0,0
0,0,0
0,0,0
0,0,0
0,0,0
0,0,0
0,0,0
0,0,0
0,0,0
0,0,0
0,0,0
0,0,0
0,0,0
0,0,0
0,0,0
0,0,0
0,0,0
0,0,0
0,0,0
0,0,0
0,0,0
0,0,0
0,0,0
0,0,0
0,0,0
0,0,0
0,0,0
0,0,0
0,0,0
0,0,0
0,0,0
0,0,0
0,0,0
0,0,0
0,0,0
0,0,0
0,0,0
0,0,0
0,0,0
0,0,0
0,0,0
0,0,0
0,0,0
0,0,0
0,0,0
0,0,0
0,0,0
0,0,0
0,0,0
0,0,0
0,0,0
0,0,0
0,0,0
0,0,0
0,0,0
0,0,0
0,0,0
0,0,0
0,0,0
0,0,0
0,0,0
0,0,0
0,0,0
0,0,0
0,0,0
0,0,0
0,0,0
0,0,0
0,0,0
0,0,0
0,0,0
0,0,0
0,0,0
0,0,0
0,0,0
0,0,0
0,0,0
0,0,0
0,0,0
0,0,0
0,0,0
0,0,0
0,0,0
0,0,0
0,0,0
0,0,0
0,0,0
0,0,0
0,0,0
0,0,0
0,0,0
0,0,0
0,0,0
0,0,0
0,0,0
0,0,0
0,0,0
0,0,0
0,0,0
0,0,0
0,0,0
0,0,0
0,0,0
0,0,0
0,0,0
0,0,0
0,0,0
0,0,0
0,0,0
0,0,0
0,0,0
0,0,0
0,0,0
0,0,0
0,0,0
0,0,0
0,0,0
0,0,0
0,0,0
0,0,0
0,0,0
0,0,0
0,0,0
0,0,0
0,0,0
0,0,0
0,0,0
0,0,0
0,0,0
0,0,0
0,0,0
0,0,0
0,0,0
0,0,0
0,0,0
0,0,0
0,0,0
0,0,0
0,0,0
0,0,0
0,0,0
0,0,0
0,0,0
0,0,0
0,0,0
0,0,0
0,0,0
0,0,0
0,0,0
0,0,0
0,0,0
0,0,0
0,0,0
0,0,0
0,0,0
0,0,0
0,0,0
0,0,0
0,0,0
0,0,0
0,0,0
0,0,0
0,0,0
0,0,0
0,0,0
0,0,0
0,0,0
0,0,0
0,0,0
0,0,0
0,0,0
0,0,0
0,0,0
0,0,0
0,0,0
0,0,0
0,0,0
0,0,0
0,0,0
0,0,0
0,0,0
0,0,0
0,0,0
0,0,0
0,0,0
0,0,0
0,0,0
0,0,0
0,0,0
0,0,0
0,0,0
0,0,0
0,0,0
0,0,0
0,0,0
0,0,0
0,0,0
0,0,0
0,0,0
0,0,0
0,0,0
0,0,0
0,0,0
0,0,0
0,0,0
0,0,0
0,0,0
0,0,0
0,0,0
0,0,0
0,0,0
0,0,0
0,0,0
0,0,0
0,0,0
0,0,0
0,0,0
0,0,0
0,0,0
0,0,0
0,0,0
0,0,0
0,0,0
0,0,0
0,0,0
0,0,0
0,0,0
0,0,0
0,0,0
0,0,0
0,0,0
0,0,0
0,0,0
0,0,0
0,0,0
0,0,0
0,0,0
0,0,0
0,0,0
0,0,0
0,0,0
0,0,0
0,0,0
0,0,0
0,0,0
0,0,0
0,0,0
0,0,0
0,0,0
0,0,0
0,0,0
0,0,0
0,0,0
0,0,0
0,0,0
0,0,0
0,0,0
0,0,0
0,0,0
0,0,0
0,0,0
0,0,0
0,0,0
0,0,0
0,0,0
0,0,0
0,0,0
0,0,0
0,0,0
0,0,0
0,0,0
0,0,0
0,0,0
0,0,0
0,0,0
0,0,0
0,0,0
0,0,0
0,0,0
0,0,0
0,0,0
0,0,0
0,0,0
0,0,0
0,0,0
0,0,0
0,0,0
0,0,0
0,0,0
0,0,0
0,0,0
0,0,0
0,0,0
0,0,0
0,0,0
0,0,0
0,0,0
0,0,0
0,0,0
0,0,0
0,0,0
0,0,0
0,0,0
0,0,0
0,0,0
0,0,0
0,0,0
0,0,0
0,0,0
0,0,0
0,0,0
0,0,0
0,0,0
0,0,0
0,0,0
0,0,0
0,0,0
0,0,0
0,0,0
0,0,0
0,0,0
0,0,0
0,0,0
0,0,0
0,0,0
0,0,0
0,0,0
0,0,0
0,0,0
0,0,0
0,0,0
0,0,0
0,0,0
0,0,0
0,0,0
0,0,0
0,0,0
0,0,0
0,0,0
0,0,0
0,0,0
0,0,0
0,0,0
0,0,0
0,0,0
0,0,0
0,0,0
0,0,0
0,0,0
0,0,0
0,0,0
0,0,0
0,0,0
0,0,0
0,0,0
0,0,0
0,0,0
0,0,0
0,0,0
0,0,0
0,0,0
0,0,0
0,0,0
0,0,0
0,0,0
0,0,0
0,0,0
0,0,0
0,0,0
0,0,0
0,0,0
0,0,0
0,0,0
0,0,0
0,0,0
0,0,0
0,0,0
0,0,0
0,0,0
0,0,0
0,0,0
0,0,0
0,0,0
0,0,0
0,0,0
0,0,0
0,0,0
0,0,0
0,0,0
0,0,0
0,0,0
0,0,0
0,0,0
0,0,0
0,0,0
0,0,0
0,0,0
0,0,0
0,0,0
0,0,0
0,0,0
0,0,0
0,0,0
0,0,0
0,0,0
0,0,0
0,0,0
0,0,0
0,0,0
0,0,0
0,0,0
0,0,0
0,0,0
0,0,0
0,0,0
0,0,0
0,0,0
0,0,0
0,0,0
0,0,0
0,0,0
0,0,0
0,0,0
0,0,0
0,0,0
0,0,0
0,0,0
0,0,0
0,0,0
0,0,0
0,0,0
0,0,0
0,0,0
0,0,0
0,0,0
0,0,0
0,0,0
0,0,0
0,0,0
0,0,0
0,0,0
0,0,0
0,0,0
0,0,0
0,0,0
0,0,0
0,0,0
0,0,0
0,0,0
0,0,0
0,0,0
0,0,0
0,0,0
0,0,0
0,0,0
0,0,0
0,0,0
0,0,0
0,0,0
0,0,0
0,0,0
0,0,0
0,0,0
0,0,0
0,0,0
0,0,0
0,0,0
0,0,0
0,0,0
0,0,0
0,0,0
0,0,0
0,0,0
0,0,0
0,0,0
0,0,0
0,0,0
0,0,0
0,0,0
0,0,0
0,0,0
0,0,0
0,0,0
0,0,0
0,0,0
0,0,0
0,0,0
0,0,0
0,0,0
0,0,0
0,0,0
0,0,0
0,0,0
0,0,0
0,0,0
0,0,0
0,0,0
0,0,0
0,0,0
0,0,0
0,0,0
0,0,0
0,0,0
0,0,0
0,0,0
0,0,0
0,0,0
0,0,0
0,0,0
0,0,0
0,0,0
0,0,0
0,0,0
0,0,0
0,0,0
0,0,0
0,0,0
0,0,0
0,0,0
0,0,0
0,0,0
0,0,0
0,0,0
0,0,0
0,0,0
0,0,0
0,0,0
0,0,0
0,0,0
0,0,0
0,0,0
0,0,0
0,0,0
0,0,0
0,0,0
0,0,0
0,0,0
0,0,0
0,0,0
0,0,0
0,0,0
0,0,0
0,0,0
0,0,0
0,0,0
0,0,0
0,0,0
0,0,0
0,0,0
0,0,0
0,0,0
0,0,0
0,0,0
0,0,0
0,0,0
0,0,0
0,0,0
0,0,0
0,0,0
0,0,0
0,0,0
0,0,0
0,0,0
0,0,0
0,0,0
0.937097,2.71384,-0.907558
0.948683,2.69371,-0.902537
0.969367,2.69945,-0.906616
0.990809,2.70683,-0.911324
1.00275,2.68824,-0.90693
1.02091,2.68648,-0.908499
1.03772,2.68105,-0.908813
1.05485,2.6764,-0.909441
1.07267,2.6734,-0.910696
1.09372,2.67819,-0.914776
1.11159,2.67494,-0.916031
1.13131,2.67594,-0.918856
1.14808,2.66982,-0.919169
1.1633,2.66011,-0.918228
1.17922,2.65206,-0.917914
1.19116,2.63525,-0.914462
1.20612,2.62531,-0.913521
1.2198,2.6127,-0.911638
1.23092,2.59487,-0.907872
1.24806,2.58983,-0.908813
1.26392,2.58213,-0.908813
1.27847,2.57177,-0.907872
1.29423,2.56388,-0.907872
1.31167,2.55927,-0.909127
1.32823,2.55286,-0.909755
1.34741,2.55138,-0.912265
1.3608,2.53888,-0.910696
1.37907,2.53548,-0.912579
1.39369,2.52531,-0.911951
1.40452,2.50843,-0.908813
1.42129,2.50224,-0.909755
1.43519,2.491,-0.908813
1.44614,2.47477,-0.905989
1.46517,2.47239,-0.908499
1.47542,2.45521,-0.905361
1.49441,2.4526,-0.907872
1.50843,2.44177,-0.907244
1.52591,2.43649,-0.908813
1.54185,2.42868,-0.909441
1.55878,2.42237,-0.910696
1.57517,2.41515,-0.911638
1.58681,2.40068,-0.909755
1.59676,2.3838,-0.90693
1.60762,2.36846,-0.904733
1.61782,2.3523,-0.902223
1.62951,2.33843,-0.900654
1.64492,2.32994,-0.901281
1.65974,2.32057,-0.901595
1.67673,2.31419,-0.903164
1.69427,2.30845,-0.905047
1.71293,2.30411,-0.907558
1.72704,2.29355,-0.907558
1.74108,2.28291,-0.907558
1.75389,2.27068,-0.90693
1.7637,2.25465,-0.904733
1.77632,2.24229,-0.904106
1.7847,2.22469,-0.901281
1.79412,2.20854,-0.899085
1.80885,2.19895,-0.899712
1.82413,2.19,-0.900654
1.84059,2.1824,-0.902223
1.85703,2.17467,-0.903792
1.8722,2.16539,-0.904733
1.88608,2.15458,-0.905047
1.89864,2.14225,-0.904733
1.90921,2.12773,-0.903478
1.91712,2.11036,-0.900968
1.92296,2.09087,-0.897515
1.93575,2.07903,-0.897515
1.94652,2.06504,-0.896574
1.96112,2.05512,-0.897515
1.97963,2.04919,-0.90034
1.98951,2.03429,-0.899085
2.00797,2.02812,-0.901909
2.02105,2.01643,-0.902223
2.03068,2.00133,-0.900968
2.0436,1.98949,-0.901281
2.05577,1.97691,-0.901281
2.0658,1.9623,-0.90034
2.07295,1.94504,-0.898143
2.07997,1.92777,-0.895946
2.09316,1.91625,-0.896574
2.09643,1.89573,-0.892808
2.11652,1.89042,-0.896574
2.13021,1.87928,-0.897515
2.14242,1.8668,-0.897829
2.15527,1.85486,-0.898457
2.16806,1.84283,-0.899085
2.17787,1.82827,-0.898457
2.1854,1.81184,-0.896888
2.19794,1.7996,-0.897515
2.20377,1.7819,-0.895319
2.21689,1.77012,-0.89626
2.22771,1.75649,-0.89626
2.23395,1.73929,-0.894377
2.24533,1.72613,-0.894691
2.25437,1.71117,-0.894063
2.26635,1.69844,-0.894691
2.27902,1.6862,-0.895633
2.28318,1.6677,-0.893122
2.30108,1.65921,-0.89626
2.31276,1.64617,-0.896888
2.31971,1.62976,-0.895633
2.33123,1.61658,-0.89626
2.33327,1.59688,-0.893122
2.34066,1.58094,-0.89218
2.35269,1.56813,-0.893122
2.35988,1.5521,-0.89218
2.36379,1.53397,-0.889984
2.37156,1.51842,-0.889356
2.38003,1.50333,-0.889042
2.38437,1.48569,-0.887159
2.39425,1.47152,-0.887473
2.40242,1.45631,-0.887159
2.40398,1.43716,-0.884335
2.41766,1.42528,-0.886218
2.4239,1.40898,-0.885276
2.44238,1.39975,-0.889042
2.45836,1.38894,-0.891867
2.46352,1.37198,-0.890611
2.47522,1.35867,-0.891867
2.49604,1.35023,-0.896574
2.49758,1.33131,-0.894063
2.50906,1.31773,-0.895319
2.5171,1.30231,-0.895319
2.51658,1.28253,-0.89218
2.52101,1.26536,-0.890925
2.52447,1.24777,-0.889356
2.52952,1.23101,-0.888415
2.5336,1.21382,-0.887159
2.53327,1.19461,-0.884335
2.53108,1.17465,-0.880883
2.54342,1.16146,-0.882766
2.55223,1.14661,-0.883393
2.56182,1.13208,-0.884335
2.56698,1.11558,-0.883707
2.56504,1.09608,-0.880569
2.57172,1.08032,-0.880569
2.58093,1.06561,-0.88151
2.59358,1.05225,-0.883707
2.60264,1.03737,-0.884649
2.60276,1.01896,-0.882452
2.61606,1.0057,-0.884962
2.62218,0.989625,-0.884962
2.62909,0.973846,-0.885276
2.63323,0.957048,-0.884649
2.64711,0.943741,-0.887473
2.64926,0.926228,-0.886218
2.654,0.909648,-0.885904
2.65053,0.890324,-0.882766
2.64872,0.87167,-0.880255
2.64318,0.851908,-0.876489
2.64202,0.833675,-0.874292
2.64618,0.817168,-0.873978
2.65932,0.803386,-0.876803
2.66147,0.786247,-0.875861
2.66624,0.769902,-0.875861
2.69011,0.758938,-0.882452
2.69746,0.743174,-0.883393
2.71205,0.72932,-0.886845
2.70546,0.709775,-0.883079
2.71436,0.694337,-0.884649
2.72686,0.679735,-0.887473
2.73006,0.662767,-0.887159
2.735,0.646221,-0.887473
2.74354,0.63049,-0.889042
1.07563,0.240505,-0.322899
1.10028,0.23893,-0.330744
1.11938,0.235887,-0.336707
1.11244,0.227307,-0.333883
1.12499,0.222685,-0.337649
1.12727,0.215957,-0.337962
1.12764,0.208863,-0.337649
0,0,0
1.15257,0.198876,-0.34518
1.15939,0.192733,-0.347063
1.16055,0.185615,-0.347063
1.16448,0.178923,-0.348005
1.16932,0.172326,-0.34926
1.16189,0.163957,-0.346436
1.17228,0.158091,-0.349574
1.1478,0.147633,-0.341101
1.14775,0.140473,-0.340787
1.13916,0.132335,-0.337649
1.14183,0.12555,-0.338276
1.14069,0.118346,-0.337649
1.16124,0.113274,-0.344239
1.15341,0.105372,-0.341414
1.15119,0.0980519,-0.340473
1.10066,0.0869668,-0.323526
1.1381,0.0828882,-0.335766
1.1187,0.0745842,-0.329175
1.10207,0.0666925,-0.323526
1.12427,0.0611064,-0.330744
1.12652,0.0542976,-0.331372
1.13442,0.0477007,-0.333883
1.13469,0.0407392,-0.333883
1.14061,0.0339435,-0.335766
1.13511,0.0268117,-0.333883
1.13525,0.0198463,-0.333883
1.11446,0.0126507,-0.326978
1.12022,0.00583992,-0.328861
1.12403,-0.00103859,-0.330117
1.12115,-0.00791433,-0.329175
1.12583,-0.0148578,-0.330744
1.12382,-0.0217281,-0.330117
1.12556,-0.0286724,-0.330744
1.13201,-0.0357906,-0.332941
1.12702,-0.0425549,-0.331372
1.11915,-0.0491335,-0.328861
1.12073,-0.0560952,-0.329489
1.13079,-0.0635606,-0.332941
1.13606,-0.0708545,-0.334824
1.21991,-0.0836317,-0.362755
1.15215,-0.0860696,-0.340473
1.1516,-0.0931375,-0.340473
1.12452,-0.0978867,-0.331686
1.1239,-0.104785,-0.331686
1.13269,-0.112622,-0.334824
1.13386,-0.11977,-0.335452
1.13594,-0.127042,-0.336393
1.16342,-0.13736,-0.345808
1.19459,-0.148489,-0.356478
1.22473,-0.159882,-0.366834
1.22278,-0.167265,-0.366521
1.23207,-0.176247,-0.369973
1.22909,-0.183522,-0.369345
1.10035,-0.171166,-0.326665
2.74974,-0.445655,-0.879314
1.16932,-0.196647,-0.350515
1.12788,-0.196787,-0.337021
1.11637,-0.201842,-0.333569
1.11978,-0.209563,-0.335138
1.12127,-0.216972,-0.336079
1.15343,-0.230559,-0.347377
1.10178,-0.227257,-0.330431
0,0,0
2.72188,-0.596952,-0.879627
2.74873,-0.620546,-0.889984
2.7125,-0.629878,-0.879
2.68826,-0.641658,-0.872096
2.69811,-0.661534,-0.876803
2.68571,-0.67599,-0.873978
2.676,-0.691031,-0.872096
2.66161,-0.704763,-0.868643
2.66915,-0.724315,-0.872723
2.67197,-0.742714,-0.875234
2.66645,-0.758835,-0.87492
2.64716,-0.770932,-0.869899
2.64238,-0.78716,-0.869899
2.61661,-0.796993,-0.862681
2.61439,-0.81388,-0.863622
2.59035,-0.82386,-0.857032
2.6024,-0.845314,-0.862994
2.57914,-0.855287,-0.856718
2.59273,-0.877491,-0.863308
2.58281,-0.891833,-0.861739
2.59609,-0.91429,-0.86833
2.59312,-0.931165,-0.869271
2.59181,-0.948691,-0.87084
2.5984,-0.969224,-0.875234
2.58353,-0.981775,-0.872096
2.58011,-0.998637,-0.873037
2.57217,-1.01375,-0.872409
2.56766,-1.03022,-0.873037
2.58766,-1.05673,-0.882452
2.5443,-1.05728,-0.869271
2.54039,-1.07398,-0.870213
2.54858,-1.09593,-0.875548
2.51049,-1.09785,-0.86425
2.49156,-1.10783,-0.859856
2.49597,-1.12818,-0.863936
2.49762,-1.14744,-0.867074
2.49054,-1.16274,-0.867074
2.49965,-1.18574,-0.873037
2.50259,-1.206,-0.876803
2.49344,-1.2205,-0.876175
2.48931,-1.23746,-0.877431
2.48421,-1.254,-0.878372
2.47562,-1.26879,-0.878058
2.46611,-1.28307,-0.877431
2.45651,-1.2973,-0.876803
2.45018,-1.31324,-0.877431
2.4404,-1.32734,-0.876803
2.42473,-1.33816,-0.873978
2.41648,-1.35301,-0.873978
2.4007,-1.36359,-0.871154
2.39229,-1.3783,-0.871154
2.38297,-1.39247,-0.87084
2.36539,-1.40174,-0.867388
2.36163,-1.41917,-0.869271
2.35288,-1.43363,-0.869271
2.34323,-1.44754,-0.868957
2.33028,-1.45937,-0.867388
2.31968,-1.47262,-0.86676
2.31938,-1.49248,-0.870213
2.31495,-1.5098,-0.872096
2.30485,-1.52345,-0.871782
2.29625,-1.53809,-0.872096
2.28677,-1.55215,-0.872096
2.27642,-1.56562,-0.871782
2.25976,-1.57467,-0.868957
2.24385,-1.58412,-0.866447
2.231,-1.59565,-0.865191
2.22885,-1.61488,-0.86833
2.2189,-1.62853,-0.86833
2.20963,-1.64268,-0.868643
2.20634,-1.66135,-0.871468
2.19761,-1.67601,-0.872096
2.18804,-1.69004,-0.872409
2.17912,-1.7046,-0.873037
2.16416,-1.7144,-0.871154
2.15137,-1.72587,-0.870213
2.14074,-1.73904,-0.870213
2.13223,-1.75395,-0.871154
2.1207,-1.76639,-0.87084
2.11345,-1.78243,-0.872409
2.10392,-1.7966,-0.873037
2.09214,-1.80885,-0.872723
2.08386,-1.82416,-0.873978
2.06978,-1.83439,-0.872723
2.05213,-1.84135,-0.869899
2.03939,-1.85263,-0.869271
2.03217,-1.86896,-0.871154
2.02067,-1.8814,-0.871154
2.01254,-1.89702,-0.872723
1.99949,-1.90802,-0.872096
1.98774,-1.92025,-0.872096
1.97389,-1.93042,-0.871154
1.96605,-1.9465,-0.873037
1.94871,-1.95315,-0.870526
1.93602,-1.9644,-0.870213
1.92194,-1.9742,-0.869271
1.90387,-1.97979,-0.866447
1.88253,-1.9818,-0.862053
1.87813,-2.00162,-0.865819
1.86388,-2.01102,-0.864877
1.85279,-2.02382,-0.865505
1.83843,-2.03304,-0.864564
1.82592,-2.04428,-0.864564
1.81145,-2.05331,-0.863622
1.79383,-2.05866,-0.861112
1.78055,-2.0689,-0.860798
1.76966,-2.08196,-0.861739
1.75686,-2.09278,-0.861739
1.74762,-2.10791,-0.863622
1.74367,-2.12961,-0.86833
1.72699,-2.13584,-0.866447
1.71681,-2.15011,-0.868016
1.69889,-2.15463,-0.865505
1.68622,-2.16577,-0.865819
1.67521,-2.17908,-0.867074
1.65377,-2.17873,-0.862681
1.63924,-2.18732,-0.862053
1.62635,-2.1981,-0.862367
1.60835,-2.2019,-0.859856
1.59981,-2.21866,-0.862681
1.58947,-2.23308,-0.864564
1.57628,-2.24357,-0.864877
1.56303,-2.25398,-0.865191
1.5497,-2.26431,-0.865505
1.53419,-2.27141,-0.864564
1.51601,-2.27446,-0.862053
1.50307,-2.28531,-0.862681
1.48902,-2.29449,-0.862681
1.47593,-2.30518,-0.863308
1.46632,-2.32142,-0.866133
1.45406,-2.3336,-0.867388
1.44071,-2.34409,-0.868016
1.42974,-2.35857,-0.870213
1.41622,-2.36893,-0.87084
1.40165,-2.37758,-0.87084
1.38656,-2.38531,-0.870526
1.36718,-2.38554,-0.867388
1.34832,-2.38644,-0.864564
1.33411,-2.3955,-0.864877
1.31619,-2.39781,-0.862681
1.30055,-2.40417,-0.862053
1.28666,-2.41378,-0.862681
1.2705,-2.41911,-0.861739
1.25825,-2.43192,-0.863622
1.24374,-2.44044,-0.863936
1.22832,-2.44718,-0.863622
1.21454,-2.45722,-0.864564
1.19944,-2.46463,-0.864564
1.18799,-2.47965,-0.867388
1.17275,-2.48689,-0.867388
1.15627,-2.49146,-0.866447
1.14096,-2.4985,-0.866447
1.12561,-2.50546,-0.866447
1.10945,-2.51058,-0.865819
1.09251,-2.51386,-0.864564
1.07594,-2.51789,-0.863622
1.05974,-2.5227,-0.862994
1.04496,-2.53091,-0.863622
1.0337,-2.54783,-0.867388
1.0191,-2.55677,-0.86833
1.00374,-2.56386,-0.868643
0.993435,-2.58415,-0.873665
0.978231,-2.59197,-0.874292
0.963297,-2.6006,-0.875234
0.951212,-2.61717,-0.879
0.931311,-2.61222,-0.875234
0.914012,-2.6143,-0.873978
0.898877,-2.62256,-0.87492
0.875516,-2.60642,-0.867388
0,0,0
0,0,0
0,0,0
0,0,0
0,0,0
0,0,0
0,0,0
0,0,0
0,0,0
0,0,0
0,0,0
0,0,0
0,0,0
0,0,0
0,0,0
0,0,0
0,0,0
0,0,0
0,0,0
0,0,0
0,0,0
0,0,0
0,0,0
0,0,0
0,0,0
0,0,0
0,0,0
0,0,0
0,0,0
0,0,0
0,0,0
0,0,0
0,0,0
0,0,0
0,0,0
0,0,0
0,0,0
0,0,0
0,0,0
0,0,0
0,0,0
0,0,0
0,0,0
0,0,0
0,0,0
0,0,0
0,0,0
0,0,0
0,0,0
0,0,0
0,0,0
0,0,0
0,0,0
0,0,0
0,0,0
0,0,0
0,0,0
0,0,0
0,0,0
0,0,0
0,0,0
0,0,0
0,0,0
0,0,0
0,0,0
0,0,0
0,0,0
0,0,0
0,0,0
0,0,0
0,0,0
0,0,0
0,0,0
0,0,0
0,0,0
0,0,0
0,0,0
0,0,0
0,0,0
0,0,0
0,0,0
0,0,0
0,0,0
0,0,0
0,0,0
0,0,0
0,0,0
0,0,0
0,0,0
0,0,0
0,0,0
0,0,0
0,0,0
0,0,0
0,0,0
0,0,0
0,0,0
0,0,0
0,0,0
0,0,0
0,0,0
0,0,0
0,0,0
0,0,0
0,0,0
0,0,0
0,0,0
0,0,0
0,0,0
0,0,0
0,0,0
0,0,0
0,0,0
0,0,0
0,0,0
0,0,0
0,0,0
0,0,0
0,0,0
0,0,0
0,0,0
0,0,0
0,0,0
0,0,0
0,0,0
0,0,0
0,0,0
0,0,0
0,0,0
0,0,0
0,0,0
0,0,0
0,0,0
0,0,0
0,0,0
0,0,0
0,0,0
0,0,0
0,0,0
0,0,0
0,0,0
0,0,0
0,0,0
0,0,0
0,0,0
0,0,0
0,0,0
0,0,0
0,0,0
0,0,0
0,0,0
0,0,0
0,0,0
0,0,0
0,0,0
0,0,0
0,0,0
0,0,0
0,0,0
0,0,0
0,0,0
0,0,0
0,0,0
0,0,0
0,0,0
0,0,0
0,0,0
0,0,0
0,0,0
0,0,0
0,0,0
0,0,0
0,0,0
0,0,0
0,0,0
0,0,0
0,0,0
0,0,0
0,0,0
0,0,0
0,0,0
0,0,0
0,0,0
0,0,0
0,0,0
0,0,0
0,0,0
0,0,0
0,0,0
0,0,0
0,0,0
0,0,0
0,0,0
0,0,0
0,0,0
0,0,0
0,0,0
0,0,0
0,0,0
0,0,0
0,0,0
0,0,0
0,0,0
0,0,0
0,0,0
0,0,0
0,0,0
0,0,0
0,0,0
0,0,0
0,0,0
0,0,0
0,0,0
0,0,0
0,0,0
0,0,0
0,0,0
0,0,0
0,0,0
0,0,0
0,0,0
0,0,0
0,0,0
0,0,0
0,0,0
0,0,0
0,0,0
0,0,0
0,0,0
0,0,0
0,0,0
0,0,0
0,0,0
0,0,0
0,0,0
0,0,0
0,0,0
0,0,0
0,0,0
0,0,0
0,0,0
0,0,0
0,0,0
0,0,0
0,0,0
0,0,0
0,0,0
0,0,0
0,0,0
0,0,0
0,0,0
0,0,0
0,0,0
0,0,0
0,0,0
0,0,0
0,0,0
0,0,0
0,0,0
0,0,0
0,0,0
0,0,0
0,0,0
0,0,0
0,0,0
0,0,0
0,0,0
0,0,0
0,0,0
0,0,0
0,0,0
0,0,0
0,0,0
0,0,0
0,0,0
0,0,0
0,0,0
0,0,0
0,0,0
0,0,0
0,0,0
0,0,0
0,0,0
0,0,0
0,0,0
0,0,0
0,0,0
0,0,0
0,0,0
0,0,0
0,0,0
0,0,0
0,0,0
0,0,0
0,0,0
0,0,0
0,0,0
0,0,0
0,0,0
0,0,0
0,0,0
0,0,0
0,0,0
0,0,0
0,0,0
0,0,0
0,0,0
0,0,0
0,0,0
0,0,0
0,0,0
0,0,0
0,0,0
0,0,0
0,0,0
0,0,0
0,0,0
0,0,0
0,0,0
0,0,0
0,0,0
0,0,0
0,0,0
0,0,0
0,0,0
0,0,0
0,0,0
0,0,0
0,0,0
0,0,0
0,0,0
0,0,0
0,0,0
0,0,0
0,0,0
0,0,0
0,0,0
0,0,0
0,0,0
0,0,0
0,0,0
0,0,0
0,0,0
0,0,0
0,0,0
0,0,0
0,0,0
0,0,0
0,0,0
0,0,0
0,0,0
0,0,0
0,0,0
0,0,0
0,0,0
0,0,0
0,0,0
0,0,0
0,0,0
0,0,0
0,0,0
0,0,0
0,0,0
0,0,0
0,0,0
0,0,0
0,0,0
0,0,0
0,0,0
0,0,0
0,0,0
0,0,0
0,0,0
0,0,0
0,0,0
0,0,0
0,0,0
0,0,0
0,0,0
0,0,0
0,0,0
0,0,0
0,0,0
0,0,0
0,0,0
0,0,0
0,0,0
0,0,0
0,0,0
0,0,0
0,0,0
0,0,0
0,0,0
0,0,0
0,0,0
0,0,0
0,0,0
0,0,0
0,0,0
0,0,0
0,0,0
0,0,0
0,0,0
0,0,0
0,0,0
0,0,0
0,0,0
0,0,0
0,0,0
0,0,0
0,0,0
0,0,0
0,0,0
0,0,0
0,0,0
0,0,0
0,0,0
0,0,0
0,0,0
0,0,0
0,0,0
0,0,0
0,0,0
0,0,0
0,0,0
0,0,0
0,0,0
0,0,0
0,0,0
0,0,0
0,0,0
0,0,0
0,0,0
0,0,0
0,0,0
0,0,0
0,0,0
0,0,0
0,0,0
0,0,0
0,0,0
0,0,0
0,0,0
0,0,0
0,0,0
0,0,0
0,0,0
0,0,0
0,0,0
0,0,0
0,0,0
0,0,0
0,0,0
0,0,0
0,0,0
0,0,0
0,0,0
0,0,0
0,0,0
0,0,0
0,0,0
0,0,0
0,0,0
0,0,0
0,0,0
0,0,0
0,0,0
0,0,0
0,0,0
0,0,0
0,0,0
0,0,0
0,0,0
0,0,0
0,0,0
0,0,0
0,0,0
0,0,0
0,0,0
0,0,0
0,0,0
0,0,0
0,0,0
0,0,0
0,0,0
0,0,0
0,0,0
0,0,0
0,0,0
0,0,0
0,0,0
0,0,0
0,0,0
0,0,0
0,0,0
0,0,0
0,0,0
0,0,0
0,0,0
0,0,0
0,0,0
0,0,0
0,0,0
0,0,0
0,0,0
0,0,0
0,0,0
0,0,0
0,0,0
0,0,0
0,0,0
0,0,0
0,0,0
0,0,0
0,0,0
0,0,0
0,0,0
0,0,0
0,0,0
0,0,0
0,0,0
0,0,0
0,0,0
0,0,0
0,0,0
0,0,0
0,0,0
0,0,0
0,0,0
0,0,0
0,0,0
0,0,0
0,0,0
0,0,0
0,0,0
0,0,0
0,0,0
0,0,0
0,0,0
0,0,0
0,0,0
0,0,0
0,0,0
0,0,0
0,0,0
0,0,0
0,0,0
0,0,0
0,0,0
0,0,0
0,0,0
0,0,0
0,0,0
0,0,0
0,0,0
0,0,0
0,0,0
0,0,0
0,0,0
0,0,0
0,0,0
0,0,0
0,0,0
0,0,0
0,0,0
0,0,0
0,0,0
0,0,0
0,0,0
0,0,0
0,0,0
0,0,0
0,0,0
0,0,0
0,0,0
0,0,0
0,0,0
0,0,0
0,0,0
0,0,0
0,0,0
0,0,0
0,0,0
0,0,0
0,0,0
0,0,0
0,0,0
0,0,0
0,0,0
0,0,0
0,0,0
0,0,0
0,0,0
0,0,0
0,0,0
0,0,0
0,0,0
0,0,0
0,0,0
0,0,0
0,0,0
0,0,0
0,0,0
0,0,0
0,0,0
0,0,0
0,0,0
0,0,0
0,0,0
0,0,0
0,0,0
0,0,0
0,0,0
0,0,0
0,0,0
0,0,0
0,0,0
0,0,0
0,0,0
0,0,0
0,0,0
0,0,0
0,0,0
0,0,0
0,0,0
0,0,0
0,0,0
0,0,0
0,0,0
0,0,0
0.859696,2.70028,-0.930309
0.878293,2.70125,-0.932579
0.886815,2.67157,-0.92382
0.906525,2.67594,-0.927389
0.91552,2.64886,-0.919603
0.928615,2.63427,-0.916359
0.946359,2.63298,-0.917981
0.962822,2.62801,-0.918305
0.981573,2.62914,-0.920901
0.993991,2.61334,-0.917332
1.01615,2.62307,-0.923171
1.02599,2.60095,-0.917332
1.03911,2.58758,-0.914737
1.05354,2.57765,-0.913439
1.07006,2.57289,-0.914088
1.08509,2.56453,-0.913439
1.1023,2.5613,-0.914737
1.11761,2.55362,-0.914412
1.13249,2.54499,-0.913763
1.14926,2.54058,-0.914737
1.16482,2.53348,-0.914737
1.17675,2.51857,-0.911817
1.19177,2.51045,-0.911493
1.20921,2.50735,-0.913115
1.22374,2.49818,-0.912466
1.23778,2.48808,-0.911493
1.2526,2.4796,-0.911168
1.26693,2.47018,-0.910519
1.27682,2.45229,-0.906626
1.29626,2.45278,-0.909871
1.30637,2.4356,-0.906302
1.31271,2.41175,-0.900138
1.33068,2.40945,-0.902409
1.3459,2.40207,-0.902733
1.36388,2.39952,-0.905004
1.37952,2.39275,-0.905653
1.39275,2.38179,-0.90468
1.40734,2.3732,-0.90468
1.42577,2.371,-0.907275
1.44423,2.36867,-0.909871
1.45476,2.35333,-0.907275
1.47118,2.34756,-0.908573
1.49012,2.34568,-0.911493
1.50243,2.33331,-0.910195
1.51569,2.32246,-0.909546
1.53043,2.31391,-0.909871
1.53934,2.29662,-0.906626
1.55499,2.28947,-0.9076
1.5733,2.28613,-0.910195
1.5754,2.25935,-0.903058
1.59524,2.25815,-0.906626
1.60906,2.24832,-0.906626
1.6195,2.2338,-0.90468
1.63597,2.22764,-0.906302
1.64679,2.21376,-0.90468
1.66205,2.20588,-0.905653
1.67326,2.19263,-0.904355
1.68379,2.17858,-0.902733
1.69712,2.16821,-0.902733
1.70922,2.15627,-0.902085
1.71887,2.14132,-0.900138
1.7284,2.12632,-0.898192
1.74141,2.11568,-0.898192
1.75981,2.1115,-0.901111
1.77334,2.10138,-0.901436
1.78682,2.09118,-0.90176
1.80209,2.08304,-0.903058
1.81857,2.07621,-0.905004
1.83253,2.06643,-0.905653
1.84897,2.05937,-0.9076
1.85712,2.04309,-0.905329
1.86129,2.0226,-0.901111
1.87689,2.01461,-0.902733
1.88208,1.99548,-0.899165
1.89625,1.98595,-0.900138
1.91169,1.97768,-0.90176
1.92511,1.96726,-0.902409
1.94113,1.95945,-0.904355
1.95781,1.95218,-0.906626
1.97312,1.94345,-0.908248
1.98568,1.93196,-0.908573
1.98864,1.91122,-0.904355
1.99621,1.89507,-0.902409
2.00366,1.8789,-0.900463
2.01654,1.86786,-0.901111
2.02587,1.85354,-0.900138
2.03159,1.83599,-0.897543
2.04635,1.82664,-0.899165
2.06106,1.81718,-0.900787
2.06932,1.80202,-0.899489
2.07461,1.78435,-0.896894
2.09344,1.77833,-0.900463
2.10576,1.76666,-0.901111
2.11948,1.75612,-0.902409
2.13241,1.74488,-0.903382
2.13498,1.72522,-0.899814
2.14996,1.71563,-0.90176
2.15674,1.69948,-0.900138
2.16115,1.68157,-0.897543
2.16093,1.6602,-0.893001
2.17409,1.6492,-0.894299
2.18114,1.63356,-0.893001
2.19797,1.62521,-0.895921
2.20561,1.61002,-0.894948
2.21775,1.59811,-0.895921
2.22905,1.58557,-0.89657
2.24184,1.57404,-0.897867
2.25145,1.56026,-0.897867
2.25708,1.54374,-0.896245
2.26494,1.5288,-0.895596
2.28136,1.5196,-0.898516
2.28906,1.50453,-0.897867
2.29349,1.48737,-0.895921
2.30496,1.4748,-0.896894
2.30437,1.45456,-0.893001
2.31085,1.4389,-0.892028
2.3148,1.42172,-0.890081
2.3162,1.40307,-0.887162
2.33045,1.39223,-0.889432
2.3308,1.3731,-0.886188
2.33918,1.35878,-0.886188
2.36142,1.3524,-0.891703
2.36803,1.33695,-0.891055
2.38197,1.32562,-0.893325
2.38923,1.31052,-0.893001
2.40222,1.29854,-0.894948
2.40514,1.2811,-0.893001
2.41379,1.26676,-0.893325
2.41647,1.24932,-0.891379
2.42325,1.23404,-0.891055
2.42486,1.21617,-0.888784
2.42804,1.19918,-0.887162
2.4379,1.1855,-0.888135
2.45025,1.17297,-0.890081
2.44371,1.15146,-0.884891
2.45073,1.13644,-0.884891
2.45336,1.11942,-0.883269
2.46277,1.10551,-0.884242
2.47037,1.09076,-0.884566
2.47615,1.0752,-0.884242
2.48183,1.05961,-0.883917
2.49962,1.04913,-0.888135
2.50601,1.03377,-0.888135
2.52019,1.02158,-0.891055
2.52905,1.00715,-0.892028
2.53166,0.99023,-0.89073
2.54122,0.976036,-0.892028
2.5507,0.961761,-0.893325
2.55034,0.943792,-0.891055
2.55253,0.926832,-0.889757
2.55995,0.911788,-0.890406
2.56461,0.895751,-0.890081
2.57274,0.880919,-0.891055
2.57989,0.865719,-0.891703
2.57796,0.847506,-0.889108
2.58312,0.831672,-0.889108
2.59358,0.817515,-0.891055
2.59945,0.801865,-0.891379
2.59436,0.78289,-0.88781
2.58733,0.763471,-0.883593
2.59196,0.747581,-0.883593
2.59832,0.732177,-0.884242
2.59091,0.712953,-0.880025
2.60985,0.700974,-0.885215
2.62691,0.688309,-0.889757
2.6375,0.673819,-0.892028
2.62598,0.653732,-0.886513
2.64281,0.640733,-0.891055
2.64393,0.623852,-0.890081
2.6302,0.60359,-0.883917
0,0,0
1.09182,0.235803,-0.341499
1.10065,0.230659,-0.344095
1.10112,0.223712,-0.34377
1.09876,0.216217,-0.342473
1.12236,0.213741,-0.350258
1.13388,0.208744,-0.353827
0,0,0
1.17924,0.202209,-0.36875
1.19632,0.197605,-0.374265
1.20685,0.191754,-0.377509
1.19866,0.182909,-0.374265
1.18385,0.173208,-0.36875
1.17084,0.163959,-0.363884
1.10058,0.14717,-0.339228
1.01421,0.1292,-0.309058
1.00559,0.121826,-0.305814
0.970614,0.111509,-0.293486
0.977862,0.106274,-0.295757
0.973792,0.0997848,-0.294135
0.97062,0.0934408,-0.292837
0.967407,0.0871396,-0.29154
0.968866,0.0812822,-0.291864
0.972175,0.0755591,-0.292837
0.974507,0.0697297,-0.293486
0.971141,0.0634977,-0.292189
0.976234,0.0578228,-0.293811
0.985071,0.0522929,-0.29673
0.985373,0.0462476,-0.29673
0.981858,0.040042,-0.295433
0.985867,0.0341521,-0.29673
0.980385,0.027934,-0.294784
0.972972,0.02174,-0.292189
0.974033,0.015786,-0.292513
0.970328,0.00976655,-0.291215
0.974154,0.00383188,-0.292513
0.975105,-0.00214645,-0.292837
0.983586,-0.00819051,-0.295757
0.98068,-0.0141878,-0.294784
0.98152,-0.0202232,-0.295108
0.982323,-0.0262695,-0.295433
0.979307,-0.0322065,-0.29446
0.987598,-0.0385369,-0.297379
0.970333,-0.0438474,-0.29154
0.970991,-0.0498478,-0.291864
0.960278,-0.0552198,-0.288296
0.970306,-0.0617596,-0.291864
0.959528,-0.0669997,-0.288296
0.952496,-0.0723922,-0.286025
0.952976,-0.0783115,-0.286349
0.958132,-0.0846502,-0.288296
0.957595,-0.0905276,-0.288296
0.962669,-0.0969636,-0.290242
0.980869,-0.104858,-0.29673
1.02909,-0.116346,-0.3136
1.12229,-0.133757,-0.346041
1.15525,-0.144844,-0.35772
1.18529,-0.155973,-0.368426
1.21242,-0.16709,-0.378158
1.21418,-0.174929,-0.379131
1.21309,-0.182375,-0.379131
1.19325,-0.186905,-0.372643
1.1594,-0.188931,-0.361289
1.18247,-0.200122,-0.369723
1.14209,-0.200541,-0.356098
1.13525,-0.206535,-0.354151
1.13582,-0.213845,-0.3548
1.13356,-0.220631,-0.354476
1.12569,-0.226283,-0.352205
1.13077,-0.234524,-0.354476
0,0,0
1.11856,-0.246358,-0.351232
2.60076,-0.587998,-0.872887
2.6054,-0.60587,-0.875807
2.59059,-0.619211,-0.871914
2.60236,-0.638922,-0.877429
2.59747,-0.654647,-0.877105
2.58975,-0.669627,-0.875807
2.59107,-0.686957,-0.877754
2.58864,-0.703338,-0.878402
2.58063,-0.718195,-0.877105
2.56343,-0.730393,-0.872563
2.55436,-0.744786,-0.870941
2.54612,-0.759365,-0.869643
2.51698,-0.767535,-0.860884
2.51764,-0.784651,-0.862831
2.51458,-0.800657,-0.863479
2.49433,-0.811105,-0.857964
2.49828,-0.829371,-0.861209
2.50211,-0.847716,-0.864453
2.50669,-0.866448,-0.868021
2.50222,-0.882126,-0.868346
2.49943,-0.898422,-0.869319
2.49832,-0.915366,-0.870941
2.48822,-0.929026,-0.869319
2.49043,-0.947299,-0.872239
2.48281,-0.96188,-0.87159
2.49006,-0.982297,-0.876456
2.48486,-0.997909,-0.87678
2.47519,-1.01171,-0.875483
2.47156,-1.02796,-0.876456
2.46172,-1.04164,-0.875158
2.45963,-1.05859,-0.87678
2.45482,-1.07442,-0.877429
1.1862,-0.528515,-0.403787
1.18724,-0.537731,-0.405409
1.18994,-0.547769,-0.40768
1.19341,-0.558261,-0.410275
1.18483,-0.563141,-0.408328
1.18136,-0.5704,-0.408328
1.19313,-0.585122,-0.414168
1.1946,-0.594958,-0.416114
1.19092,-0.602276,-0.416114
1.19562,-0.613886,-0.419358
1.19603,-0.623393,-0.42098
1.19302,-0.631161,-0.421305
1.18662,-0.637129,-0.420332
1.18269,-0.644399,-0.420332
1.16878,-0.64616,-0.416439
1.14828,-0.644079,-0.40995
2.3296,-1.32418,-0.877429
2.30668,-1.32995,-0.87159
2.29031,-1.33931,-0.868346
2.27879,-1.35141,-0.867048
2.27208,-1.36634,-0.867697
2.26931,-1.3837,-0.869968
2.25675,-1.39511,-0.868346
2.24975,-1.40994,-0.868994
2.24425,-1.42574,-0.870292
2.23705,-1.44051,-0.870941
2.22976,-1.45524,-0.87159
2.21447,-1.46472,-0.868994
2.2023,-1.47618,-0.867697
2.19398,-1.49019,-0.868021
2.18324,-1.50256,-0.867372
2.17476,-1.51647,-0.867697
2.16541,-1.52978,-0.867697
2.15829,-1.54469,-0.86867
2.1549,-1.56234,-0.871265
2.14451,-1.57498,-0.870941
2.13557,-1.58867,-0.871265
2.122,-1.5989,-0.869643
2.11215,-1.61189,-0.869643
2.10147,-1.62424,-0.869319
2.09072,-1.63652,-0.868994
2.07841,-1.64756,-0.868021
2.07122,-1.66265,-0.869319
2.06318,-1.67711,-0.870292
2.05504,-1.69154,-0.871265
2.04317,-1.70291,-0.870617
2.03485,-1.71724,-0.87159
2.02428,-1.7297,-0.87159
2.0172,-1.74518,-0.873212
2.00219,-1.75378,-0.871265
1.98856,-1.76353,-0.869968
1.98263,-1.78012,-0.872239
1.97097,-1.79161,-0.871914
1.96133,-1.80495,-0.872563
1.9426,-1.80986,-0.868994
1.92939,-1.8198,-0.868021
1.92435,-1.83748,-0.870941
1.91508,-1.85123,-0.871914
1.90774,-1.86691,-0.873861
1.89491,-1.87725,-0.873212
1.87935,-1.88483,-0.871265
1.8704,-1.89902,-0.872563
1.85277,-1.90436,-0.869643
1.83712,-1.9116,-0.867697
1.82666,-1.92421,-0.868346
1.81029,-1.93055,-0.866075
1.79391,-1.93677,-0.863804
1.78199,-1.94774,-0.863804
1.77,-1.95864,-0.863804
1.76614,-1.97863,-0.868021
1.75147,-1.98659,-0.866724
1.738,-1.99588,-0.866075
1.72572,-2.0065,-0.866075
1.71093,-2.01417,-0.864777
1.7034,-2.03043,-0.867372
1.68789,-2.0372,-0.86575
1.67237,-2.04386,-0.864128
1.66515,-2.0607,-0.867048
1.65601,-2.07531,-0.868994
1.63915,-2.08024,-0.866724
1.63216,-2.09772,-0.869968
1.61407,-2.10094,-0.867048
1.59772,-2.10629,-0.865102
1.58136,-2.11151,-0.863155
1.55487,-2.10293,-0.855369
1.54808,-2.12083,-0.858938
1.53891,-2.13566,-0.861209
1.53016,-2.15123,-0.863804
1.52129,-2.16676,-0.866399
1.5112,-2.18072,-0.868346
1.49779,-2.18995,-0.868346
1.48538,-2.20067,-0.868994
1.47342,-2.2121,-0.869968
1.4593,-2.22031,-0.869643
1.44308,-2.22526,-0.868021
1.4294,-2.23407,-0.868021
1.4197,-2.2492,-0.870617
1.40087,-2.24984,-0.867372
1.38902,-2.26161,-0.86867
1.37218,-2.26524,-0.866724
1.35534,-2.26875,-0.864777
1.34379,-2.2811,-0.866399
1.32549,-2.28194,-0.863479
1.31006,-2.28757,-0.862506
1.29832,-2.29968,-0.864128
1.28235,-2.3043,-0.862831
1.26818,-2.31212,-0.862831
1.25892,-2.32901,-0.866399
1.24194,-2.33168,-0.864453
1.23113,-2.34596,-0.867048
1.21801,-2.35599,-0.868021
1.20439,-2.3651,-0.86867
1.19071,-2.37414,-0.869319
1.17822,-2.38564,-0.870941
1.16107,-2.38772,-0.868994
1.1464,-2.3948,-0.868994
1.13249,-2.4035,-0.869643
1.11931,-2.41384,-0.870941
1.10252,-2.41636,-0.869319
1.09193,-2.43257,-0.872887
1.07431,-2.43317,-0.870617
1.05785,-2.43624,-0.869319
1.0414,-2.43921,-0.868021
1.02311,-2.4377,-0.865102
1.00308,-2.4317,-0.86056
0.99241,-2.44832,-0.864453
0.976318,-2.45173,-0.863479
0.954012,-2.43918,-0.856667
0.944799,-2.45999,-0.862182
0.92501,-2.45336,-0.85764
0.903037,-2.44036,-0.850827
0.894511,-2.46363,-0.857316
0,0,0
0,0,0
0,0,0
0,0,0
0,0,0
0,0,0
0,0,0
0,0,0
0,0,0
0,0,0
0,0,0
0,0,0
0,0,0
0,0,0
0,0,0
0,0,0
0,0,0
0,0,0
0,0,0
0,0,0
0,0,0
0,0,0
0,0,0
0,0,0
0,0,0
0,0,0
0,0,0
0,0,0
0,0,0
0,0,0
0,0,0
0,0,0
0,0,0
0,0,0
0,0,0
0,0,0
0,0,0
0,0,0
0,0,0
0,0,0
0,0,0
0,0,0
0,0,0
0,0,0
0,0,0
0,0,0
0,0,0
0,0,0
0,0,0
0,0,0
0,0,0
0,0,0
0,0,0
0,0,0
0,0,0
0,0,0
0,0,0
0,0,0
0,0,0
0,0,0
0,0,0
0,0,0
0,0,0
0,0,0
0,0,0
0,0,0
0,0,0
0,0,0
0,0,0
0,0,0
0,0,0
0,0,0
0,0,0
0,0,0
0,0,0
0,0,0
0,0,0
0,0,0
0,0,0
0,0,0
0,0,0
0,0,0
0,0,0
0,0,0
0,0,0
0,0,0
0,0,0
0,0,0
0,0,0
0,0,0
0,0,0
0,0,0
0,0,0
0,0,0
0,0,0
0,0,0
0,0,0
0,0,0
0,0,0
0,0,0
0,0,0
0,0,0
0,0,0
0,0,0
0,0,0
0,0,0
0,0,0
0,0,0
0,0,0
0,0,0
0,0,0
0,0,0
0,0,0
0,0,0
0,0,0
0,0,0
0,0,0
0,0,0
0,0,0
0,0,0
0,0,0
0,0,0
0,0,0
0,0,0
0,0,0
0,0,0
0,0,0
0,0,0
0,0,0
0,0,0
0,0,0
0,0,0
0,0,0
0,0,0
0,0,0
0,0,0
0,0,0
0,0,0
0,0,0
0,0,0
0,0,0
0,0,0
0,0,0
0,0,0
0,0,0
0,0,0
0,0,0
0,0,0
0,0,0
0,0,0
0,0,0
0,0,0
0,0,0
0,0,0
0,0,0
0,0,0
0,0,0
0,0,0
0,0,0
0,0,0
0,0,0
0,0,0
0,0,0
0,0,0
0,0,0
0,0,0
0,0,0
0,0,0
0,0,0
0,0,0
0,0,0
0,0,0
0,0,0
0,0,0
0,0,0
0,0,0
0,0,0
0,0,0
0,0,0
0,0,0
0,0,0
0,0,0
0,0,0
0,0,0
0,0,0
0,0,0
0,0,0
0,0,0
0,0,0
0,0,0
0,0,0
0,0,0
0,0,0
0,0,0
0,0,0
0,0,0
0,0,0
0,0,0
0,0,0
0,0,0
0,0,0
0,0,0
0,0,0
0,0,0
0,0,0
0,0,0
0,0,0
0,0,0
0,0,0
0,0,0
0,0,0
0,0,0
0,0,0
0,0,0
0,0,0
0,0,0
0,0,0
0,0,0
0,0,0
0,0,0
0,0,0
0,0,0
0,0,0
0,0,0
0,0,0
0,0,0
0,0,0
0,0,0
0,0,0
0,0,0
0,0,0
0,0,0
0,0,0
0,0,0
0,0,0
0,0,0
0,0,0
0,0,0
0,0,0
0,0,0
0,0,0
0,0,0
0,0,0
0,0,0
0,0,0
0,0,0
0,0,0
0,0,0
0,0,0
0,0,0
0,0,0
0,0,0
0,0,0
0,0,0
0,0,0
0,0,0
0,0,0
0,0,0
0,0,0
0,0,0
0,0,0
0,0,0
0,0,0
0,0,0
0,0,0
0,0,0
0,0,0
0,0,0
0,0,0
0,0,0
0,0,0
0,0,0
0,0,0
0,0,0
0,0,0
0,0,0
0,0,0
0,0,0
0,0,0
0,0,0
0,0,0
0,0,0
0,0,0
0,0,0
0,0,0
0,0,0
0,0,0
0,0,0
0,0,0
0,0,0
0,0,0
0,0,0
0,0,0
0,0,0
0,0,0
0,0,0
0,0,0
0,0,0
0,0,0
0,0,0
0,0,0
0,0,0
0,0,0
0,0,0
0,0,0
0,0,0
0,0,0
0,0,0
0,0,0
0,0,0
0,0,0
0,0,0
0,0,0
0,0,0
0,0,0
0,0,0
0,0,0
0,0,0
0,0,0
0,0,0
0,0,0
0,0,0
0,0,0
0,0,0
0,0,0
0,0,0
0,0,0
0,0,0
0,0,0
0,0,0
0,0,0
0,0,0
0,0,0
0,0,0
0,0,0
0,0,0
0,0,0
0,0,0
0,0,0
0,0,0
0,0,0
0,0,0
0,0,0
0,0,0
0,0,0
0,0,0
0,0,0
0,0,0
0,0,0
0,0,0
0,0,0
0,0,0
0,0,0
0,0,0
0,0,0
0,0,0
0,0,0
0,0,0
0,0,0
0,0,0
0,0,0
0,0,0
0,0,0
0,0,0
0,0,0
0,0,0
0,0,0
0,0,0
0,0,0
0,0,0
0,0,0
0,0,0
0,0,0
0,0,0
0,0,0
0,0,0
0,0,0
0,0,0
0,0,0
0,0,0
0,0,0
0,0,0
0,0,0
0,0,0
0,0,0
0,0,0
0,0,0
0,0,0
0,0,0
0,0,0
0,0,0
0,0,0
0,0,0
0,0,0
0,0,0
0,0,0
0,0,0
0,0,0
0,0,0
0,0,0
0,0,0
0,0,0
0,0,0
0,0,0
0,0,0
0,0,0
0,0,0
0,0,0
0,0,0
0,0,0
0,0,0
0,0,0
0,0,0
0,0,0
0,0,0
0,0,0
0,0,0
0,0,0
0,0,0
0,0,0
0,0,0
0,0,0
0,0,0
0,0,0
0,0,0
0,0,0
0,0,0
0,0,0
0,0,0
0,0,0
0,0,0
0,0,0
0,0,0
0,0,0
0,0,0
0,0,0
0,0,0
0,0,0
0,0,0
0,0,0
0,0,0
0,0,0
0,0,0
0,0,0
0,0,0
0,0,0
0,0,0
0,0,0
0,0,0
0,0,0
0,0,0
0,0,0
0,0,0
0,0,0
0,0,0
0,0,0
0,0,0
0,0,0
0,0,0
0,0,0
0,0,0
0,0,0
0,0,0
0,0,0
0,0,0
0,0,0
0,0,0
0,0,0
0,0,0
0,0,0
0,0,0
0,0,0
0,0,0
0,0,0
0,0,0
0,0,0
0,0,0
0,0,0
0,0,0
0,0,0
0,0,0
0,0,0
0,0,0
0,0,0
0,0,0
0,0,0
0,0,0
0,0,0
0,0,0
0,0,0
0,0,0
0,0,0
0,0,0
0,0,0
0,0,0
0,0,0
0,0,0
0,0,0
0,0,0
0,0,0
0,0,0
0,0,0
0,0,0
0,0,0
0,0,0
0,0,0
0,0,0
0,0,0
0,0,0
0,0,0
0,0,0
0,0,0
0,0,0
0,0,0
0,0,0
0,0,0
0,0,0
0,0,0
0,0,0
0,0,0
0,0,0
0,0,0
0,0,0
0,0,0
0,0,0
0,0,0
0,0,0
0,0,0
0,0,0
0,0,0
0,0,0
0,0,0
0,0,0
0,0,0
0,0,0
0,0,0
0,0,0
0,0,0
0,0,0
0,0,0
0,0,0
0,0,0
0,0,0
0,0,0
0,0,0
0,0,0
0,0,0
0,0,0
0,0,0
0,0,0
0,0,0
0,0,0
0,0,0
0,0,0
0,0,0
0,0,0
0,0,0
0,0,0
0,0,0
0,0,0
0,0,0
0,0,0
0,0,0
0,0,0
0,0,0
0,0,0
0,0,0
0,0,0
0,0,0
0,0,0
0,0,0
0,0,0
0,0,0
0,0,0
0,0,0
0,0,0
0,0,0
0,0,0
0,0,0
0,0,0
0,0,0
0,0,0
0,0,0
0,0,0
0,0,0
0,0,0
0,0,0
0,0,0
0,0,0
0,0,0
0,0,0
0,0,0
0,0,0
0,0,0
0,0,0
0,0,0
0,0,0
0,0,0
0,0,0
0,0,0
0,0,0
0,0,0
0,0,0
0,0,0
0,0,0
0,0,0
0.878763,2.54498,-0.913765
0,0,0
0,0,0
0.92157,2.51775,-0.909751
0.938649,2.51647,-0.911424
0.950388,2.50097,-0.907745
0.968098,2.50124,-0.910086
0.986884,2.50402,-0.913431
1.00363,2.50142,-0.914768
1.01861,2.49434,-0.914434
1.03498,2.49065,-0.915437
1.04767,2.47818,-0.913096
1.06286,2.47171,-0.913096
1.07876,2.46686,-0.913765
1.09732,2.46795,-0.916775
1.11206,2.46031,-0.916441
1.12831,2.45601,-0.917444
1.14177,2.44562,-0.916106
1.15635,2.43772,-0.915772
1.17292,2.43398,-0.91711
1.18742,2.42589,-0.916775
1.20354,2.42109,-0.917779
1.21412,2.40524,-0.914434
1.22972,2.39943,-0.915103
1.24529,2.39351,-0.915772
1.25731,2.38082,-0.913765
1.27635,2.38137,-0.91711
1.28733,2.36687,-0.914434
1.29819,2.35233,-0.911758
1.31674,2.35172,-0.914768
1.32928,2.34031,-0.913431
1.34268,2.33048,-0.912762
1.35838,2.32464,-0.913765
1.36973,2.3114,-0.911758
1.38632,2.30699,-0.913431
1.40094,2.29924,-0.913765
1.41056,2.28339,-0.910755
1.42605,2.27709,-0.911758
1.43949,2.2675,-0.911424
1.45082,2.25466,-0.909751
1.45639,2.23309,-0.9044
1.47058,2.22489,-0.904735
1.48001,2.20957,-0.902059
1.49248,2.19888,-0.90139
1.50968,2.19512,-0.903731
1.52043,2.18195,-0.902059
1.53379,2.17258,-0.902059
1.55587,2.17539,-0.90741
1.56476,2.1597,-0.904735
1.58133,2.15461,-0.906741
1.59396,2.14411,-0.906407
1.60708,2.13429,-0.906407
1.61786,2.1214,-0.905069
1.63719,2.11963,-0.908748
1.64668,2.10509,-0.906741
1.65781,2.09273,-0.905738
1.67239,2.08473,-0.906741
1.6798,2.06784,-0.903731
1.69066,2.05532,-0.902728
1.70565,2.0478,-0.904066
1.71697,2.03585,-0.903397
1.73371,2.0303,-0.905738
1.7486,2.02247,-0.907076
1.76222,2.01312,-0.907745
1.77266,2.00016,-0.906741
1.78679,1.99135,-0.907745
1.79898,1.98035,-0.907745
1.80471,1.96233,-0.9044
1.81479,1.94915,-0.903397
1.82672,1.93798,-0.903397
1.83858,1.92674,-0.903397
1.85298,1.91813,-0.904735
1.86538,1.9074,-0.905069
1.87373,1.89257,-0.903397
1.88331,1.87904,-0.902393
1.89346,1.86613,-0.901724
1.89744,1.84724,-0.898045
1.90806,1.83491,-0.897711
1.9186,1.82252,-0.897376
1.92287,1.80427,-0.894032
1.9422,1.80012,-0.898045
1.95391,1.78881,-0.89838
1.95646,1.7692,-0.894366
1.97571,1.76469,-0.89838
1.9865,1.75254,-0.89838
1.98798,1.73227,-0.894032
2.00143,1.7225,-0.89537
2.00837,1.70713,-0.893697
2.01448,1.69114,-0.89169
2.03715,1.68897,-0.897376
2.04237,1.67226,-0.895035
2.05406,1.66088,-0.895704
2.06642,1.65001,-0.896707
2.07503,1.63614,-0.896038
2.08726,1.62511,-0.897042
2.08374,1.60194,-0.891021
2.09278,1.58855,-0.890687
2.10249,1.57568,-0.890687
2.11363,1.56387,-0.891356
2.12166,1.54976,-0.890687
2.13037,1.53616,-0.890353
2.14897,1.52962,-0.894366
2.16063,1.51803,-0.89537
2.1761,1.50904,-0.898045
2.1892,1.49832,-0.899718
2.19523,1.48275,-0.89838
2.20899,1.47238,-0.900387
2.21878,1.45932,-0.900721
2.22373,1.44311,-0.899049
2.23493,1.43097,-0.900052
2.24128,1.41572,-0.899049
2.24112,1.39646,-0.89537
2.24884,1.38219,-0.895035
2.26212,1.37129,-0.897042
2.27454,1.3598,-0.898714
2.2804,1.34439,-0.897711
2.29838,1.33605,-0.901724
1.14865,0.658552,-0.428122
1.16088,0.656127,-0.431467
0,0,0
1.16554,0.640018,-0.430129
1.18022,0.638682,-0.434477
1.18495,0.631871,-0.434811
0,0,0
1.19931,0.620746,-0.437487
0,0,0
1.22116,0.613167,-0.443173
0,0,0
1.22605,0.596898,-0.44217
1.22714,0.588143,-0.441166
0,0,0
0,0,0
1.18374,0.540801,-0.420095
1.17844,0.529667,-0.41675
0,0,0
2.43473,1.05813,-0.900387
2.42991,1.03836,-0.896038
2.43363,1.02234,-0.895035
2.43899,1.00703,-0.894701
2.44337,0.991335,-0.894032
2.44678,0.975278,-0.893028
2.45887,0.96265,-0.89537
2.47352,0.950925,-0.898714
2.48196,0.936728,-0.899718
2.48677,0.921154,-0.899383
2.49415,0.906521,-0.900052
2.49878,0.890884,-0.899718
2.49975,0.873981,-0.898045
2.49615,0.855572,-0.894701
2.50135,0.84024,-0.894701
2.49572,0.821342,-0.890687
2.49802,0.805146,-0.889684
2.49572,0.787536,-0.887008
2.49601,0.770818,-0.885336
2.49798,0.754671,-0.884332
2.5116,0.741998,-0.887677
2.50796,0.724222,-0.884667
2.50964,0.708052,-0.883663
2.52029,0.694391,-0.886005
2.52451,0.678914,-0.886005
2.52862,0.663411,-0.886005
2.5363,0.648817,-0.887342
2.532,0.631192,-0.884332
1.12543,0.273465,-0.369256
1.11333,0.263305,-0.364239
1.10666,0.254571,-0.361229
1.11372,0.249007,-0.363236
1.10326,0.239574,-0.358888
1.11946,0.235904,-0.364239
1.11904,0.228654,-0.36357
1.11857,0.221418,-0.362901
1.12084,0.214727,-0.363236
1.11379,0.206304,-0.360226
1.11504,0.199466,-0.360226
1.1181,0.19294,-0.360895
1.10903,0.18438,-0.357216
1.11387,0.178165,-0.358553
1.08513,0.166758,-0.347851
1.0563,0.15571,-0.337148
1.04603,0.14765,-0.333134
0.979672,0.132183,-0.309053
0.94027,0.121014,-0.294671
0.920415,0.112731,-0.287312
0.916408,0.106539,-0.28564
0.908613,0.0999902,-0.28263
0.908272,0.0943163,-0.282295
0.91071,0.0889238,-0.282964
0.907484,0.0829925,-0.281626
0.911733,0.0777413,-0.282964
0.910313,0.0719978,-0.282295
0.916378,0.0668195,-0.284302
0.917711,0.0612578,-0.284637
0.923714,0.0559652,-0.286643
0.925922,0.050398,-0.287312
0.926214,0.0447157,-0.287312
0.929295,0.0391494,-0.288316
0.927634,0.0333797,-0.287647
0.932532,0.0278257,-0.289319
0.929859,0.0220375,-0.288316
0.924323,0.0162348,-0.286309
0.92252,0.0105422,-0.28564
0.916913,0.00485415,-0.283633
0.915983,-0.000770798,-0.283299
0.912192,-0.00636317,-0.281961
0.915905,-0.0120113,-0.283299
0.915814,-0.0176309,-0.283299
0.917573,-0.0232986,-0.283968
0.917412,-0.0289283,-0.283968
0.918159,-0.0345928,-0.284302
0.920754,-0.0403509,-0.285306
0.919548,-0.0459523,-0.284971
0.92019,-0.0516469,-0.285306
0.918915,-0.0572331,-0.284971
0.921367,-0.0630647,-0.285975
0.919083,-0.0685758,-0.285306
0.915827,-0.073985,-0.284302
0.909723,-0.0791107,-0.282295
0.912035,-0.0849546,-0.283299
0.911497,-0.0905491,-0.283299
0.920296,-0.0971336,-0.286643
0.93935,-0.104985,-0.293667
0.969571,-0.114404,-0.304705
1.04554,-0.12991,-0.332131
1.04846,-0.136812,-0.333469
1.1475,-0.156942,-0.369256
1.16237,-0.166254,-0.374942
1.16226,-0.173522,-0.375277
1.17049,-0.182102,-0.378621
1.17307,-0.189884,-0.379959
1.16538,-0.195982,-0.377618
1.14095,-0.199072,-0.369256
1.09612,-0.198172,-0.353536
1.07728,-0.201594,-0.347182
0.988134,-0.19116,-0.315407
0,0,0
2.51682,-0.519661,-0.870285
2.51266,-0.534898,-0.86995
0,0,0
1.16198,-0.262084,-0.380963
1.18789,-0.275608,-0.390997
0,0,0
0,0,0
0,0,0
2.49468,-0.64418,-0.872626
2.49979,-0.661888,-0.875971
2.47931,-0.672769,-0.86995
2.47604,-0.688222,-0.870285
2.47721,-0.70495,-0.872291
2.46922,-0.719082,-0.870954
2.46025,-0.732874,-0.869281
2.4557,-0.747956,-0.869281
2.45827,-0.765252,-0.871957
2.45442,-0.780606,-0.872291
2.45496,-0.797399,-0.874298
2.45002,-0.812448,-0.874298
2.44678,-0.82807,-0.874967
2.44789,-0.845222,-0.877308
2.44177,-0.859913,-0.876974
2.4391,-0.875835,-0.877977
2.43457,-0.891108,-0.878312
2.42552,-0.904712,-0.876974
2.4305,-0.923596,-0.880988
2.42215,-0.937471,-0.879984
2.42862,-0.957155,-0.884667
0,0,0
1.25465,-0.512137,-0.439159
1.24191,-0.515847,-0.43548
1.22743,-0.518685,-0.431132
1.19912,-0.515406,-0.421433
1.20544,-0.526909,-0.425112
1.17635,-0.522805,-0.415078
1.17054,-0.528849,-0.414075
1.16813,-0.536415,-0.414409
1.16738,-0.544768,-0.415412
1.16231,-0.551113,-0.414744
1.1657,-0.561508,-0.417419
1.16816,-0.571552,-0.41976
1.18235,-0.587521,-0.426784
1.1762,-0.59349,-0.425781
1.17086,-0.599836,-0.425112
1.17384,-0.61049,-0.427788
1.16674,-0.61592,-0.42645
0,0,0
1.13757,-0.618481,-0.417754
1.12056,-0.618161,-0.412402
0,0,0
1.1178,-0.634659,-0.414409
1.10817,-0.638212,-0.412068
0,0,0
2.24168,-1.3284,-0.882994
2.22783,-1.33874,-0.880653
2.20831,-1.34551,-0.875971
2.1952,-1.35607,-0.873964
2.18125,-1.36601,-0.871623
2.17362,-1.37987,-0.871957
2.16036,-1.39012,-0.86995
2.14942,-1.40181,-0.868947
2.14157,-1.41549,-0.869281
2.12971,-1.4265,-0.867943
2.11468,-1.43531,-0.865268
2.10971,-1.45093,-0.86694
2.10309,-1.46546,-0.867943
2.09252,-1.47725,-0.867274
2.08648,-1.49226,-0.868612
2.07805,-1.50558,-0.868947
2.07789,-1.525,-0.87296
2.07379,-1.54166,-0.875302
2.06353,-1.55379,-0.874967
2.05246,-1.56527,-0.874298
2.04207,-1.57726,-0.873964
2.03013,-1.58802,-0.87296
2.01813,-1.59869,-0.871957
2.00314,-1.60692,-0.869616
1.9969,-1.62215,-0.871288
1.98691,-1.63437,-0.871288
1.97395,-1.64412,-0.86995
1.96526,-1.65741,-0.870619
1.95362,-1.66822,-0.86995
1.94763,-1.68387,-0.871957
1.93371,-1.69269,-0.870285
1.92259,-1.70389,-0.86995
1.9163,-1.71944,-0.871957
1.9099,-1.73496,-0.873964
1.89645,-1.7441,-0.872626
1.88571,-1.7557,-0.872626
1.87147,-1.76401,-0.870954
1.8538,-1.76895,-0.867609
1.84968,-1.78684,-0.870954
1.84475,-1.80409,-0.873964
1.83096,-1.81272,-0.872626
1.82247,-1.82659,-0.873964
1.80858,-1.83505,-0.872626
1.79006,-1.83869,-0.868947
1.78005,-1.85099,-0.869616
1.76736,-1.86051,-0.868947
1.75398,-1.86926,-0.867943
1.73927,-1.87653,-0.866271
1.72709,-1.88647,-0.865937
1.71801,-1.89983,-0.867274
1.70757,-1.91174,-0.867943
1.69581,-1.92219,-0.867943
1.68337,-1.93184,-0.867609
1.6721,-1.94285,-0.867943
1.6577,-1.9502,-0.866606
1.64692,-1.96178,-0.867274
1.62883,-1.96459,-0.86393
1.60899,-1.96507,-0.859582
1.62119,-2.00495,-0.873295
1.60651,-2.01192,-0.871957
1.60288,-2.03284,-0.876974
1.58401,-2.03446,-0.873295
1.5692,-2.04115,-0.871957
1.55608,-2.04999,-0.871623
1.54234,-2.05799,-0.870954
1.52744,-2.06438,-0.869616
1.50697,-2.06306,-0.864933
1.49428,-2.07227,-0.864933
1.47498,-2.07218,-0.86092
1.45682,-2.07348,-0.857575
1.45266,-2.09477,-0.862926
1.43659,-2.09898,-0.86092
1.43265,-2.12103,-0.866606
1.4217,-2.13292,-0.867943
1.40237,-2.13216,-0.86393
1.39234,-2.14546,-0.865937
1.38016,-2.15555,-0.866606
1.36339,-2.1584,-0.864264
1.35361,-2.17233,-0.866606
1.33927,-2.17899,-0.865937
1.3288,-2.192,-0.867943
1.31484,-2.1993,-0.867609
1.30467,-2.21301,-0.86995
1.2887,-2.2169,-0.868278
1.27461,-2.22395,-0.867943
1.26325,-2.23583,-0.869616
1.24676,-2.2386,-0.867609
1.23527,-2.25034,-0.869281
1.22547,-2.26534,-0.872291
1.20579,-2.262,-0.867943
1.19714,-2.27937,-0.871957
1.17967,-2.27998,-0.869281
1.1678,-2.29137,-0.870954
1.14991,-2.29091,-0.867943
1.13375,-2.2937,-0.866271
1.11883,-2.29892,-0.865602
1.10348,-2.30319,-0.864599
1.08852,-2.30821,-0.86393
1.07791,-2.32254,-0.86694
1.06011,-2.3214,-0.86393
1.04894,-2.33474,-0.866606
1.03497,-2.34199,-0.86694
1.0172,-2.34052,-0.86393
1.00394,-2.34931,-0.864933
0.990231,-2.35717,-0.865602
0.973232,-2.3571,-0.863261
0.959459,-2.36478,-0.86393
0.947024,-2.37587,-0.865937
0.935176,-2.38866,-0.868612
0.917797,-2.38731,-0.865937
0.902467,-2.39114,-0.865268
0.887123,-2.39486,-0.864599
0.869838,-2.39317,-0.861923
0.859882,-2.41178,-0.86694
0.844446,-2.41523,-0.866271
0,0,0
0.820743,-2.44328,-0.87296
0.805441,-2.44738,-0.872626
0.793299,-2.46124,-0.875971
0,0,0
0,0,0
0,0,0
0,0,0
0,0,0
0,0,0
0,0,0
0,0,0
0,0,0
0,0,0
0,0,0
0,0,0
0,0,0
0,0,0
0,0,0
0,0,0
0,0,0
0,0,0
0,0,0
0,0,0
0,0,0
0,0,0
0,0,0
0,0,0
0,0,0
0,0,0
0,0,0
0,0,0
0,0,0
0,0,0
0,0,0
0,0,0
0,0,0
0,0,0
0,0,0
0,0,0
0,0,0
0,0,0
0,0,0
0,0,0
0,0,0
0,0,0
0,0,0
0,0,0
0,0,0
0,0,0
0,0,0
0,0,0
0,0,0
0,0,0
0,0,0
0,0,0
0,0,0
0,0,0
0,0,0
0,0,0
0,0,0
0,0,0
0,0,0
0,0,0
0,0,0
0,0,0
0,0,0
0,0,0
0,0,0
0,0,0
0,0,0
0,0,0
0,0,0
0,0,0
0,0,0
0,0,0
0,0,0
0,0,0
0,0,0
0,0,0
0,0,0
0,0,0
0,0,0
0,0,0
0,0,0
0,0,0
0,0,0
0,0,0
0,0,0
0,0,0
0,0,0
0,0,0
0,0,0
0,0,0
0,0,0
0,0,0
0,0,0
0,0,0
0,0,0
0,0,0
0,0,0
0,0,0
0,0,0
0,0,0
0,0,0
0,0,0
0,0,0
0,0,0
0,0,0
0,0,0
0,0,0
0,0,0
0,0,0
0,0,0
0,0,0
0,0,0
0,0,0
0,0,0
0,0,0
0,0,0
0,0,0
0,0,0
0,0,0
0,0,0
0,0,0
0,0,0
0,0,0
0,0,0
0,0,0
0,0,0
0,0,0
0,0,0
0,0,0
0,0,0
0,0,0
0,0,0
0,0,0
0,0,0
0,0,0
0,0,0
0,0,0
0,0,0
0,0,0
0,0,0
0,0,0
0,0,0
0,0,0
0,0,0
0,0,0
0,0,0
0,0,0
0,0,0
0,0,0
0,0,0
0,0,0
0,0,0
0,0,0
0,0,0
0,0,0
0,0,0
0,0,0
0,0,0
0,0,0
0,0,0
0,0,0
0,0,0
0,0,0
0,0,0
0,0,0
0,0,0
0,0,0
0,0,0
0,0,0
0,0,0
0,0,0
0,0,0
0,0,0
0,0,0
0,0,0
0,0,0
0,0,0
0,0,0
0,0,0
0,0,0
0,0,0
0,0,0
0,0,0
0,0,0
0,0,0
0,0,0
0,0,0
0,0,0
0,0,0
0,0,0
0,0,0
0,0,0
0,0,0
0,0,0
0,0,0
0,0,0
0,0,0
0,0,0
0,0,0
0,0,0
0,0,0
0,0,0
0,0,0
0,0,0
0,0,0
0,0,0
0,0,0
0,0,0
0,0,0
0,0,0
0,0,0
0,0,0
0,0,0
0,0,0
0,0,0
0,0,0
0,0,0
0,0,0
0,0,0
0,0,0
0,0,0
0,0,0
0,0,0
0,0,0
0,0,0
0,0,0
0,0,0
0,0,0
0,0,0
0,0,0
0,0,0
0,0,0
0,0,0
0,0,0
0,0,0
0,0,0
0,0,0
0,0,0
0,0,0
0,0,0
0,0,0
0,0,0
0,0,0
0,0,0
0,0,0
0,0,0
0,0,0
0,0,0
0,0,0
0,0,0
0,0,0
0,0,0
0,0,0
0,0,0
0,0,0
0,0,0
0,0,0
0,0,0
0,0,0
0,0,0
0,0,0
0,0,0
0,0,0
0,0,0
0,0,0
0,0,0
0,0,0
0,0,0
0,0,0
0,0,0
0,0,0
0,0,0
0,0,0
0,0,0
0,0,0
0,0,0
0,0,0
0,0,0
0,0,0
0,0,0
0,0,0
0,0,0
0,0,0
0,0,0
0,0,0
0,0,0
0,0,0
0,0,0
0,0,0
0,0,0
0,0,0
0,0,0
0,0,0
0,0,0
0,0,0
0,0,0
0,0,0
0,0,0
0,0,0
0,0,0
0,0,0
0,0,0
0,0,0
0,0,0
0,0,0
0,0,0
0,0,0
0,0,0
0,0,0
0,0,0
0,0,0
0,0,0
0,0,0
0,0,0
0,0,0
0,0,0
0,0,0
0,0,0
0,0,0
0,0,0
0,0,0
0,0,0
0,0,0
0,0,0
0,0,0
0,0,0
0,0,0
0,0,0
0,0,0
0,0,0
0,0,0
0,0,0
0,0,0
0,0,0
0,0,0
0,0,0
0,0,0
0,0,0
0,0,0
0,0,0
0,0,0
0,0,0
0,0,0
0,0,0
0,0,0
0,0,0
0,0,0
0,0,0
0,0,0
0,0,0
0,0,0
0,0,0
0,0,0
0,0,0
0,0,0
0,0,0
0,0,0
0,0,0
0,0,0
0,0,0
0,0,0
0,0,0
0,0,0
0,0,0
0,0,0
0,0,0
0,0,0
0,0,0
0,0,0
0,0,0
0,0,0
0,0,0
0,0,0
0,0,0
0,0,0
0,0,0
0,0,0
0,0,0
0,0,0
0,0,0
0,0,0
0,0,0
0,0,0
0,0,0
0,0,0
0,0,0
0,0,0
0,0,0
0,0,0
0,0,0
0,0,0
0,0,0
0,0,0
0,0,0
0,0,0
0,0,0
0,0,0
0,0,0
0,0,0
0,0,0
0,0,0
0,0,0
0,0,0
0,0,0
0,0,0
0,0,0
0,0,0
0,0,0
0,0,0
0,0,0
0,0,0
0,0,0
0,0,0
0,0,0
0,0,0
0,0,0
0,0,0
0,0,0
0,0,0
0,0,0
0,0,0
0,0,0
0,0,0
0,0,0
0,0,0
0,0,0
0,0,0
0,0,0
0,0,0
0,0,0
0,0,0
0,0,0
0,0,0
0,0,0
0,0,0
0,0,0
0,0,0
0,0,0
0,0,0
0,0,0
0,0,0
0,0,0
0,0,0
0,0,0
0,0,0
0,0,0
0,0,0
0,0,0
0,0,0
0,0,0
0,0,0
0,0,0
0,0,0
0,0,0
0,0,0
0,0,0
0,0,0
0,0,0
0,0,0
0,0,0
0,0,0
0,0,0
0,0,0
0,0,0
0,0,0
0,0,0
0,0,0
0,0,0
0,0,0
0,0,0
0,0,0
0,0,0
0,0,0
0,0,0
0,0,0
0,0,0
0,0,0
0,0,0
0,0,0
0,0,0
0,0,0
0,0,0
0,0,0
0,0,0
0,0,0
0,0,0
0,0,0
0,0,0
0,0,0
0,0,0
0,0,0
0,0,0
0,0,0
0,0,0
0,0,0
0,0,0
0,0,0
0,0,0
0,0,0
0,0,0
0,0,0
0,0,0
0,0,0
0,0,0
0,0,0
0,0,0
0,0,0
0,0,0
0,0,0
0,0,0
0,0,0
0,0,0
0,0,0
0,0,0
0,0,0
0,0,0
0,0,0
0,0,0
0,0,0
0,0,0
0,0,0
0,0,0
0,0,0
0,0,0
0,0,0
0,0,0
0,0,0
0,0,0
0,0,0
0,0,0
0,0,0
0,0,0
0,0,0
0,0,0
0,0,0
0,0,0
0,0,0
0,0,0
0,0,0
0,0,0
0,0,0
0,0,0
0,0,0
0,0,0
0,0,0
0,0,0
0,0,0
0,0,0
0,0,0
0,0,0
0,0,0
0,0,0
0,0,0
0,0,0
0,0,0
0,0,0
0,0,0
0,0,0
0,0,0
0,0,0
0,0,0
0,0,0
0,0,0
0,0,0
0,0,0
0,0,0
0,0,0
0,0,0
0,0,0
0,0,0
0,0,0
0,0,0
0,0,0
0,0,0
0,0,0
0,0,0
0,0,0
0,0,0
0,0,0
0,0,0
0,0,0
0,0,0
0,0,0
0,0,0
0,0,0
0,0,0
0,0,0
0,0,0
0,0,0
0,0,0
0,0,0
0,0,0
0,0,0
0,0,0
0,0,0
0,0,0
0,0,0
0,0,0
0,0,0
0,0,0
0,0,0
0,0,0
0,0,0
0,0,0
0,0,0
0,0,0
0,0,0
0,0,0
0,0,0
0,0,0
0,0,0
0,0,0
0,0,0
0,0,0
0,0,0
0,0,0
0,0,0
0,0,0
0,0,0
0,0,0
0,0,0
0,0,0
0,0,0
0,0,0
0,0,0
0,0,0
0,0,0
0,0,0
0.798119,2.5081,-0.924863
0.814362,2.50584,-0.925898
0.827361,2.49367,-0.923139
0.848058,2.50455,-0.929346
0.860349,2.49042,-0.925898
0.870317,2.47005,-0.920036
0.883238,2.45847,-0.917622
0.895404,2.44507,-0.914519
0.909735,2.43778,-0.91383
0.927008,2.43829,-0.916243
0.938227,2.42293,-0.91245
0.952044,2.4145,-0.911416
0.970334,2.41733,-0.914864
0.985858,2.41307,-0.915554
0.999566,2.40437,-0.914519
1.0132,2.3956,-0.913485
1.02418,2.38071,-0.910037
1.0414,2.38041,-0.91245
1.0598,2.38255,-0.915898
1.07285,2.37258,-0.914519
1.09209,2.37619,-0.918657
1.11022,2.3771,-0.92176
1.12559,2.37194,-0.92245
1.14093,2.36668,-0.923139
1.15378,2.35626,-0.92176
1.16279,2.33821,-0.917278
1.17585,2.32852,-0.916243
1.18926,2.31959,-0.915554
1.20044,2.30642,-0.91314
1.21457,2.29901,-0.91314
1.2251,2.28489,-0.910381
1.23686,2.27321,-0.908657
1.25214,2.26804,-0.909692
1.26512,2.25868,-0.909002
1.27896,2.25087,-0.909002
1.29087,2.23973,-0.907623
1.30837,2.23825,-0.910381
1.31969,2.22614,-0.908657
1.33719,2.22444,-0.911416
1.35082,2.21619,-0.911416
1.36439,2.20786,-0.911416
1.37841,2.20024,-0.911761
1.38937,2.18778,-0.910037
1.40074,2.17606,-0.908657
1.41457,2.16821,-0.909002
1.42682,2.15792,-0.908313
1.43846,2.14679,-0.907278
1.45899,2.1488,-0.912106
1.47427,2.1429,-0.913485
1.49061,2.13843,-0.915554
1.50966,2.13768,-0.919346
1.52165,2.12685,-0.918657
1.53412,2.11672,-0.918312
1.54431,2.10348,-0.916588
1.55215,2.08718,-0.913485
1.56097,2.07237,-0.911071
1.56911,2.05678,-0.908313
1.58686,2.0538,-0.911416
1.60059,2.0455,-0.912106
1.60495,2.02534,-0.907278
1.62968,2.03083,-0.914519
1.63501,2.01205,-0.910381
1.64852,2.00343,-0.911071
1.66198,1.99472,-0.911761
1.66874,1.97803,-0.908657
1.68146,1.96846,-0.909002
1.69412,1.95882,-0.909347
1.70301,1.94486,-0.907623
1.71429,1.93367,-0.907278
1.72049,1.91682,-0.904175
1.73663,1.91109,-0.906589
1.74769,1.89971,-0.906244
1.75931,1.88895,-0.906244
1.7683,1.87539,-0.904865
1.77977,1.8645,-0.904865
1.79378,1.85625,-0.906244
1.80252,1.84252,-0.904865
1.81247,1.83009,-0.904175
1.82167,1.81695,-0.90314
1.82877,1.80178,-0.901072
1.83711,1.78791,-0.899692
1.84669,1.7753,-0.899003
1.85483,1.76135,-0.897624
1.86834,1.7525,-0.899003
1.88112,1.74292,-0.900037
1.89455,1.73388,-0.901416
1.90445,1.7216,-0.901072
1.91498,1.70988,-0.901072
1.92966,1.70182,-0.90314
1.93794,1.6881,-0.902106
1.95111,1.67863,-0.903485
1.96066,1.66602,-0.90314
1.97156,1.65456,-0.903485
1.98095,1.64183,-0.90314
1.98954,1.62845,-0.902451
1.99584,1.61326,-0.900727
2.00204,1.59806,-0.899003
2.00444,1.57993,-0.895555
2.01335,1.56702,-0.89521
2.01847,1.55121,-0.893141
2.02421,1.53595,-0.891417
2.03735,1.52632,-0.893141
2.03838,1.50765,-0.889348
2.05365,1.49954,-0.892107
2.06738,1.49021,-0.894176
2.07802,1.47858,-0.894865
2.08705,1.46581,-0.894865
2.09755,1.45404,-0.895555
2.11185,1.44486,-0.897968
2.12068,1.43187,-0.897968
2.1263,1.41675,-0.896589
2.13417,1.40316,-0.896244
2.1388,1.38748,-0.89452
2.15043,1.37636,-0.8959
2.15646,1.36163,-0.894865
2.16238,1.34689,-0.893831
2.17141,1.33408,-0.894176
2.17875,1.32025,-0.893831
0,0,0
1.07666,0.633808,-0.416963
1.09676,0.63663,-0.423859
0,0,0
1.1004,0.620813,-0.422135
1.11075,0.617705,-0.424894
1.13097,0.619916,-0.43179
1.14053,0.616093,-0.434203
1.13684,0.605107,-0.4311
1.14302,0.59943,-0.432134
1.15668,0.597585,-0.436272
1.16033,0.590476,-0.436272
1.14967,0.576183,-0.43041
1.14224,0.563708,-0.425928
1.13302,0.550523,-0.420756
1.14315,0.546807,-0.423514
0,0,0
0,0,0
1.11717,0.509286,-0.409032
1.12712,0.505501,-0.411791
0,0,0
0,0,0
0,0,0
0,0,0
0,0,0
0,0,0
2.37711,0.947042,-0.897968
2.37938,0.931069,-0.896589
2.38505,0.916452,-0.896589
2.38623,0.900141,-0.894865
2.38643,0.883525,-0.892796
2.39445,0.869828,-0.893831
2.39709,0.854173,-0.892796
2.39432,0.836659,-0.889693
2.39496,0.820429,-0.887969
2.39728,0.80482,-0.886935
2.39861,0.788921,-0.885555
2.40609,0.775053,-0.88659
2.41617,0.761972,-0.888659
2.4208,0.747132,-0.888659
2.42623,0.732536,-0.889003
2.44059,0.720563,-0.892796
2.45037,0.707138,-0.894865
2.4637,0.694641,-0.898313
2.46067,0.677514,-0.895555
0,0,0
0,0,0
1.12056,0.285802,-0.382827
0,0,0
0,0,0
2.45745,0.580218,-0.885555
2.44816,0.562181,-0.880728
2.46439,0.550017,-0.885555
2.46772,0.534886,-0.885555
2.47463,0.520508,-0.886935
2.48881,0.507571,-0.891072
1.10424,0.217499,-0.371448
1.10003,0.20966,-0.36938
1.11237,0.204958,-0.373517
1.11268,0.197964,-0.373173
1.11017,0.190494,-0.371793
1.08817,0.179828,-0.363173
1.01325,0.160985,-0.334899
0.965048,0.147205,-0.316624
0.957575,0.140048,-0.313521
0.936109,0.13102,-0.305246
0.907128,0.121257,-0.294212
0.886442,0.112933,-0.286281
0.889913,0.107834,-0.287316
0.881234,0.101287,-0.283868
0.881839,0.0958784,-0.283868
0.882411,0.0904657,-0.283868
0.885752,0.0853233,-0.284902
0.883455,0.0796304,-0.283868
0.884862,0.0742878,-0.284212
0.884365,0.068783,-0.283868
0.887579,0.0635601,-0.284902
0.889826,0.0582379,-0.285592
0.890166,0.0527769,-0.285592
0.896097,0.04762,-0.28766
0.89356,0.041985,-0.286626
0.890987,0.0363829,-0.285592
0.891194,0.0309152,-0.285592
0.892305,0.0254744,-0.285936
0.890567,0.0199544,-0.285247
0.886919,0.0144236,-0.283868
0.886991,0.00898134,-0.283868
0.887029,0.00353869,-0.283868
0.888911,-0.00190568,-0.284557
0.889822,-0.00736646,-0.284902
0.886944,-0.0127892,-0.283868
0.889664,-0.0182854,-0.284902
0.89235,-0.0238154,-0.285936
0.889373,-0.0292016,-0.284902
0.887301,-0.0345874,-0.284212
0.88801,-0.0400722,-0.284557
0.891497,-0.0457076,-0.285936
0.889326,-0.0510717,-0.285247
0.889932,-0.0565859,-0.285592
0.890505,-0.0621094,-0.285936
0.893851,-0.0678517,-0.287316
0.894354,-0.0734106,-0.28766
0.88734,-0.0783275,-0.285247
0.884974,-0.0835965,-0.284557
0.885378,-0.0891179,-0.284902
0.882014,-0.0942532,-0.283868
0.886084,-0.100185,-0.285592
0.922741,-0.110019,-0.299384
0.955583,-0.119844,-0.311797
0.983684,-0.129468,-0.322486
1.02751,-0.141603,-0.339037
1.03034,-0.148437,-0.340416
1.0944,-0.164453,-0.364552
1.10543,-0.173039,-0.369035
1.11361,-0.181318,-0.372483
1.12173,-0.189703,-0.375931
1.1039,-0.19368,-0.369724
1.09438,-0.198947,-0.366621
2.45777,-0.460934,-0.87659
2.44844,-0.474758,-0.874177
2.46481,-0.493634,-0.881418
2.46174,-0.508749,-0.881418
2.44755,-0.521502,-0.87728
2.43605,-0.534703,-0.874177
2.408,-0.544066,-0.864867
2.41285,-0.560739,-0.86797
2.38562,-0.569874,-0.859005
0,0,0
0,0,0
0,0,0
0,0,0
0,0,0
2.37841,-0.661566,-0.864867
2.39507,-0.68205,-0.872797
2.39715,-0.698569,-0.875211
2.39282,-0.713264,-0.875211
2.38301,-0.726293,-0.873142
2.37761,-0.740623,-0.872797
2.37391,-0.755482,-0.873142
2.36388,-0.768295,-0.871073
2.35555,-0.781604,-0.869694
2.3516,-0.796344,-0.870039
2.34667,-0.810758,-0.870039
2.35228,-0.82888,-0.874177
2.34803,-0.843615,-0.874522
2.3578,-0.863487,-0.880383
2.36653,-0.883183,-0.8859
0,0,0
1.30055,-0.504182,-0.470408
1.26686,-0.500114,-0.45834
1.25506,-0.504385,-0.454892
1.24325,-0.50853,-0.451444
1.21843,-0.507151,-0.442823
0,0,0
0,0,0
0,0,0
1.16187,-0.517463,-0.425238
1.15696,-0.523809,-0.424549
1.13411,-0.521891,-0.416618
1.13343,-0.530031,-0.417653
1.13271,-0.538181,-0.418687
1.13023,-0.545529,-0.419032
1.13782,-0.557815,-0.423514
1.12429,-0.559775,-0.419377
0,0,0
0,0,0
1.11296,-0.579941,-0.419032
1.1127,-0.588512,-0.420411
1.11652,-0.599317,-0.423514
1.10952,-0.604364,-0.422135
0,0,0
1.13315,-0.635351,-0.435238
0,0,0
1.10168,-0.635626,-0.425238
1.09451,-0.64048,-0.423859
0,0,0
2.24053,-1.34686,-0.918312
2.15125,-1.31127,-0.883487
2.14396,-1.32494,-0.883831
2.12784,-1.33309,-0.880383
2.11248,-1.3416,-0.87728
2.10974,-1.35809,-0.879694
2.09822,-1.36896,-0.878314
2.08978,-1.38181,-0.878314
2.08204,-1.39512,-0.878659
2.06723,-1.40366,-0.875901
2.05626,-1.41472,-0.874866
2.046,-1.42624,-0.874177
2.03261,-1.43552,-0.872108
2.0207,-1.44578,-0.870729
2.01256,-1.4587,-0.871073
2.01265,-1.47769,-0.875211
2.00581,-1.49169,-0.876246
1.99662,-1.50397,-0.876246
1.98735,-1.51619,-0.876246
1.97355,-1.52491,-0.874177
1.96342,-1.53641,-0.873832
1.95248,-1.54727,-0.873142
1.93856,-1.5557,-0.871073
1.92679,-1.56579,-0.870039
1.91932,-1.57937,-0.871073
1.91248,-1.59352,-0.872453
1.90769,-1.60946,-0.874866
1.89635,-1.61991,-0.874177
1.88993,-1.63459,-0.875901
1.8735,-1.64059,-0.872797
1.862,-1.65081,-0.872108
1.85463,-1.66471,-0.873487
1.83395,-1.66659,-0.868315
1.82162,-1.67591,-0.867281
1.81268,-1.68833,-0.86797
1.80228,-1.69943,-0.86797
1.79522,-1.71369,-0.869694
1.78669,-1.72663,-0.870729
1.77674,-1.73822,-0.871073
1.77271,-1.75569,-0.874522
1.76058,-1.7652,-0.873832
1.74774,-1.77397,-0.872797
1.7414,-1.78937,-0.875211
1.73495,-1.80475,-0.877625
1.72449,-1.81604,-0.87797
1.71267,-1.82591,-0.877625
1.70143,-1.83638,-0.877625
1.68316,-1.83917,-0.873832
1.67751,-1.85573,-0.876935
1.66547,-1.86529,-0.87659
1.64964,-1.87055,-0.874177
1.63258,-1.87426,-0.871073
0,0,0
1.60399,-1.88772,-0.86797
1.59237,-1.89753,-0.86797
1.5783,-1.90437,-0.866591
1.56718,-1.91475,-0.866936
1.55659,-1.92579,-0.867625
1.5465,-1.9375,-0.86866
1.53458,-1.94696,-0.86866
1.52607,-1.96078,-0.870729
1.51687,-1.97382,-0.872453
1.49564,-1.97113,-0.866936
1.49535,-1.99605,-0.874177
1.48028,-2.00141,-0.872453
1.46742,-2.0097,-0.872108
1.45121,-2.01334,-0.869694
1.43665,-2.01914,-0.868315
1.42262,-2.02562,-0.867281
1.41016,-2.03431,-0.867281
1.39712,-2.04215,-0.866936
1.38562,-2.05224,-0.867625
1.3704,-2.0568,-0.865901
1.3593,-2.06752,-0.866936
1.34352,-2.0711,-0.864867
1.3323,-2.08167,-0.865901
1.32402,-2.09695,-0.869005
1.31014,-2.10344,-0.868315
1.29819,-2.11304,-0.869005
1.28715,-2.12418,-0.870384
1.27023,-2.12559,-0.867625
1.2605,-2.139,-0.870039
1.24122,-2.13615,-0.865557
1.22435,-2.13721,-0.862798
1.20845,-2.13978,-0.860729
1.19484,-2.14633,-0.860384
1.1821,-2.15445,-0.860729
1.17198,-2.16744,-0.863143
1.15513,-2.16796,-0.860384
1.14442,-2.18,-0.862453
1.13534,-2.19531,-0.865901
1.12441,-2.20725,-0.86797
1.10579,-2.20405,-0.863833
1.09474,-2.21584,-0.865901
1.07989,-2.21998,-0.864867
1.06828,-2.2308,-0.866591
1.05617,-2.24071,-0.86797
1.03964,-2.24119,-0.865557
1.0243,-2.24411,-0.864177
1.01359,-2.2572,-0.866936
0.996688,-2.25651,-0.864177
0.983573,-2.2643,-0.864867
0.969661,-2.2703,-0.864867
0,0,0
0.94352,-2.28636,-0.866591
0.931592,-2.29733,-0.86866
0.91574,-2.29864,-0.866936
0.902988,-2.30771,-0.868315
0.888474,-2.31233,-0.86797
0,0,0
0.862642,-2.3301,-0.870729
0,0,0
0,0,0
0,0,0
0,0,0
0,0,0
0,0,0
0,0,0
0,0,0
0,0,0
0,0,0
0,0,0
0,0,0
0,0,0
0,0,0
0,0,0
0,0,0
0,0,0
0,0,0
0,0,0
0,0,0
0,0,0
0,0,0
0,0,0
0,0,0
0,0,0
0,0,0
0,0,0
0,0,0
0,0,0
0,0,0
0,0,0
0,0,0
0,0,0
0,0,0
0,0,0
0,0,0
0,0,0
0,0,0
0,0,0
0,0,0
0,0,0
0,0,0
0,0,0
0,0,0
0,0,0
0,0,0
0,0,0
0,0,0
0,0,0
0,0,0
0,0,0
0,0,0
0,0,0
0,0,0
0,0,0
0,0,0
0,0,0
0,0,0
0,0,0
0,0,0
0,0,0
0,0,0
0,0,0
0,0,0
0,0,0
0,0,0
0,0,0
0,0,0
0,0,0
0,0,0
0,0,0
0,0,0
0,0,0
0,0,0
0,0,0
0,0,0
0,0,0
0,0,0
0,0,0
0,0,0
0,0,0
0,0,0
0,0,0
0,0,0
0,0,0
0,0,0
0,0,0
0,0,0
0,0,0
0,0,0
0,0,0
0,0,0
0,0,0
0,0,0
0,0,0
0,0,0
0,0,0
0,0,0
0,0,0
0,0,0
0,0,0
0,0,0
0,0,0
0,0,0
0,0,0
0,0,0
0,0,0
0,0,0
0,0,0
0,0,0
0,0,0
0,0,0
0,0,0
0,0,0
0,0,0
0,0,0
0,0,0
0,0,0
0,0,0
0,0,0
0,0,0
0,0,0
0,0,0
0,0,0
0,0,0
0,0,0
0,0,0
0,0,0
0,0,0
0,0,0
0,0,0
0,0,0
0,0,0
0,0,0
0,0,0
0,0,0
0,0,0
0,0,0
0,0,0
0,0,0
0,0,0
0,0,0
0,0,0
0,0,0
0,0,0
0,0,0
0,0,0
0,0,0
0,0,0
0,0,0
0,0,0
0,0,0
0,0,0
0,0,0
0,0,0
0,0,0
0,0,0
0,0,0
0,0,0
0,0,0
0,0,0
0,0,0
0,0,0
0,0,0
0,0,0
0,0,0
0,0,0
0,0,0
0,0,0
0,0,0
0,0,0
0,0,0
0,0,0
0,0,0
0,0,0
0,0,0
0,0,0
0,0,0
0,0,0
0,0,0
0,0,0
0,0,0
0,0,0
0,0,0
0,0,0
0,0,0
0,0,0
0,0,0
0,0,0
0,0,0
0,0,0
0,0,0
0,0,0
0,0,0
0,0,0
0,0,0
0,0,0
0,0,0
0,0,0
0,0,0
0,0,0
0,0,0
0,0,0
0,0,0
0,0,0
0,0,0
0,0,0
0,0,0
0,0,0
0,0,0
0,0,0
0,0,0
0,0,0
0,0,0
0,0,0
0,0,0
0,0,0
0,0,0
0,0,0
0,0,0
0,0,0
0,0,0
0,0,0
0,0,0
0,0,0
0,0,0
0,0,0
0,0,0
0,0,0
0,0,0
0,0,0
0,0,0
0,0,0
0,0,0
0,0,0
0,0,0
0,0,0
0,0,0
0,0,0
0,0,0
0,0,0
0,0,0
0,0,0
0,0,0
0,0,0
0,0,0
0,0,0
0,0,0
0,0,0
0,0,0
0,0,0
0,0,0
0,0,0
0,0,0
0,0,0
0,0,0
0,0,0
0,0,0
0,0,0
0,0,0
0,0,0
0,0,0
0,0,0
0,0,0
0,0,0
0,0,0
0,0,0
0,0,0
0,0,0
0,0,0
0,0,0
0,0,0
0,0,0
0,0,0
0,0,0
0,0,0
0,0,0
0,0,0
0,0,0
0,0,0
0,0,0
0,0,0
0,0,0
0,0,0
0,0,0
0,0,0
0,0,0
0,0,0
0,0,0
0,0,0
0,0,0
0,0,0
0,0,0
0,0,0
0,0,0
0,0,0
0,0,0
0,0,0
0,0,0
0,0,0
0,0,0
0,0,0
0,0,0
0,0,0
0,0,0
0,0,0
0,0,0
0,0,0
0,0,0
0,0,0
0,0,0
0,0,0
0,0,0
0,0,0
0,0,0
0,0,0
0,0,0
0,0,0
0,0,0
0,0,0
0,0,0
0,0,0
0,0,0
0,0,0
0,0,0
0,0,0
0,0,0
0,0,0
0,0,0
0,0,0
0,0,0
0,0,0
0,0,0
0,0,0
0,0,0
0,0,0
0,0,0
0,0,0
0,0,0
0,0,0
0,0,0
0,0,0
0,0,0
0,0,0
0,0,0
0,0,0
0,0,0
0,0,0
0,0,0
0,0,0
0,0,0
0,0,0
0,0,0
0,0,0
0,0,0
0,0,0
0,0,0
0,0,0
0,0,0
0,0,0
0,0,0
0,0,0
0,0,0
0,0,0
0,0,0
0,0,0
0,0,0
0,0,0
0,0,0
0,0,0
0,0,0
0,0,0
0,0,0
0,0,0
0,0,0
0,0,0
0,0,0
0,0,0
0,0,0
0,0,0
0,0,0
0,0,0
0,0,0
0,0,0
0,0,0
0,0,0
0,0,0
0,0,0
0,0,0
0,0,0
0,0,0
0,0,0
0,0,0
0,0,0
0,0,0
0,0,0
0,0,0
0,0,0
0,0,0
0,0,0
0,0,0
0,0,0
0,0,0
0,0,0
0,0,0
0,0,0
0,0,0
0,0,0
0,0,0
0,0,0
0,0,0
0,0,0
0,0,0
0,0,0
0,0,0
0,0,0
0,0,0
0,0,0
0,0,0
0,0,0
0,0,0
0,0,0
0,0,0
0,0,0
0,0,0
0,0,0
0,0,0
0,0,0
0,0,0
0,0,0
0,0,0
0,0,0
0,0,0
0,0,0
0,0,0
0,0,0
0,0,0
0,0,0
0,0,0
0,0,0
0,0,0
0,0,0
0,0,0
0,0,0
0,0,0
0,0,0
0,0,0
0,0,0
0,0,0
0,0,0
0,0,0
0,0,0
0,0,0
0,0,0
0,0,0
0,0,0
0,0,0
0,0,0
0,0,0
0,0,0
0,0,0
0,0,0
0,0,0
0,0,0
0,0,0
0,0,0
0,0,0
0,0,0
0,0,0
0,0,0
0,0,0
0,0,0
0,0,0
0,0,0
0,0,0
0,0,0
0,0,0
0,0,0
0,0,0
0,0,0
0,0,0
0,0,0
0,0,0
0,0,0
0,0,0
0,0,0
0,0,0
0,0,0
0,0,0
0,0,0
0,0,0
0,0,0
0,0,0
0,0,0
0,0,0
0,0,0
0,0,0
0,0,0
0,0,0
0,0,0
0,0,0
0,0,0
0,0,0
0,0,0
0,0,0
0,0,0
0,0,0
0,0,0
0,0,0
0,0,0
0,0,0
0,0,0
0,0,0
0,0,0
0,0,0
0,0,0
0,0,0
0,0,0
0,0,0
0,0,0
0,0,0
0,0,0
0,0,0
0,0,0
0,0,0
0,0,0
0,0,0
0,0,0
0,0,0
0,0,0
0,0,0
0,0,0
0,0,0
0,0,0
0,0,0
0,0,0
0,0,0
0,0,0
0,0,0
0,0,0
0,0,0
0,0,0
0,0,0
0,0,0
0,0,0
0,0,0
0,0,0
0,0,0
0,0,0
0,0,0
0,0,0
0,0,0
0,0,0
0,0,0
0,0,0
0,0,0
0,0,0
0,0,0
0,0,0
0,0,0
0,0,0
0,0,0
0,0,0
0,0,0
0,0,0
0,0,0
0,0,0
0,0,0
0,0,0
0,0,0
0,0,0
0,0,0
0,0,0
0,0,0
0,0,0
0,0,0
0,0,0
0,0,0
0,0,0
0,0,0
0,0,0
0,0,0
0,0,0
0,0,0
0,0,0
0,0,0
0,0,0
0,0,0
0,0,0
0,0,0
0,0,0
0,0,0
0,0,0
0,0,0
0,0,0
0,0,0
0,0,0
0,0,0
0,0,0
0,0,0
0,0,0
0,0,0
0,0,0
0,0,0
0,0,0
0,0,0
0,0,0
0,0,0
0,0,0
0,0,0
0,0,0
0.877571,2.35404,-0.911153
0.895984,2.3591,-0.91541
0.911454,2.35617,-0.916475
0.925552,2.34967,-0.91612
0.940648,2.34568,-0.91683
0.95467,2.339,-0.916475
0.965416,2.32446,-0.912927
0.978204,2.31505,-0.911508
0.989805,2.30299,-0.909024
1.00617,2.30201,-0.911153
1.02483,2.30605,-0.91541
1.0405,2.30313,-0.91683
1.05891,2.30604,-0.920732
1.07422,2.30204,-0.921797
1.08793,2.29456,-0.921442
1.09995,2.28363,-0.919668
1.11765,2.2844,-0.922861
1.1204,2.25489,-0.913282
1.13506,2.24965,-0.913991
1.15183,2.24846,-0.916475
1.16733,2.24467,-0.917894
1.18108,2.23747,-0.917894
1.19788,2.23595,-0.920377
1.208,2.22198,-0.917539
1.22026,2.21207,-0.916475
1.23152,2.20047,-0.914701
1.24177,2.18718,-0.912217
1.2561,2.18114,-0.912927
1.26616,2.16774,-0.910443
1.27372,2.15028,-0.906186
1.28929,2.14643,-0.90796
1.30147,2.13688,-0.90725
1.31259,2.12567,-0.905831
1.32263,2.11282,-0.903703
1.33256,2.09993,-0.901574
1.34542,2.09172,-0.901574
1.3613,2.08812,-0.903703
1.3746,2.08051,-0.904057
1.38838,2.07359,-0.904767
1.41,2.07818,-0.910798
1.42432,2.0718,-0.911863
1.43433,2.05919,-0.910089
1.45179,2.05722,-0.913282
1.46112,2.04371,-0.911153
1.47802,2.04077,-0.913991
1.48277,2.02111,-0.909024
1.4957,2.01272,-0.909379
1.50128,1.99454,-0.905122
1.51235,1.98381,-0.904412
1.51992,1.96857,-0.901574
1.53025,1.957,-0.90051
1.54281,1.9483,-0.900864
1.55532,1.93953,-0.901219
1.56837,1.9314,-0.901929
1.58316,1.92535,-0.903703
1.59853,1.91991,-0.905831
1.61269,1.91293,-0.90725
1.62258,1.90086,-0.906186
1.63727,1.89441,-0.90796
1.65317,1.88925,-0.910443
1.66535,1.87977,-0.910798
1.67873,1.8716,-0.911863
1.68893,1.85988,-0.911153
1.69461,1.84329,-0.90796
1.70844,1.8356,-0.909379
1.71325,1.81828,-0.905831
1.72309,1.80638,-0.905122
1.73349,1.7951,-0.904767
1.74316,1.78309,-0.904057
1.74947,1.76771,-0.901574
1.76293,1.75958,-0.902993
1.77103,1.74611,-0.901574
1.77836,1.73195,-0.8998
1.78289,1.71517,-0.896607
1.79473,1.70549,-0.897317
1.80653,1.69572,-0.898026
1.8217,1.68905,-0.90051
1.82996,1.67595,-0.899445
1.8416,1.66594,-0.900155
1.85457,1.6571,-0.901574
1.86961,1.65002,-0.904057
1.88252,1.64098,-0.905477
1.89114,1.62818,-0.904767
1.89896,1.61472,-0.903703
1.90883,1.60304,-0.903703
1.91647,1.58951,-0.902638
1.92257,1.57476,-0.900864
1.92929,1.56058,-0.899445
1.9359,1.54638,-0.898026
1.94389,1.53332,-0.897317
1.94662,1.51619,-0.894124
1.95885,1.5065,-0.895543
1.96582,1.49275,-0.894478
1.9742,1.4801,-0.894124
1.98024,1.46574,-0.892704
1.98768,1.45245,-0.891995
1.99883,1.44187,-0.893059
2.0145,1.43446,-0.896252
2.02097,1.42046,-0.895188
2.03425,1.41123,-0.897317
2.04056,1.39714,-0.896252
2.05142,1.38616,-0.897317
2.063,1.37562,-0.898736
2.06906,1.36139,-0.897671
2.07423,1.34664,-0.896252
2.08324,1.33439,-0.896607
2.08981,1.32058,-0.895898
2.10026,1.30922,-0.896962
0,0,0
1.06481,0.645989,-0.430425
0,0,0
1.08393,0.639521,-0.435392
1.08864,0.633328,-0.435747
1.08602,0.622917,-0.432909
1.09226,0.617622,-0.433973
1.10093,0.613638,-0.436102
1.11042,0.61002,-0.438585
1.12154,0.607199,-0.441778
1.12029,0.597667,-0.43965
1.12477,0.591217,-0.440004
1.13336,0.586882,-0.442133
1.13444,0.578643,-0.441069
1.12877,0.567058,-0.437166
1.12804,0.55805,-0.435392
1.12724,0.549072,-0.433618
1.13902,0.546185,-0.437166
1.1525,0.543971,-0.441424
0,0,0
0,0,0
0,0,0
0,0,0
1.21066,0.526624,-0.458808
0,0,0
0,0,0
0,0,0
0,0,0
0,0,0
0,0,0
2.28896,0.880461,-0.888447
2.28995,0.864748,-0.886673
2.30486,0.854254,-0.890576
2.30742,0.839137,-0.889511
2.30724,0.823079,-0.887383
2.31489,0.809833,-0.888447
2.31894,0.79531,-0.888092
2.3282,0.782555,-0.889866
2.3374,0.769716,-0.89164
2.33674,0.753639,-0.889511
2.36004,0.745196,-0.896962
2.36993,0.732356,-0.899091
2.38333,0.720505,-0.902638
0,0,0
0,0,0
1.10945,0.313456,-0.395302
1.13028,0.311858,-0.402752
0,0,0
2.36483,0.620903,-0.885609
2.35501,0.602905,-0.880287
2.35957,0.58867,-0.880642
2.3704,0.575945,-0.88348
2.37662,0.562035,-0.884544
2.38732,0.549117,-0.887383
2.39977,0.536497,-0.890931
2.39753,0.520573,-0.888802
2.40251,0.506237,-0.889511
2.41198,0.492795,-0.891995
2.40396,0.47581,-0.887738
1.09552,0.210082,-0.381111
1.08944,0.201995,-0.378273
1.09065,0.195307,-0.378273
1.09183,0.188611,-0.378273
1.02011,0.169809,-0.350245
0.983275,0.157499,-0.335699
0.942638,0.14508,-0.319734
0.92501,0.13657,-0.312638
0.888799,0.125673,-0.298447
0.868242,0.117347,-0.290287
0.855963,0.11035,-0.28532
0.854768,0.104869,-0.284611
0.854466,0.0995142,-0.284256
0.85599,0.0943714,-0.284611
0.857483,0.0892137,-0.284965
0.857084,0.08386,-0.284611
0.854789,0.0783448,-0.283546
0.857117,0.0732568,-0.284256
0.85755,0.0679962,-0.284256
0.857019,0.0626654,-0.283901
0.857387,0.0574056,-0.283901
0.863323,0.0524815,-0.28603
0.861761,0.0470821,-0.28532
0.863902,0.0418832,-0.28603
0.860406,0.0364252,-0.284611
0.862482,0.0312119,-0.28532
0.863592,0.0259469,-0.285675
0.867474,0.0207351,-0.287094
0.86665,0.0153958,-0.286739
0.866728,0.0100779,-0.286739
0.869578,0.00477365,-0.287804
0.871461,-0.000564149,-0.288513
0.867701,-0.00588421,-0.287094
0.872323,-0.0112708,-0.288868
0.871303,-0.0166048,-0.288513
0.874923,-0.0220466,-0.289932
0.871968,-0.0273255,-0.288868
0.865244,-0.0324271,-0.286384
0.865963,-0.0377767,-0.286739
0.860112,-0.042808,-0.284611
0.853299,-0.0477162,-0.282127
0.855789,-0.0531262,-0.283191
0.850784,-0.0580557,-0.281417
0.853208,-0.0634844,-0.282482
0.855599,-0.068945,-0.283546
0.852365,-0.0739498,-0.282482
0.850964,-0.0790914,-0.282127
0.853254,-0.0845894,-0.283191
0.851789,-0.0897249,-0.282837
0.855868,-0.0954701,-0.284611
0.869194,-0.102367,-0.289932
0.880611,-0.109199,-0.294544
0.90959,-0.118478,-0.305897
1.0024,-0.136869,-0.34173
1.01728,-0.145271,-0.347761
1.02746,-0.153168,-0.352019
1.07731,-0.167384,-0.371532
1.0938,-0.176832,-0.378273
1.0927,-0.18354,-0.378273
1.11826,-0.194907,-0.388561
1.09404,-0.197602,-0.379692
2.36833,-0.443263,-0.872127
2.37842,-0.460275,-0.877094
2.3783,-0.475411,-0.878158
2.38083,-0.491129,-0.880287
2.386,-0.50748,-0.88348
2.37188,-0.519708,-0.879223
2.36318,-0.533016,-0.877094
2.36259,-0.548141,-0.878158
2.351,-0.560674,-0.874965
2.34025,-0.573308,-0.872127
2.33034,-0.586059,-0.869644
2.33485,-0.60245,-0.872837
2.38805,-0.631841,-0.895188
0,0,0
0,0,0
0,0,0
0,0,0
0,0,0
2.32203,-0.70678,-0.878868
2.31051,-0.718791,-0.87603
2.29982,-0.730971,-0.873546
2.28818,-0.742759,-0.870708
2.28624,-0.757667,-0.871772
2.27978,-0.771082,-0.871063
2.27589,-0.785361,-0.871418
2.27191,-0.799621,-0.871772
2.27224,-0.815442,-0.873901
2.26719,-0.829369,-0.873901
0,0,0
1.25701,-0.477209,-0.468032
0,0,0
1.21105,-0.476829,-0.451712
1.20376,-0.482511,-0.449938
1.19126,-0.486,-0.446036
1.18393,-0.491506,-0.444262
0,0,0
1.16579,-0.500828,-0.439295
1.1764,-0.513965,-0.444971
1.16468,-0.517375,-0.441424
0,0,0
1.14295,-0.524603,-0.435037
1.12954,-0.52686,-0.43078
1.12122,-0.531377,-0.428651
1.11626,-0.537435,-0.427942
1.10202,-0.538931,-0.42333
1.10037,-0.546515,-0.424039
1.09115,-0.550307,-0.421556
1.09025,-0.558271,-0.42262
1.08846,-0.565814,-0.42333
1.09158,-0.575974,-0.426168
0,0,0
1.08772,-0.591113,-0.427587
1.08407,-0.597776,-0.427587
1.08773,-0.608527,-0.43078
1.0856,-0.616114,-0.43149
1.08342,-0.623696,-0.432199
1.07553,-0.627974,-0.430425
1.08212,-0.640758,-0.435037
1.07416,-0.644978,-0.433264
1.08295,-0.65934,-0.43894
2.08908,-1.28999,-0.889511
2.07875,-1.30129,-0.888447
2.05573,-1.3045,-0.881706
2.05162,-1.31962,-0.88348
2.03878,-1.32912,-0.881351
2.02825,-1.34006,-0.880287
2.02543,-1.35612,-0.882771
2.01861,-1.36957,-0.88348
2.00709,-1.37981,-0.882061
2.00089,-1.39371,-0.883125
1.98237,-1.39895,-0.878513
1.97603,-1.41272,-0.879578
1.96202,-1.42098,-0.877094
1.95327,-1.43299,-0.877094
1.94594,-1.44606,-0.877804
1.92732,-1.45066,-0.873192
1.92656,-1.4687,-0.877094
1.91603,-1.47935,-0.876385
1.90324,-1.4882,-0.874611
1.8948,-1.50043,-0.874965
1.88264,-1.50969,-0.873546
1.87407,-1.5218,-0.873901
1.86903,-1.53683,-0.87603
1.85957,-1.54827,-0.87603
1.85432,-1.56327,-0.878158
1.84469,-1.57462,-0.878158
1.83217,-1.58346,-0.876739
1.81679,-1.58975,-0.873901
1.8077,-1.60148,-0.874256
1.8041,-1.61817,-0.877449
1.7886,-1.62418,-0.874611
1.77791,-1.63449,-0.874256
1.77538,-1.65237,-0.878158
1.76725,-1.66516,-0.879223
1.76106,-1.67984,-0.881351
1.75408,-1.69387,-0.883125
1.74633,-1.70721,-0.884544
1.74711,-1.72908,-0.890576
1.72789,-1.73116,-0.885964
1.71526,-1.73973,-0.884899
1.70455,-1.75022,-0.884899
1.6899,-1.75661,-0.882771
1.6778,-1.76559,-0.882061
0,0,0
1.63821,-1.76684,-0.872127
1.64501,-1.79617,-0.882061
1.63271,-1.80484,-0.881351
1.62098,-1.81413,-0.880997
1.60611,-1.81984,-0.878868
1.59245,-1.82684,-0.877449
1.5806,-1.83587,-0.877094
1.56931,-1.84553,-0.877094
1.56397,-1.86228,-0.880642
1.56206,-1.88336,-0.886318
1.54218,-1.88278,-0.881351
1.53236,-1.89439,-0.882416
1.51196,-1.8928,-0.877094
1.50379,-1.90645,-0.879223
1.48345,-1.90457,-0.873901
1.4649,-1.90474,-0.869644
1.45149,-1.91146,-0.868579
1.43973,-1.92033,-0.868579
1.42959,-1.93138,-0.869644
1.42323,-1.94767,-0.873192
1.40687,-1.9503,-0.870353
1.39813,-1.96346,-0.872482
1.38875,-1.97583,-0.874256
1.37606,-1.98355,-0.873901
1.3607,-1.98732,-0.871772
1.34377,-1.98866,-0.868579
1.32688,-1.98987,-0.865386
1.31721,-2.00188,-0.86716
1.30388,-2.00835,-0.866451
1.29305,-2.01868,-0.867515
1.28164,-2.02816,-0.868225
1.27065,-2.03836,-0.869289
1.25763,-2.04532,-0.868934
1.24603,-2.0546,-0.869644
1.23292,-2.06141,-0.869289
1.22262,-2.07296,-0.871063
1.20565,-2.07315,-0.86787
1.19755,-2.08862,-0.871418
1.18517,-2.09674,-0.871772
1.1782,-2.11459,-0.876385
1.1661,-2.12342,-0.877094
1.14371,-2.11327,-0.869644
1.13248,-2.12354,-0.871063
1.11378,-2.11969,-0.866451
1.10462,-2.13396,-0.869644
1.09108,-2.13986,-0.869289
1.07751,-2.14568,-0.868934
1.0664,-2.15645,-0.870708
1.05683,-2.17051,-0.873901
1.04712,-2.18455,-0.877094
1.0321,-2.18755,-0.875675
1.01669,-2.1896,-0.873901
1.00324,-2.1958,-0.873901
0.987449,-2.19679,-0.871772
0.973195,-2.2011,-0.871063
0.956317,-2.19931,-0.86787
0.942437,-2.20428,-0.867515
0.931429,-2.21606,-0.869999
0.917457,-2.22087,-0.869644
0.905922,-2.23165,-0.871772
0.892212,-2.23717,-0.871772
0.877446,-2.23999,-0.870708
0.867711,-2.2558,-0.874965
0.853193,-2.25933,-0.874256
0.838989,-2.26365,-0.873901
0.825403,-2.26963,-0.874256
0.813032,-2.27906,-0.87603
0.799032,-2.284,-0.87603
0,0,0
0.774814,-2.30516,-0.880642
0,0,0
0.745894,-2.31271,-0.879932
0,0,0
0,0,0
0,0,0
0,0,0
0,0,0
0,0,0
0,0,0
0,0,0
0,0,0
0,0,0
0,0,0
0,0,0
0,0,0
0,0,0
0,0,0
0,0,0
0,0,0
0,0,0
0,0,0
0,0,0
0,0,0
0,0,0
0,0,0
0,0,0
0,0,0
0,0,0
0,0,0
0,0,0
0,0,0
0,0,0
0,0,0
0,0,0
0,0,0
0,0,0
0,0,0
0,0,0
0,0,0
0,0,0
0,0,0
0,0,0
0,0,0
0,0,0
0,0,0
0,0,0
0,0,0
0,0,0
0,0,0
0,0,0
0,0,0
0,0,0
0,0,0
0,0,0
0,0,0
0,0,0
0,0,0
0,0,0
0,0,0
0,0,0
0,0,0
0,0,0
0,0,0
0,0,0
0,0,0
0,0,0
0,0,0
0,0,0
0,0,0
0,0,0
0,0,0
0,0,0
0,0,0
0,0,0
0,0,0
0,0,0
0,0,0
0,0,0
0,0,0
0,0,0
0,0,0
0,0,0
0,0,0
0,0,0
0,0,0
0,0,0
0,0,0
0,0,0
0,0,0
0,0,0
0,0,0
0,0,0
0,0,0
0,0,0
0,0,0
0,0,0
0,0,0
0,0,0
0,0,0
0,0,0
0,0,0
0,0,0
0,0,0
0,0,0
0,0,0
0,0,0
0,0,0
0,0,0
0,0,0
0,0,0
0,0,0
0,0,0
0,0,0
0,0,0
0,0,0
0,0,0
0,0,0
0,0,0
0,0,0
0,0,0
0,0,0
0,0,0
0,0,0
0,0,0
0,0,0
0,0,0
0,0,0
0,0,0
0,0,0
0,0,0
0,0,0
0,0,0
0,0,0
0,0,0
0,0,0
0,0,0
0,0,0
0,0,0
0,0,0
0,0,0
0,0,0
0,0,0
0,0,0
0,0,0
0,0,0
0,0,0
0,0,0
0,0,0
0,0,0
0,0,0
0,0,0
0,0,0
0,0,0
0,0,0
0,0,0
0,0,0
0,0,0
0,0,0
0,0,0
0,0,0
0,0,0
0,0,0
0,0,0
0,0,0
0,0,0
0,0,0
0,0,0
0,0,0
0,0,0
0,0,0
0,0,0
0,0,0
0,0,0
0,0,0
0,0,0
0,0,0
0,0,0
0,0,0
0,0,0
0,0,0
0,0,0
0,0,0
0,0,0
0,0,0
0,0,0
0,0,0
0,0,0
0,0,0
0,0,0
0,0,0
0,0,0
0,0,0
0,0,0
0,0,0
0,0,0
0,0,0
0,0,0
0,0,0
0,0,0
0,0,0
0,0,0
0,0,0
0,0,0
0,0,0
0,0,0
0,0,0
0,0,0
0,0,0
0,0,0
0,0,0
0,0,0
0,0,0
0,0,0
0,0,0
0,0,0
0,0,0
0,0,0
0,0,0
0,0,0
0,0,0
0,0,0
0,0,0
0,0,0
0,0,0
0,0,0
0,0,0
0,0,0
0,0,0
0,0,0
0,0,0
0,0,0
0,0,0
0,0,0
0,0,0
0,0,0
0,0,0
0,0,0
0,0,0
0,0,0
0,0,0
0,0,0
0,0,0
0,0,0
0,0,0
0,0,0
0,0,0
0,0,0
0,0,0
0,0,0
0,0,0
0,0,0
0,0,0
0,0,0
0,0,0
0,0,0
0,0,0
0,0,0
0,0,0
0,0,0
0,0,0
0,0,0
0,0,0
0,0,0
0,0,0
0,0,0
0,0,0
0,0,0
0,0,0
0,0,0
0,0,0
0,0,0
0,0,0
0,0,0
0,0,0
0,0,0
0,0,0
0,0,0
0,0,0
0,0,0
0,0,0
0,0,0
0,0,0
0,0,0
0,0,0
0,0,0
0,0,0
0,0,0
0,0,0
0,0,0
0,0,0
0,0,0
0,0,0
0,0,0
0,0,0
0,0,0
0,0,0
0,0,0
0,0,0
0,0,0
0,0,0
0,0,0
0,0,0
0,0,0
0,0,0
0,0,0
0,0,0
0,0,0
0,0,0
0,0,0
0,0,0
0,0,0
0,0,0
0,0,0
0,0,0
0,0,0
0,0,0
0,0,0
0,0,0
0,0,0
0,0,0
0,0,0
0,0,0
0,0,0
0,0,0
0,0,0
0,0,0
0,0,0
0,0,0
0,0,0
0,0,0
0,0,0
0,0,0
0,0,0
0,0,0
0,0,0
0,0,0
0,0,0
0,0,0
0,0,0
0,0,0
0,0,0
0,0,0
0,0,0
0,0,0
0,0,0
0,0,0
0,0,0
0,0,0
0,0,0
0,0,0
0,0,0
0,0,0
0,0,0
0,0,0
0,0,0
0,0,0
0,0,0
0,0,0
0,0,0
0,0,0
0,0,0
0,0,0
0,0,0
0,0,0
0,0,0
0,0,0
0,0,0
0,0,0
0,0,0
0,0,0
0,0,0
0,0,0
0,0,0
0,0,0
0,0,0
0,0,0
0,0,0
0,0,0
0,0,0
0,0,0
0,0,0
0,0,0
0,0,0
0,0,0
0,0,0
0,0,0
0,0,0
0,0,0
0,0,0
0,0,0
0,0,0
0,0,0
0,0,0
0,0,0
0,0,0
0,0,0
0,0,0
0,0,0
0,0,0
0,0,0
0,0,0
0,0,0
0,0,0
0,0,0
0,0,0
0,0,0
0,0,0
0,0,0
0,0,0
0,0,0
0,0,0
0,0,0
0,0,0
0,0,0
0,0,0
0,0,0
0,0,0
0,0,0
0,0,0
0,0,0
0,0,0
0,0,0
0,0,0
0,0,0
0,0,0
0,0,0
0,0,0
0,0,0
0,0,0
0,0,0
0,0,0
0,0,0
0,0,0
0,0,0
0,0,0
0,0,0
0,0,0
0,0,0
0,0,0
0,0,0
0,0,0
0,0,0
0,0,0
0,0,0
0,0,0
0,0,0
0,0,0
0,0,0
0,0,0
0,0,0
0,0,0
0,0,0
0,0,0
0,0,0
0,0,0
0,0,0
0,0,0
0,0,0
0,0,0
0,0,0
0,0,0
0,0,0
0,0,0
0,0,0
0,0,0
0,0,0
0,0,0
0,0,0
0,0,0
0,0,0
0,0,0
0,0,0
0,0,0
0,0,0
0,0,0
0,0,0
0,0,0
0,0,0
0,0,0
0,0,0
0,0,0
0,0,0
0,0,0
0,0,0
0,0,0
0,0,0
0,0,0
0,0,0
0,0,0
0,0,0
0,0,0
0,0,0
0,0,0
0,0,0
0,0,0
0,0,0
0,0,0
0,0,0
0,0,0
0,0,0
0,0,0
0,0,0
0,0,0
0,0,0
0,0,0
0,0,0
0,0,0
0,0,0
0,0,0
0,0,0
0,0,0
0,0,0
0,0,0
0,0,0
0,0,0
0,0,0
0,0,0
0,0,0
0,0,0
0,0,0
0,0,0
0,0,0
0,0,0
0,0,0
0,0,0
0,0,0
0,0,0
0,0,0
0,0,0
0,0,0
0,0,0
0,0,0
0,0,0
0,0,0
0,0,0
0,0,0
0,0,0
0,0,0
0,0,0
0,0,0
0,0,0
0,0,0
0,0,0
0,0,0
0,0,0
0,0,0
0,0,0
0,0,0
0,0,0
0,0,0
0,0,0
0,0,0
0,0,0
0,0,0
0,0,0
0,0,0
0,0,0
0,0,0
0,0,0
0,0,0
0,0,0
0,0,0
0,0,0
0,0,0
0,0,0
0,0,0
0,0,0
0,0,0
0,0,0
0,0,0
0,0,0
0,0,0
0,0,0
0,0,0
0,0,0
0,0,0
0,0,0
0,0,0
0,0,0
0,0,0
0,0,0
0,0,0
0,0,0
0,0,0
0,0,0
0,0,0
0,0,0
0,0,0
0,0,0
0,0,0
0,0,0
0,0,0
0,0,0
0,0,0
0,0,0
0,0,0
0,0,0
0,0,0
0,0,0
0,0,0
0,0,0
0,0,0
0,0,0
0,0,0
0,0,0
0,0,0
0,0,0
0,0,0
0,0,0
0,0,0
0,0,0
0,0,0
0,0,0
0,0,0
0,0,0
0,0,0
0,0,0
0,0,0
0,0,0
0,0,0
0,0,0
0,0,0
0,0,0
0,0,0
0,0,0
0,0,0
0,0,0
0,0,0
0,0,0
0,0,0
0.759783,2.38602,-0.937973
0.774697,2.3822,-0.938338
0,0,0
0.799992,2.36104,-0.933598
0.812641,2.35081,-0.931411
0.823339,2.33524,-0.927036
0.837023,2.32839,-0.926307
0.850974,2.32234,-0.925943
0.866509,2.32056,-0.927401
0.878417,2.30911,-0.924849
0.890889,2.29933,-0.923026
0.902932,2.28862,-0.920839
0.917305,2.2839,-0.921204
0.928838,2.2722,-0.918652
0.940619,2.2613,-0.916464
0.951214,2.24776,-0.913184
0.966091,2.24445,-0.914277
0.979471,2.23763,-0.913913
0.993561,2.23243,-0.914277
1.00954,2.23138,-0.916464
1.02904,2.23783,-0.921933
1.03567,2.21629,-0.915371
1.05004,2.21158,-0.9161
1.06076,2.19922,-0.913548
1.07342,2.191,-0.912819
1.08767,2.18604,-0.913548
1.1019,2.18098,-0.914277
1.11272,2.16921,-0.91209
1.12859,2.1673,-0.914277
1.14447,2.16527,-0.916464
1.1573,2.15739,-0.9161
1.1714,2.15188,-0.916829
1.18503,2.14547,-0.917194
1.19181,2.12678,-0.91209
1.20667,2.12267,-0.913548
1.22339,2.12168,-0.916464
1.23592,2.11333,-0.9161
1.25124,2.10971,-0.917923
1.2584,2.09242,-0.913548
1.26783,2.07909,-0.910996
1.28154,2.07286,-0.911725
1.29127,2.06022,-0.909538
1.30339,2.05147,-0.909173
1.31444,2.04108,-0.90808
1.3305,2.03844,-0.910632
1.34555,2.03412,-0.912454
1.36215,2.03202,-0.915371
1.36832,2.01438,-0.910996
1.38118,2.00671,-0.911361
1.39134,1.99514,-0.909903
1.40248,1.98504,-0.909173
1.41626,1.97867,-0.910267
1.43329,1.97673,-0.913548
1.44208,1.9634,-0.911361
1.46355,1.96722,-0.917558
1.47223,1.95374,-0.915371
1.4808,1.94022,-0.913184
1.49439,1.93331,-0.914277
1.49934,1.9153,-0.909903
1.50759,1.90169,-0.907715
1.51865,1.89168,-0.907351
1.52905,1.88088,-0.906622
1.54411,1.87577,-0.908809
1.55977,1.87127,-0.911361
1.57422,1.86523,-0.913184
1.58987,1.86049,-0.915735
1.60064,1.85,-0.915371
1.61626,1.84504,-0.917923
1.62755,1.83509,-0.917923
1.63567,1.82161,-0.9161
1.64369,1.80809,-0.914277
1.64971,1.79249,-0.911361
1.65623,1.77756,-0.908809
1.66136,1.76126,-0.905528
1.66571,1.7443,-0.901882
1.6725,1.73003,-0.899695
1.68699,1.72373,-0.901882
1.69688,1.71268,-0.901518
1.71065,1.70553,-0.903341
1.72175,1.69565,-0.903705
1.73612,1.68895,-0.905892
1.74981,1.6815,-0.907715
1.75604,1.66688,-0.905528
1.76624,1.65607,-0.905528
1.77363,1.64267,-0.90407
1.7775,1.6261,-0.900789
1.78192,1.61016,-0.897872
1.7876,1.59548,-0.895685
1.79456,1.58202,-0.894227
1.80774,1.57403,-0.89605
1.81878,1.56413,-0.896779
1.83047,1.55475,-0.897872
1.84283,1.54588,-0.899331
1.86088,1.54168,-0.903705
1.87391,1.53318,-0.905528
1.88038,1.51931,-0.90407
1.8904,1.50833,-0.904434
1.89742,1.49497,-0.903341
1.90215,1.47986,-0.901153
1.91489,1.471,-0.902976
1.91201,1.45022,-0.897143
1.9246,1.44125,-0.898966
1.92966,1.42664,-0.897143
1.93537,1.41258,-0.895685
1.95307,1.40722,-0.90006
1.96318,1.39628,-0.900789
1.97781,1.3885,-0.903705
1.99012,1.37899,-0.905528
1.99162,1.36202,-0.902247
2.00689,1.35446,-0.905528
2.00354,1.33437,-0.90006
1.99769,1.31284,-0.893498
2.00102,1.29752,-0.89131
1.99169,1.27417,-0.88329
1.95854,1.23606,-0.864334
0,0,0
0,0,0
1.04537,0.632512,-0.435985
0,0,0
1.02257,0.601662,-0.422132
1.0351,0.600525,-0.426142
0,0,0
1.05212,0.593276,-0.430517
1.0899,0.605842,-0.445828
0,0,0
1.10954,0.599068,-0.451296
1.11813,0.594878,-0.453484
0,0,0
1.11294,0.574692,-0.448015
1.11727,0.568275,-0.44838
1.10493,0.553471,-0.441454
1.11414,0.549569,-0.444005
1.11498,0.5415,-0.442912
1.11996,0.535453,-0.443641
1.14091,0.536914,-0.451296
0,0,0
0,0,0
0,0,0
0,0,0
0,0,0
0,0,0
1.20412,0.504745,-0.468795
0,0,0
0,0,0
1.24089,0.493532,-0.480461
0,0,0
0,0,0
2.25944,0.8518,-0.902976
2.2655,0.838244,-0.903341
2.25922,0.820191,-0.898601
2.27035,0.808503,-0.901153
2.26824,0.792098,-0.898237
2.26601,0.775749,-0.89532
2.27161,0.762127,-0.895685
2.27182,0.746719,-0.893862
2.27459,0.732193,-0.893133
0,0,0
0,0,0
0,0,0
0,0,0
0,0,0
0,0,0
2.29226,0.630635,-0.888394
2.29878,0.617283,-0.889488
2.30973,0.605058,-0.892404
2.32423,0.593645,-0.896779
2.32421,0.578471,-0.89532
2.32953,0.564639,-0.89605
2.33385,0.550548,-0.896414
2.32176,0.532671,-0.890217
2.32044,0.517399,-0.888394
2.29991,0.498016,-0.878916
2.28835,0.480824,-0.873083
2.28578,0.465656,-0.870896
1.05449,0.207458,-0.378386
1.04842,0.199583,-0.37547
1.03315,0.190095,-0.368908
1.01688,0.180638,-0.361981
0.95465,0.163476,-0.336827
0.90695,0.149526,-0.317506
0.900494,0.142783,-0.31459
0.864538,0.131601,-0.300007
0.834928,0.121816,-0.287977
0.832893,0.116301,-0.286884
0.822517,0.109695,-0.282509
0.825946,0.105003,-0.283603
0.82565,0.0998197,-0.283238
0.829022,0.0950738,-0.284332
0.82959,0.0899853,-0.284332
0.822716,0.0841253,-0.281415
0.826924,0.0794369,-0.282874
0.826469,0.0742768,-0.282509
0.828765,0.0693622,-0.283238
0.823605,0.0638362,-0.281051
0.819337,0.0584437,-0.279228
0.816893,0.0532297,-0.278134
0.809769,0.0477671,-0.275218
0.818415,0.0432516,-0.278499
0.815874,0.0380949,-0.277405
0.815162,0.033049,-0.277041
0.818142,0.0281466,-0.278134
0.81923,0.0231537,-0.278499
0.824011,0.018236,-0.280322
0.828763,0.0132606,-0.282144
0.834415,0.00823795,-0.284332
0.838175,0.00313695,-0.28579
0.838178,-0.00200605,-0.28579
0.843737,-0.00718899,-0.287977
0.84647,-0.0124031,-0.289071
0.843585,-0.0175424,-0.287977
0.843462,-0.0227182,-0.287977
0.841445,-0.0278341,-0.287248
0.82637,-0.032433,-0.281415
0.835458,-0.0379122,-0.285061
0.8287,-0.0427113,-0.282509
0.823774,-0.0475335,-0.280686
0.819749,-0.052355,-0.279228
0.822199,-0.0575752,-0.280322
0.820902,-0.0625496,-0.279957
0.824215,-0.0678859,-0.281415
0.825639,-0.0731036,-0.282144
0.820539,-0.0777356,-0.280322
0.815413,-0.0823078,-0.278499
0.816745,-0.0875053,-0.279228
0.812491,-0.0921008,-0.27777
0.828556,-0.0990511,-0.284332
0.851034,-0.107007,-0.293445
0.925152,-0.121995,-0.322974
0.949296,-0.131079,-0.332817
0.981658,-0.14165,-0.345941
1.00103,-0.150698,-0.353961
1.01389,-0.158985,-0.359429
1.05242,-0.171605,-0.375105
1.07614,-0.182231,-0.384948
1.09977,-0.193154,-0.394791
1.0894,-0.198241,-0.391145
1.14583,-0.215719,-0.414112
2.32838,-0.451954,-0.886207
2.32282,-0.465684,-0.885113
2.30077,-0.475976,-0.877457
2.31056,-0.492797,-0.882561
2.30022,-0.50537,-0.879645
2.28072,-0.515786,-0.873083
2.28658,-0.531875,-0.876728
2.28237,-0.545679,-0.876364
2.27988,-0.559895,-0.876728
2.28363,-0.575691,-0.879645
2.27555,-0.588529,-0.877822
2.26919,-0.601765,-0.876728
2.29242,-0.622991,-0.887665
2.29932,-0.640036,-0.892039
0,0,0
0,0,0
0,0,0
0,0,0
0,0,0
0,0,0
0,0,0
2.251,-0.7474,-0.886207
2.23667,-0.757915,-0.882197
2.22582,-0.769498,-0.879645
2.21842,-0.782213,-0.878551
2.20306,-0.792035,-0.874176
2.18592,-0.801058,-0.869073
0,0,0
0,0,0
0,0,0
0,0,0
1.24421,-0.500284,-0.482648
0,0,0
0,0,0
1.17046,-0.495913,-0.455307
0,0,0
0,0,0
0,0,0
0,0,0
1.10138,-0.507099,-0.43234
1.09994,-0.514635,-0.433069
0,0,0
0,0,0
1.08275,-0.531111,-0.429788
1.08448,-0.540231,-0.431975
1.08031,-0.546455,-0.431611
1.07528,-0.552225,-0.430882
1.07187,-0.558812,-0.430882
0,0,0
1.08217,-0.581159,-0.438537
1.07531,-0.586009,-0.437079
1.06436,-0.588547,-0.433798
1.06885,-0.599615,-0.437443
0,0,0
0,0,0
1.06648,-0.624355,-0.441454
1.05542,-0.626615,-0.438173
1.06113,-0.638834,-0.442547
1.05719,-0.645333,-0.442547
0,0,0
1.99076,-1.24778,-0.877457
1.99093,-1.26496,-0.881103
1.98235,-1.27665,-0.880738
1.9698,-1.28574,-0.878551
1.9642,-1.29934,-0.879645
1.95852,-1.31292,-0.880738
1.94888,-1.32387,-0.880009
1.94226,-1.33686,-0.880738
1.93096,-1.34662,-0.87928
1.9257,-1.36059,-0.880738
1.92717,-1.37943,-0.885478
1.91339,-1.3874,-0.882926
1.89883,-1.39471,-0.880009
1.89024,-1.40633,-0.880009
1.8786,-1.41566,-0.878551
1.8795,-1.4345,-0.88329
1.87288,-1.44772,-0.884384
1.86323,-1.45861,-0.884019
1.8557,-1.47117,-0.884748
1.85027,-1.48544,-0.886571
1.8469,-1.50146,-0.889488
1.8355,-1.51099,-0.888394
1.82118,-1.51805,-0.885842
1.80187,-1.5208,-0.880738
1.80879,-1.54573,-0.889123
1.79786,-1.55558,-0.888394
1.78408,-1.5629,-0.886207
0,0,0
1.77517,-1.59401,-0.891675
1.75708,-1.59736,-0.8873
1.75273,-1.61315,-0.890217
1.72508,-1.60738,-0.880738
1.71518,-1.61793,-0.880738
1.71533,-1.63807,-0.886207
1.70323,-1.64662,-0.885113
1.69909,-1.6629,-0.888394
1.69084,-1.67526,-0.889488
1.68185,-1.68692,-0.890217
1.67669,-1.70252,-0.893133
1.66557,-1.7121,-0.892769
1.64987,-1.71692,-0.889852
1.64315,-1.73106,-0.892039
1.62485,-1.73297,-0.887665
1.60975,-1.73812,-0.885113
1.5978,-1.74659,-0.884384
1.59018,-1.75982,-0.886207
1.58121,-1.77163,-0.8873
1.57154,-1.78269,-0.888029
1.54344,-1.77264,-0.877822
1.54469,-1.7962,-0.885113
1.53846,-1.81132,-0.888029
1.52313,-1.81573,-0.885478
1.51136,-1.82432,-0.885113
1.49365,-1.82564,-0.881103
1.47656,-1.82753,-0.877457
1.46474,-1.83583,-0.877093
1.45172,-1.84259,-0.875999
1.43753,-1.84779,-0.874176
1.42276,-1.85214,-0.871989
1.41587,-1.86677,-0.874906
1.40662,-1.8784,-0.876364
1.39895,-1.89224,-0.878916
1.38731,-1.90079,-0.878916
1.37562,-1.90926,-0.878916
1.35848,-1.91008,-0.87527
1.34941,-1.92219,-0.877093
1.32963,-1.91896,-0.871625
1.31152,-1.91786,-0.86725
1.30911,-1.93976,-0.873812
1.3008,-1.95318,-0.876364
1.28674,-1.95801,-0.874906
1.28484,-1.98149,-0.882197
1.26764,-1.9815,-0.878551
1.25546,-1.98924,-0.878551
1.24077,-1.99295,-0.876728
1.22022,-1.98704,-0.870531
1.20704,-1.9929,-0.869802
1.19336,-1.99787,-0.868708
1.18155,-2.00596,-0.869073
1.17109,-2.01639,-0.870531
1.15407,-2.01546,-0.866885
1.14855,-2.03466,-0.872354
1.13559,-2.04086,-0.871989
1.12618,-2.0535,-0.874541
1.11711,-2.06692,-0.877457
1.09959,-2.0647,-0.873447
1.08343,-2.06481,-0.870531
1.06646,-2.06315,-0.866885
1.05463,-2.07132,-0.867615
1.04065,-2.07525,-0.866521
1.03161,-2.08911,-0.869802
1.01877,-2.0954,-0.869802
1.0067,-2.10329,-0.870531
0.992978,-2.10775,-0.869802
0.979635,-2.11295,-0.869437
0.967038,-2.11977,-0.869802
0.955159,-2.12821,-0.870896
0.940576,-2.13063,-0.869437
0.927485,-2.13636,-0.869437
0.912895,-2.13859,-0.867979
0.900117,-2.145,-0.868344
0,0,0
0.865322,-2.13518,-0.859594
0.855653,-2.1491,-0.86324
0.842451,-2.15431,-0.86324
0.829885,-2.16118,-0.863969
0.822857,-2.18278,-0.870896
0.813331,-2.19827,-0.87527
0.800146,-2.20409,-0.875635
0.788483,-2.21422,-0.877822
0.773038,-2.21374,-0.875635
0.759138,-2.21756,-0.87527
0,0,0
0,0,0
0,0,0
0,0,0
0,0,0
0,0,0
0,0,0
0,0,0
0,0,0
0,0,0
0,0,0
0,0,0
0,0,0
0,0,0
0,0,0
0,0,0
0,0,0
0,0,0
0,0,0
0,0,0
0,0,0
0,0,0
0,0,0
0,0,0
0,0,0
0,0,0
0,0,0
0,0,0
0,0,0
0,0,0
0,0,0
0,0,0
0,0,0
0,0,0
0,0,0
0,0,0
0,0,0
0,0,0
0,0,0
0,0,0
0,0,0
0,0,0
0,0,0
0,0,0
0,0,0
0,0,0
0,0,0
0,0,0
0,0,0
0,0,0
0,0,0
0,0,0
0,0,0
0,0,0
0,0,0
0,0,0
0,0,0
0,0,0
0,0,0
0,0,0
0,0,0
0,0,0
0,0,0
0,0,0
0,0,0
0,0,0
0,0,0
0,0,0
0,0,0
0,0,0
0,0,0
0,0,0
0,0,0
0,0,0
0,0,0
0,0,0
0,0,0
0,0,0
0,0,0
0,0,0
0,0,0
0,0,0
0,0,0
0,0,0
0,0,0
0,0,0
0,0,0
0,0,0
0,0,0
0,0,0
0,0,0
0,0,0
0,0,0
0,0,0
0,0,0
0,0,0
0,0,0
0,0,0
0,0,0
0,0,0
0,0,0
0,0,0
0,0,0
0,0,0
0,0,0
0,0,0
0,0,0
0,0,0
0,0,0
0,0,0
0,0,0
0,0,0
0,0,0
0,0,0
0,0,0
0,0,0
0,0,0
0,0,0
0,0,0
0,0,0
0,0,0
0,0,0
0,0,0
0,0,0
0,0,0
0,0,0
0,0,0
0,0,0
0,0,0
0,0,0
0,0,0
0,0,0
0,0,0
0,0,0
0,0,0
0,0,0
0,0,0
0,0,0
0,0,0
0,0,0
0,0,0
0,0,0
0,0,0
0,0,0
0,0,0
0,0,0
0,0,0
0,0,0
0,0,0
0,0,0
0,0,0
0,0,0
0,0,0
0,0,0
0,0,0
0,0,0
0,0,0
0,0,0
0,0,0
0,0,0
0,0,0
0,0,0
0,0,0
0,0,0
0,0,0
0,0,0
0,0,0
0,0,0
0,0,0
0,0,0
0,0,0
0,0,0
0,0,0
0,0,0
0,0,0
0,0,0
0,0,0
0,0,0
0,0,0
0,0,0
0,0,0
0,0,0
0,0,0
0,0,0
0,0,0
0,0,0
0,0,0
0,0,0
0,0,0
0,0,0
0,0,0
0,0,0
0,0,0
0,0,0
0,0,0
0,0,0
0,0,0
0,0,0
0,0,0
0,0,0
0,0,0
0,0,0
0,0,0
0,0,0
0,0,0
0,0,0
0,0,0
0,0,0
0,0,0
0,0,0
0,0,0
0,0,0
0,0,0
0,0,0
0,0,0
0,0,0
0,0,0
0,0,0
0,0,0
0,0,0
0,0,0
0,0,0
0,0,0
0,0,0
0,0,0
0,0,0
0,0,0
0,0,0
0,0,0
0,0,0
0,0,0
0,0,0
0,0,0
0,0,0
0,0,0
0,0,0
0,0,0
0,0,0
0,0,0
0,0,0
0,0,0
0,0,0
0,0,0
0,0,0
0,0,0
0,0,0
0,0,0
0,0,0
0,0,0
0,0,0
0,0,0
0,0,0
0,0,0
0,0,0
0,0,0
0,0,0
0,0,0
0,0,0
0,0,0
0,0,0
0,0,0
0,0,0
0,0,0
0,0,0
0,0,0
0,0,0
0,0,0
0,0,0
0,0,0
0,0,0
0,0,0
0,0,0
0,0,0
0,0,0
0,0,0
0,0,0
0,0,0
0,0,0
0,0,0
0,0,0
0,0,0
0,0,0
0,0,0
0,0,0
0,0,0
0,0,0
0,0,0
0,0,0
0,0,0
0,0,0
0,0,0
0,0,0
0,0,0
0,0,0
0,0,0
0,0,0
0,0,0
